60 
300 
290 1742
330 1845
545 2377
702 2661
487 2269
336 2061
870 3091
63 849
493 2248
243 1608
719 2785
516 2271
591 2715
580 2661
893 3207
771 2926
493 2347
708 2898
58 820
841 3036
673 2737
208 1570
162 1388
516 2372
336 2019
412 2230
725 2793
789 3053
75 949
702 2855
667 2589
133 1219
174 1484
174 1414
290 1722
562 2562
678 2792
75 922
249 1610
359 2038
562 2519
98 1072
893 3206
893 3272
168 1388
870 3197
487 2294
197 1502
441 2226
777 2928
481 2304
319 1869
295 1886
290 1727
882 3111
632 2630
922 3179
156 1425
847 3209
313 1924
6 25 29 15 30 18 30 32 15 18 26 9 18 20 22 5 18 12 22 31 16 34 33 7 6 25 16 19 31 19 12 26 5 20 11 22 9 31 6 8 27 33 7 6 22 21 34 16 31 21 11 23 16 16 10 30 19 19 19 28 17 19 33 6 13 15 16 20 30 30 30 11 5 14 24 17 6 25 6 16 33 19 26 13 5 26 21 25 26 10 31 30 16 14 28 29 26 17 18 10 17 14 22 26 21 23 18 30 25 26 15 30 33 15 30 6 27 8 20 5 29 25 6 5 20 26 19 26 31 25 8 6 24 30 5 21 24 7 22 26 15 21 9 17 12 32 8 26 6 13 26 17 28 19 13 26 21 34 6 5 7 29 12 14 26 8 11 9 19 26 11 27 25 12 20 26 28 34 16 21 15 15 9 28 10 24 15 29 8 12 28 22 14 24 10 14 24 8 29 32 18 30 30 33 8 9 28 30 23 16 22 13 7 10 28 7 20 13 31 24 30 14 29 30 23 8 5 30 18 12 11 12 24 18 28 8 30 17 10 33 32 7 13 32 18 13 27 30 16 7 7 5 5 19 32 34 25 22 13 15 16 14 34 21 34 7 8 18 5 30 6 20 22 31 24 13 28 20 9 34 30 6 12 31 19 31 29 26 24 15 17 13 32 29 19 27 26 6 7 10 
9 32 32 15 35 17 36 32 18 17 26 8 17 26 29 12 22 14 29 36 18 34 37 14 7 34 20 24 31 23 18 26 11 25 17 25 15 40 10 14 32 36 13 7 25 27 36 19 39 22 13 23 22 20 16 29 21 25 20 34 21 21 39 7 19 16 21 26 32 29 34 15 10 20 28 23 11 30 10 16 39 23 33 20 8 32 27 34 31 17 36 32 23 13 35 32 30 20 20 9 24 22 26 31 23 25 26 34 30 31 22 31 35 21 35 8 29 8 27 9 36 32 11 5 20 27 21 32 37 25 10 8 29 34 8 28 25 13 29 33 21 21 14 17 14 36 9 31 14 19 28 21 33 26 13 27 27 40 11 10 9 33 11 21 32 16 15 13 25 30 14 33 30 15 23 25 31 39 23 28 17 24 14 33 12 24 15 37 15 19 33 26 17 27 14 22 29 12 33 33 25 36 35 37 16 12 27 31 24 21 21 17 8 16 34 11 27 16 38 26 35 15 36 35 29 14 10 38 18 16 13 18 31 25 34 13 33 19 15 36 40 11 19 39 20 13 35 34 16 8 10 11 12 18 37 38 29 24 15 22 21 15 39 23 40 9 9 21 10 37 13 20 29 33 27 16 29 26 14 37 33 9 13 35 23 37 28 28 29 23 23 17 34 31 25 32 30 6 11 17 
10 28 35 17 36 19 37 33 19 20 31 12 21 28 29 10 22 15 29 40 21 38 37 15 7 34 23 26 34 26 18 28 11 22 16 29 11 40 8 16 35 35 15 10 27 27 34 22 39 25 13 27 21 21 19 32 25 24 21 37 16 19 37 7 15 17 20 28 34 31 39 13 10 23 24 20 14 29 8 19 36 26 31 16 8 31 25 34 34 16 38 33 21 16 37 35 28 23 22 12 25 22 27 31 24 25 27 35 28 29 22 35 36 20 39 12 30 10 26 5 34 33 6 10 23 29 26 30 36 27 12 10 31 31 11 30 25 15 27 29 20 26 17 20 16 34 12 35 14 15 29 23 37 26 15 31 29 38 9 14 9 29 15 17 35 17 15 11 25 31 12 36 29 12 22 28 35 38 19 24 22 24 16 35 16 27 17 35 15 16 37 22 20 29 17 21 28 12 29 37 21 38 39 41 15 13 31 32 24 25 24 18 9 15 31 12 23 15 39 28 32 19 32 34 29 11 6 38 22 16 13 17 33 26 35 15 36 20 18 38 41 10 15 40 24 17 36 37 20 12 12 9 13 22 39 34 31 24 16 18 18 15 43 23 39 12 13 22 10 39 12 24 29 35 25 18 30 24 10 39 36 10 15 38 26 39 32 32 32 24 23 18 36 31 28 36 29 10 16 13 
4 8 4 7 0 5 1 7 5 6 8 6 7 1 1 4 2 10 0 8 5 8 4 2 6 1 5 5 8 5 0 6 0 6 3 8 6 0 6 2 5 6 3 7 4 0 6 6 0 9 9 8 3 2 5 7 6 0 4 7 7 7 4 5 8 5 4 3 10 5 8 6 3 4 8 7 5 4 5 8 5 5 4 7 5 2 4 1 6 2 3 10 4 6 3 4 6 6 10 7 0 0 2 1 3 10 0 1 4 5 0 9 4 3 7 6 10 5 0 8 3 1 7 8 5 9 7 4 2 6 10 10 3 6 6 3 6 3 3 7 3 8 5 8 10 6 9 8 0 6 10 5 6 0 8 8 2 4 4 8 9 6 8 6 5 1 2 5 0 2 7 5 3 8 6 8 6 3 8 6 8 1 4 4 7 8 6 2 0 5 7 8 5 3 5 0 4 2 8 8 7 2 8 8 0 5 8 5 5 7 7 4 5 0 5 2 7 5 1 10 6 7 7 3 2 5 6 0 8 4 8 2 4 2 2 3 5 10 5 4 2 5 6 1 6 8 1 4 8 7 3 5 2 7 4 8 4 9 3 6 5 5 7 4 0 6 8 2 3 2 2 8 1 10 8 3 5 5 6 11 4 3 4 5 4 3 6 6 5 0 0 2 10 9 3 7 5 8 8 8 
3 9 1 4 3 3 3 5 3 4 4 4 4 2 3 6 2 8 5 3 2 4 4 2 4 5 0 0 5 0 4 4 3 6 6 4 8 5 6 2 0 5 1 4 3 4 5 2 4 6 7 5 6 1 1 4 2 3 3 2 7 6 6 4 9 3 5 1 8 3 3 6 4 1 8 9 0 4 6 5 6 1 7 9 4 4 6 5 1 6 1 8 6 4 2 0 6 1 7 4 4 5 2 3 2 8 4 2 6 6 5 5 2 5 2 2 7 3 5 8 6 3 7 4 2 7 3 6 5 3 7 7 1 7 2 2 4 1 6 9 5 5 0 5 7 6 6 3 4 7 7 1 1 4 5 5 2 6 5 3 6 7 4 8 1 4 3 6 3 1 6 1 4 7 5 5 1 4 9 8 3 4 1 0 3 5 4 6 4 7 2 7 0 0 0 5 4 2 7 4 9 2 3 3 5 3 4 3 4 2 4 2 4 3 6 1 8 5 4 7 7 4 8 5 5 7 7 5 4 4 6 5 2 2 2 1 2 7 0 2 4 5 8 3 2 5 3 0 4 3 0 6 2 4 0 7 1 7 2 8 6 4 2 3 3 2 5 2 4 3 5 5 3 7 7 0 3 7 7 8 1 2 2 0 0 1 3 2 0 5 4 1 7 7 1 2 5 4 3 9 
3 8 2 5 1 3 2 5 3 4 5 4 5 1 2 5 1 8 3 4 3 5 4 1 5 3 2 1 5 2 3 4 2 6 5 5 7 4 6 1 2 5 0 4 2 3 5 3 3 6 7 5 5 0 1 4 3 2 3 4 6 6 5 4 8 3 4 0 8 3 4 6 3 1 8 8 1 4 5 5 6 2 6 8 4 3 5 3 2 5 0 8 5 4 1 1 5 2 8 5 3 3 1 2 2 8 3 1 5 6 3 6 2 4 4 3 8 3 3 8 5 2 7 5 3 7 4 5 4 4 8 8 0 6 3 1 5 0 5 8 5 5 1 6 8 5 7 4 3 7 8 2 2 2 6 5 1 5 5 4 7 6 5 7 2 3 2 6 2 0 6 2 4 7 5 5 2 4 8 8 4 3 0 0 4 6 4 5 3 6 4 7 1 0 1 3 4 2 7 5 8 0 4 4 3 3 5 3 4 3 5 2 4 2 6 0 8 5 2 8 6 4 8 4 4 6 6 3 5 4 7 4 1 1 0 0 2 8 1 2 2 5 7 1 3 5 2 1 5 4 0 6 1 5 0 7 1 7 2 7 5 4 3 3 2 3 6 1 4 1 4 6 2 8 7 0 3 6 6 9 1 1 2 1 1 0 4 3 2 3 3 0 8 7 1 4 4 5 4 9 
9 34 31 17 35 19 35 35 17 20 27 10 19 25 28 12 21 17 29 33 18 35 38 12 9 33 18 22 33 20 18 27 10 26 18 23 16 39 11 13 29 37 11 7 25 27 38 16 38 23 15 24 23 19 14 31 20 24 21 31 23 23 40 9 21 17 21 25 35 31 32 16 10 18 30 25 9 30 12 17 40 21 34 21 9 32 27 33 28 17 35 35 23 15 34 30 31 17 22 11 24 21 25 31 23 28 25 34 31 32 22 31 35 22 33 6 32 9 27 11 36 31 12 6 20 30 19 33 37 26 11 10 28 36 6 26 27 11 30 34 21 22 11 19 16 37 11 29 13 20 31 19 31 25 15 27 26 41 12 7 11 35 13 22 30 15 15 15 24 29 16 31 30 17 24 28 29 39 24 29 15 22 12 31 10 26 17 37 15 20 31 28 15 26 11 21 29 11 35 33 27 35 32 35 15 12 29 32 26 19 23 16 9 15 35 10 28 17 37 28 37 15 37 35 29 15 11 37 19 17 15 18 29 23 32 12 31 22 13 35 39 12 20 38 18 15 33 33 17 7 9 12 11 20 35 40 28 26 15 23 22 17 36 24 39 8 9 21 10 36 13 21 28 35 29 15 30 27 15 39 32 9 14 33 21 36 30 27 27 23 23 16 36 33 24 29 31 7 9 19 
1 8 1 2 3 1 4 3 1 2 2 1 2 4 4 6 1 5 5 3 1 2 3 4 2 6 1 1 3 1 4 1 4 5 5 2 6 6 4 3 2 4 2 2 2 4 3 1 5 4 5 3 5 1 3 2 0 4 1 3 5 4 5 2 7 2 4 3 5 1 3 4 3 3 6 7 2 3 4 2 5 1 6 7 3 4 5 6 2 6 2 6 6 1 4 0 4 1 5 2 5 6 2 3 1 5 5 2 5 5 5 3 1 5 3 0 5 1 5 6 6 5 6 2 0 4 2 5 4 1 5 5 2 5 0 4 2 3 6 7 5 2 2 3 5 4 4 3 5 6 5 0 3 5 3 3 3 5 4 3 4 5 2 7 3 5 2 5 4 1 4 3 4 5 4 2 1 4 7 7 2 6 2 2 1 3 2 6 5 6 3 6 0 0 1 5 3 2 5 2 8 3 3 2 5 1 2 2 2 3 2 1 2 4 5 1 7 4 5 5 5 1 7 4 5 6 5 5 2 4 4 4 4 4 3 2 0 5 2 1 5 4 6 4 0 2 5 1 2 1 0 5 4 2 2 5 1 4 1 7 4 2 3 2 4 0 3 1 4 4 5 3 4 5 5 0 1 6 5 6 1 1 1 1 1 3 1 0 2 6 4 1 5 5 3 3 4 2 3 8 
33 135 147 79 154 93 154 165 78 94 134 49 94 103 114 32 93 68 116 157 83 174 170 38 35 131 79 96 160 94 65 134 29 107 62 113 53 161 37 43 135 171 37 34 113 110 175 82 160 110 62 119 87 82 51 154 97 99 98 141 92 101 172 35 74 79 86 102 158 153 152 62 30 71 128 94 30 130 37 84 172 96 137 74 30 135 112 130 130 57 157 158 87 74 143 144 136 85 97 54 90 76 113 134 108 123 95 153 131 137 81 155 168 81 151 32 142 43 106 33 152 129 38 29 102 136 97 137 161 128 47 37 122 157 26 107 125 37 117 139 81 109 44 90 67 166 46 132 35 73 137 86 140 100 70 134 108 177 36 27 42 152 64 79 131 45 58 52 99 132 61 136 130 67 106 135 141 175 90 114 77 80 47 141 53 125 79 152 45 68 141 118 69 121 49 76 125 43 153 164 100 153 152 167 46 48 144 154 120 81 114 67 39 54 147 37 109 71 160 127 158 73 154 155 121 48 32 156 94 65 62 66 122 93 143 42 152 92 50 167 164 41 73 164 92 70 139 151 84 38 36 32 28 99 161 177 127 117 68 84 86 74 171 109 174 37 44 93 30 153 36 104 114 162 127 66 144 108 52 178 152 33 63 156 94 157 148 132 120 81 90 67 167 152 97 136 136 34 37 60 
4 8 3 6 0 4 1 7 4 6 7 6 7 0 1 5 2 10 2 6 4 7 4 1 6 1 4 3 7 4 1 5 1 6 4 7 7 2 6 0 4 6 2 6 4 1 6 5 1 8 9 7 4 1 3 6 5 1 4 6 7 7 5 5 8 4 4 1 10 5 6 6 3 3 8 8 3 4 6 7 6 4 5 8 5 3 5 1 4 4 2 10 5 6 1 3 6 4 10 6 1 2 1 1 3 9 1 1 5 6 1 8 3 4 6 5 10 5 2 8 4 0 7 7 5 9 6 5 3 5 10 9 1 7 5 2 6 2 4 8 4 7 3 7 9 6 9 6 1 7 9 4 4 1 7 7 1 5 5 6 8 7 7 7 3 0 2 6 1 1 7 4 4 8 6 7 5 4 8 7 6 1 2 2 6 7 6 3 1 6 6 8 3 1 4 2 4 2 8 7 8 1 7 6 1 4 7 5 5 6 6 3 5 1 5 1 7 6 0 10 6 6 8 4 3 6 6 2 7 4 8 3 2 0 1 2 4 10 3 3 0 5 7 0 5 7 0 3 7 6 2 5 0 7 3 8 3 8 3 7 6 5 6 4 1 5 8 2 3 0 3 7 0 10 8 2 4 6 7 10 3 2 4 3 3 1 6 5 4 1 1 1 10 9 2 6 5 7 7 8 
14 56 61 29 65 34 65 64 32 35 53 17 36 46 50 15 39 27 50 67 34 69 69 20 12 58 36 42 62 42 29 51 15 43 27 47 23 70 15 22 59 68 19 13 47 47 69 35 69 44 24 47 37 35 26 59 41 43 38 62 37 39 71 12 31 30 36 45 63 58 65 25 14 34 51 39 17 54 15 33 71 41 58 32 12 57 47 58 57 26 67 63 38 27 63 61 54 37 39 19 40 35 47 56 43 48 43 63 54 56 36 62 67 35 65 14 57 15 46 13 64 57 16 11 40 54 41 57 67 49 19 14 53 63 13 49 48 19 50 58 35 43 23 34 26 67 18 58 19 30 54 37 61 44 26 54 48 73 16 15 15 61 24 34 58 23 25 21 43 55 24 60 54 26 42 52 59 72 38 48 33 38 22 60 22 49 29 65 22 29 62 47 31 51 24 35 52 19 61 66 42 66 65 70 23 20 56 60 46 38 43 29 14 25 61 17 46 28 69 51 64 29 64 64 51 21 14 67 37 27 23 29 54 42 61 20 62 37 25 69 71 17 31 70 38 26 61 64 33 16 17 15 16 38 68 71 54 45 27 36 35 28 73 43 73 16 18 38 14 67 18 41 50 65 50 29 56 45 22 71 63 14 24 66 42 68 57 54 53 38 39 29 67 60 44 59 55 13 19 26 
4 5 5 6 1 4 3 5 5 5 8 6 6 4 3 1 2 9 2 9 5 8 3 5 4 4 7 6 7 7 0 5 1 3 0 9 4 3 4 4 7 4 5 7 4 0 4 7 3 8 8 8 1 3 7 6 7 0 3 9 4 6 1 4 5 4 2 5 9 4 9 4 2 7 6 4 7 2 3 7 2 6 0 4 3 1 2 4 8 0 5 9 1 5 5 6 4 7 9 6 3 2 2 0 3 8 4 2 2 3 1 8 3 0 9 7 9 5 0 6 0 4 4 7 5 8 8 1 1 5 9 9 5 4 7 6 5 5 0 4 1 8 7 7 9 4 8 9 3 3 8 6 8 3 7 8 4 1 2 9 7 4 7 3 7 4 1 3 1 3 5 7 2 6 4 7 7 2 5 3 8 4 5 5 7 7 5 0 1 2 9 5 6 4 7 2 2 2 5 8 4 5 9 9 1 4 7 4 4 9 6 4 4 0 2 3 3 4 3 9 3 7 4 2 1 2 3 2 7 2 7 1 6 4 4 4 6 9 7 5 5 3 4 3 7 7 4 6 7 7 4 2 4 6 6 5 5 7 3 3 3 4 8 3 0 6 8 2 2 5 1 8 3 9 6 4 4 2 4 10 5 2 3 6 6 5 6 6 7 3 0 2 9 8 6 9 3 8 9 5 
3 3 4 2 4 0 5 1 3 2 4 2 3 6 5 3 2 4 5 8 3 4 2 6 0 7 6 6 3 6 4 1 4 0 3 6 2 7 0 6 6 0 6 4 3 4 0 5 6 4 3 4 3 3 7 2 5 3 1 8 0 1 2 0 2 0 2 6 5 0 8 0 3 7 2 2 7 2 1 4 2 5 4 3 1 3 2 7 7 4 6 4 3 2 7 5 0 5 5 2 6 6 3 3 1 4 7 3 1 1 5 5 1 3 8 5 4 1 4 2 3 6 1 4 2 4 6 2 3 2 5 5 5 0 5 7 1 6 4 3 3 4 7 3 4 0 4 8 6 1 4 5 7 5 3 5 6 2 1 8 3 0 3 3 7 7 2 0 4 3 0 8 2 1 0 3 6 2 3 3 6 7 5 5 5 3 2 5 5 2 8 1 5 4 6 5 2 2 1 5 3 6 8 7 5 3 3 0 0 8 2 4 0 3 2 4 3 0 6 5 1 4 2 2 4 2 0 6 4 2 2 3 7 6 5 5 4 4 7 4 7 1 2 6 5 3 7 5 4 5 4 2 6 3 6 1 4 3 1 3 1 0 7 0 3 4 5 2 3 7 4 4 6 5 2 4 1 2 0 6 4 2 1 5 6 7 2 4 7 7 4 3 5 3 7 8 1 4 8 3 
0 7 0 2 2 1 2 3 0 2 3 2 3 3 3 4 0 6 4 4 0 3 2 3 2 5 2 2 3 2 3 2 2 4 4 4 5 5 4 3 2 3 2 2 0 3 3 2 4 4 5 3 4 0 3 2 2 2 0 4 4 4 4 2 6 1 3 2 6 1 4 4 2 3 5 6 3 2 4 3 4 1 5 6 2 3 4 5 3 4 2 6 5 2 4 1 3 2 6 2 4 4 0 2 0 6 4 0 3 4 4 4 0 4 4 2 6 1 4 5 4 4 5 3 1 5 3 4 3 1 6 5 2 4 2 4 2 2 5 6 4 3 2 3 5 3 5 4 4 5 5 1 3 3 3 4 3 4 3 4 4 4 3 6 3 4 1 4 2 0 4 4 2 4 3 3 2 3 7 6 3 5 1 1 3 3 2 5 4 5 4 5 1 0 2 4 2 1 5 4 7 2 4 4 4 0 3 1 2 4 2 0 1 2 4 0 6 3 4 6 5 2 6 3 3 5 4 4 3 2 4 3 3 3 2 1 1 6 3 0 4 3 5 3 2 3 4 1 3 3 0 4 3 3 1 5 0 5 0 6 3 2 4 1 2 1 4 0 3 3 4 4 3 6 4 0 1 5 4 6 0 0 0 1 2 3 2 1 3 5 3 0 6 5 3 4 3 3 4 7 
3 2 5 3 3 2 4 3 4 3 6 4 4 5 5 1 2 6 4 9 4 5 1 6 2 7 7 6 5 6 3 3 3 0 2 7 1 5 1 5 7 2 6 5 3 3 1 6 5 6 5 5 1 3 8 3 6 2 2 9 1 3 1 1 2 1 1 6 6 2 8 1 2 7 3 2 7 2 0 5 0 6 2 2 2 3 0 7 8 3 6 6 2 3 7 5 1 6 7 4 5 5 3 2 2 5 6 2 0 0 4 6 2 2 9 5 6 3 3 3 2 6 1 5 3 5 7 1 2 3 7 6 5 1 6 7 2 6 2 2 1 6 7 5 6 1 6 9 5 1 5 5 8 5 4 6 6 1 1 9 4 1 5 1 8 6 2 0 3 3 2 8 2 3 2 4 6 2 2 2 7 6 5 6 6 5 3 3 4 1 9 2 6 4 6 4 2 2 2 6 2 6 9 8 4 3 5 1 1 9 4 4 2 3 0 4 2 1 5 6 0 5 2 2 3 0 0 5 5 1 4 2 7 6 5 5 5 6 7 4 7 0 1 5 5 5 6 6 5 6 4 0 6 4 6 2 5 5 2 1 0 1 8 1 3 5 6 2 2 6 3 5 5 7 3 4 2 1 1 7 5 2 2 5 6 6 3 5 7 6 3 3 7 5 7 8 1 5 9 2 
2 8 1 3 4 1 4 3 2 2 2 2 2 4 5 6 2 6 6 2 1 2 4 4 3 6 1 1 3 0 5 2 4 6 6 2 7 7 5 4 1 4 3 2 2 5 4 0 5 4 5 3 6 1 3 2 0 4 2 3 6 4 6 3 8 2 5 3 6 1 2 5 4 3 6 8 2 4 5 3 6 0 7 8 4 5 6 6 2 6 3 6 7 2 4 0 5 0 5 2 5 6 2 4 2 6 6 2 5 6 6 3 2 6 2 0 6 1 6 6 6 5 6 2 1 5 1 6 5 2 5 5 3 6 0 4 3 3 7 8 6 3 1 3 5 5 4 3 6 7 5 1 2 5 3 3 4 6 5 2 5 6 2 8 3 6 3 5 4 2 5 3 4 5 4 3 0 5 8 8 1 6 2 2 1 3 2 7 6 7 3 6 0 1 0 6 4 3 6 2 8 3 2 2 6 2 2 2 3 2 2 2 2 4 6 2 8 4 5 5 6 2 8 5 5 6 6 6 2 4 5 5 4 4 3 3 0 6 2 1 5 5 7 4 0 3 5 1 2 1 1 6 4 2 2 6 1 5 2 8 5 3 2 3 4 0 3 2 5 4 6 3 4 5 5 1 2 7 6 6 1 2 1 1 1 3 2 0 2 6 5 2 5 5 3 2 4 2 2 9 
3 5 3 4 1 2 2 4 3 4 6 4 5 3 2 1 0 7 2 8 3 6 1 4 3 4 5 5 6 5 0 3 0 3 0 7 3 3 3 3 6 3 4 5 2 0 3 5 3 7 6 6 1 2 6 4 5 0 2 8 4 4 1 2 5 2 1 4 8 3 8 3 0 5 5 4 5 1 2 6 2 5 1 4 2 0 1 4 6 1 4 7 1 4 5 4 3 5 8 4 2 2 1 0 1 7 3 0 1 2 1 7 1 0 7 5 7 3 1 5 1 4 3 6 3 7 7 1 0 4 8 8 3 3 5 5 3 4 1 4 0 6 6 6 7 3 7 8 3 3 7 4 6 2 5 7 3 1 1 8 6 3 5 3 6 4 0 2 1 1 4 6 0 5 3 5 5 0 5 4 7 4 4 4 6 6 4 1 1 2 7 5 5 2 5 2 1 0 4 6 4 4 8 7 2 3 5 2 2 7 4 3 3 0 2 2 4 3 3 7 3 6 4 0 0 2 3 2 6 1 5 0 5 3 3 3 4 7 6 3 4 2 3 3 5 5 3 4 6 6 2 1 4 5 4 5 3 6 1 3 2 3 7 2 0 4 7 1 0 4 0 6 3 8 5 2 2 2 3 8 4 1 2 4 5 4 4 5 6 3 0 1 8 6 5 7 2 6 8 5 
4 9 3 6 1 5 2 7 4 6 7 6 7 1 2 6 2 10 3 6 4 7 5 0 6 2 3 3 7 3 2 6 2 7 5 7 8 3 7 1 3 7 1 6 4 3 6 5 2 8 9 7 5 1 2 6 5 2 4 5 8 8 6 6 9 5 5 1 10 5 6 7 4 2 9 9 2 4 6 7 6 4 6 9 5 4 6 2 3 5 1 10 6 6 0 3 7 4 10 6 2 3 2 2 3 10 1 2 6 6 2 8 3 5 5 5 10 5 3 9 5 0 8 7 5 9 6 6 4 5 9 9 1 7 4 1 6 1 5 9 5 7 3 7 9 7 9 5 2 8 9 3 3 2 7 7 1 6 6 6 8 8 7 8 2 1 2 7 2 1 7 3 4 8 6 7 4 4 9 8 6 2 2 2 6 7 6 4 2 7 5 9 3 1 3 3 4 2 8 7 9 1 6 6 2 4 7 5 6 5 6 3 5 2 6 1 8 6 1 10 7 6 9 4 4 7 7 3 7 5 8 4 1 0 1 2 4 10 2 3 1 6 8 1 5 7 1 3 7 6 1 6 0 7 2 8 3 9 3 8 6 6 5 5 2 5 7 2 4 0 4 7 1 10 8 2 5 7 7 10 3 3 4 3 2 1 6 5 3 2 2 1 10 9 1 5 6 7 6 9 
6 0 7 5 6 4 7 5 6 5 8 6 6 8 7 3 5 7 7 11 7 7 4 9 4 9 10 9 7 9 5 5 5 2 4 10 1 7 3 8 10 4 9 8 6 5 3 9 8 8 6 7 3 6 10 6 9 5 4 12 2 4 3 3 1 4 4 9 8 4 11 3 5 10 4 0 10 4 3 7 2 9 3 0 4 5 3 9 10 5 8 7 3 5 10 8 3 9 8 6 7 7 5 4 5 6 8 5 3 3 6 8 5 4 11 8 7 5 5 4 4 8 0 8 6 7 10 3 5 6 8 8 8 2 9 10 4 9 4 0 4 8 10 7 8 3 8 12 7 1 7 8 11 7 6 9 8 3 3 11 6 1 7 1 10 9 4 3 5 6 4 11 4 4 4 6 9 4 0 0 10 9 8 8 9 7 5 5 6 2 12 3 9 7 9 7 4 4 3 9 0 9 11 11 6 6 7 4 4 11 6 7 4 5 2 6 0 4 8 7 2 8 0 4 5 2 0 7 8 4 5 5 10 8 8 8 8 7 10 7 9 3 1 8 8 7 8 9 7 8 7 3 9 6 9 3 8 6 5 1 3 4 11 4 5 8 9 5 4 9 5 7 8 8 4 7 4 2 2 9 8 5 5 8 9 9 6 8 10 8 5 6 8 6 9 11 4 7 11 0 
34 132 149 81 150 94 151 166 79 96 138 51 97 101 110 28 92 70 110 163 85 178 169 37 35 126 85 99 163 100 60 135 25 106 58 118 51 156 36 42 140 171 38 37 114 105 175 86 155 114 64 123 83 82 55 156 101 95 99 147 91 102 169 35 72 79 84 102 160 155 158 60 27 74 128 92 34 128 35 88 170 100 133 72 29 132 109 126 136 52 158 160 83 76 143 149 136 90 100 56 85 70 111 130 108 124 91 151 129 135 75 158 168 77 157 36 145 45 100 33 148 126 36 32 105 139 102 134 157 131 50 40 123 156 31 108 126 38 113 137 78 113 50 93 69 165 49 137 30 71 139 90 146 95 72 138 107 174 34 32 43 151 67 76 135 41 56 50 94 131 61 140 128 67 106 137 146 173 87 111 82 76 48 144 57 128 81 147 40 65 147 117 75 122 55 70 123 42 152 168 97 152 158 172 40 49 147 154 120 87 116 69 40 50 144 37 106 70 155 130 156 77 152 153 117 45 30 150 97 63 63 62 123 92 142 42 155 95 55 169 162 39 71 161 96 72 136 154 88 42 37 29 27 102 164 177 129 118 68 81 85 75 177 109 170 40 48 92 28 152 32 108 111 165 127 67 144 105 51 181 154 32 64 159 99 158 151 135 125 76 85 66 170 154 98 142 134 38 43 57 
4 10 2 5 3 4 3 6 4 5 5 5 5 3 4 7 3 8 5 3 3 5 5 2 5 5 0 1 6 0 4 4 3 7 6 4 8 6 7 2 1 6 1 5 3 5 6 3 4 7 8 5 6 1 0 5 3 4 4 2 8 7 7 5 10 4 6 1 9 4 3 7 5 0 9 9 0 5 7 5 7 2 7 10 5 5 7 4 1 6 1 9 7 5 2 0 7 1 8 5 4 5 2 4 3 8 4 2 6 7 5 6 3 6 2 3 8 4 5 9 7 3 8 5 3 7 3 7 5 4 8 8 2 7 2 1 5 1 7 9 6 5 0 6 8 7 7 3 4 8 8 2 1 4 6 5 2 7 6 3 7 8 5 9 0 4 3 7 3 2 7 0 5 8 6 6 2 5 10 9 3 4 1 1 4 6 5 6 5 8 2 8 1 1 0 5 5 3 8 5 10 2 3 3 5 4 5 4 5 2 5 3 4 4 7 1 9 6 4 8 8 4 9 5 5 7 7 5 5 5 7 5 1 2 2 2 3 8 0 3 3 6 8 3 3 5 3 1 5 4 1 7 2 5 1 8 2 7 3 9 7 5 2 4 4 3 5 3 5 2 6 6 3 8 8 1 4 8 8 9 2 3 3 1 0 1 4 3 1 4 4 2 8 8 1 2 6 5 3 10 
3 8 3 1 6 0 6 2 3 1 0 0 0 6 7 7 4 4 8 3 2 0 5 6 3 9 3 4 1 2 7 1 6 6 7 1 7 9 5 6 4 4 5 1 4 7 3 2 8 1 3 0 7 3 5 1 2 6 2 4 5 3 7 3 8 2 6 6 4 0 3 5 6 5 5 8 4 5 6 0 7 3 8 8 4 6 7 9 4 8 5 4 8 1 7 2 5 1 3 1 7 8 4 6 3 4 8 4 6 6 8 0 2 7 3 1 4 1 7 5 8 7 6 0 1 3 1 7 7 1 2 3 5 6 2 6 2 5 8 8 7 1 3 1 3 5 2 4 8 7 4 3 4 7 1 0 6 7 6 3 3 5 0 8 5 8 4 6 6 4 4 5 6 5 4 1 2 6 8 8 1 8 4 4 1 1 1 8 7 8 4 6 2 3 2 8 5 4 5 0 8 6 3 3 8 3 0 2 3 4 1 4 2 6 7 4 8 4 7 3 6 0 8 6 7 7 6 8 1 5 3 7 6 6 5 5 2 4 4 3 8 6 7 7 1 1 7 4 0 0 3 7 7 1 4 5 4 3 3 8 6 2 3 3 6 2 0 3 6 7 7 0 6 3 4 3 2 8 6 4 3 3 2 3 3 6 0 2 4 8 6 4 3 3 6 3 5 0 3 9 
14 54 61 31 63 35 64 65 32 37 56 19 38 45 49 13 37 28 49 68 34 71 67 19 12 57 37 42 65 43 27 52 13 42 25 49 21 68 13 21 59 66 19 15 46 46 68 36 67 46 25 49 35 34 26 61 42 41 37 63 36 39 69 11 30 29 34 45 65 60 66 23 12 34 51 38 17 52 13 35 68 42 56 30 10 55 44 57 58 24 66 64 36 29 62 61 53 38 41 21 39 33 46 54 42 50 42 62 52 54 35 64 66 33 67 15 58 16 44 13 62 56 14 13 41 55 43 55 65 51 21 16 52 62 14 48 48 19 48 56 33 45 23 36 28 65 20 59 17 29 56 38 62 43 28 56 47 71 14 16 17 60 26 32 58 22 23 19 41 54 23 60 52 26 40 54 60 70 36 46 35 37 22 60 24 51 31 63 20 27 63 46 32 50 24 33 50 17 60 68 40 65 66 72 21 19 58 59 45 39 45 29 13 23 59 16 44 26 67 52 62 31 62 62 49 19 12 65 39 25 24 27 54 41 60 20 63 38 26 69 70 15 29 69 39 28 60 64 35 17 16 13 15 40 68 70 53 47 26 34 33 27 74 41 71 17 20 37 12 66 16 43 49 67 50 28 55 43 20 73 63 13 24 66 42 67 59 55 53 36 37 28 69 61 44 60 53 15 20 24 
15 58 61 36 60 40 60 70 34 41 59 23 42 40 44 14 37 33 45 68 36 75 70 15 17 52 36 41 69 42 25 57 10 46 25 51 24 64 17 16 58 71 16 18 47 43 73 37 63 50 30 53 36 33 23 66 43 39 41 62 40 45 70 17 34 34 36 41 69 64 66 27 12 31 56 41 15 53 17 39 71 42 56 33 14 54 47 52 56 23 64 69 36 33 58 61 57 38 45 26 35 29 44 53 44 55 37 60 54 57 31 67 69 33 66 17 63 20 41 18 62 50 18 16 44 60 44 56 64 55 25 21 49 66 15 44 53 16 48 59 33 49 22 41 33 69 24 58 13 32 61 37 60 38 33 59 43 72 16 16 22 64 30 34 55 17 23 23 38 52 28 58 53 31 45 58 60 71 40 49 36 31 20 58 26 55 35 61 17 29 62 51 31 49 24 29 51 17 65 71 44 61 67 72 17 22 62 64 50 38 50 29 18 20 61 14 47 31 62 57 66 34 65 63 48 21 16 61 42 27 29 26 50 36 57 17 64 43 24 69 65 18 32 64 41 32 54 63 39 20 15 15 11 44 67 75 52 52 28 37 37 33 74 46 68 18 23 37 13 61 14 47 44 71 55 27 60 45 24 78 63 14 27 65 41 64 63 56 52 31 35 26 73 66 40 60 56 19 21 28 
4 3 5 1 5 0 6 0 4 1 4 2 2 7 7 5 4 3 7 8 4 3 3 8 0 9 7 7 3 7 5 1 5 2 5 6 2 8 1 7 7 1 7 4 4 6 0 6 8 3 2 3 4 5 9 2 5 5 2 9 0 0 4 0 2 1 3 7 4 0 8 2 4 8 0 3 7 4 2 3 3 6 5 3 2 5 3 9 8 6 7 3 5 2 8 6 1 6 4 2 7 7 4 5 2 2 8 4 3 3 7 4 2 5 8 5 3 2 6 0 5 8 1 4 2 3 6 4 5 2 4 4 7 1 6 9 0 7 5 4 4 4 7 2 3 1 3 9 8 2 2 6 8 7 2 5 7 4 3 8 2 0 3 4 8 9 4 2 6 5 0 9 4 0 1 2 6 4 3 4 6 9 6 6 5 3 1 6 6 4 9 0 6 5 6 7 4 3 0 5 3 7 8 7 7 4 3 1 0 9 2 5 1 5 3 5 4 2 8 3 2 4 3 4 5 3 1 7 4 3 1 5 8 7 7 6 5 3 8 5 9 3 2 7 5 3 8 6 3 5 5 3 8 2 7 0 6 2 2 4 2 0 8 1 5 5 5 3 4 8 6 3 7 4 0 5 1 4 1 4 5 3 2 6 7 8 2 5 7 8 5 5 4 2 8 8 3 3 8 4 
11 34 34 17 37 19 38 35 19 20 25 10 19 28 30 14 23 15 31 35 20 33 39 15 9 35 20 24 32 22 20 28 12 27 19 24 17 41 12 16 32 38 13 8 27 29 38 19 40 22 15 23 24 21 17 32 22 27 23 33 23 23 41 10 21 19 23 27 33 31 34 17 12 21 30 26 11 32 13 16 41 23 35 22 11 34 29 35 30 19 37 34 25 16 36 32 32 19 20 11 26 24 28 33 25 27 28 36 32 33 24 29 37 23 34 9 30 10 29 11 38 34 13 7 22 29 20 34 39 27 9 8 31 37 8 29 27 14 31 35 23 22 13 18 15 38 10 31 15 21 30 21 33 28 15 27 28 42 13 9 11 35 13 23 33 17 17 16 27 31 16 34 32 17 25 27 32 41 25 30 16 25 15 34 12 25 17 39 17 21 33 28 17 29 13 23 31 14 35 33 27 37 34 36 17 14 28 34 27 21 23 18 10 18 36 12 29 19 40 27 38 16 38 37 31 16 12 40 20 19 15 20 31 26 35 14 34 20 15 38 41 14 21 40 21 15 36 35 15 9 11 13 13 20 38 40 30 25 17 24 23 18 38 25 41 10 9 23 12 38 15 20 30 33 29 17 31 29 16 37 35 11 15 36 23 38 30 29 29 25 25 18 35 33 26 31 32 4 10 20 
5 11 3 5 6 4 6 6 4 4 4 4 4 5 6 9 4 8 8 0 4 4 7 5 6 8 0 2 5 0 7 4 6 8 8 2 10 8 8 5 2 7 4 4 5 7 6 2 7 5 7 4 8 3 3 4 2 6 5 0 8 7 9 6 11 5 7 4 7 4 0 8 7 3 9 11 1 7 8 4 9 2 9 11 6 7 9 7 0 9 4 8 9 4 5 1 7 0 7 5 7 8 4 6 4 8 7 5 8 8 8 4 4 8 0 3 8 4 8 9 9 6 9 4 3 7 1 9 7 4 6 7 4 8 2 4 6 4 9 11 8 4 0 5 7 8 6 0 7 9 8 3 0 7 5 4 5 9 8 0 7 8 4 10 3 7 5 8 6 4 7 2 7 8 7 5 2 7 11 11 1 7 3 3 3 5 5 9 7 10 0 9 0 3 0 8 7 5 9 4 11 5 0 0 8 5 4 5 6 0 4 4 5 6 9 3 11 7 6 7 9 4 11 7 8 9 9 8 4 7 7 7 4 5 5 4 3 8 1 4 6 8 10 6 3 5 6 3 3 3 3 9 5 4 3 8 4 7 4 10 8 5 0 5 6 3 4 4 7 5 8 4 6 7 8 3 5 10 9 7 3 4 4 3 0 4 4 3 2 7 7 4 7 7 4 0 7 3 0 11 
6 0 7 4 6 3 7 4 6 5 7 5 6 8 7 3 5 7 7 11 6 7 4 9 3 9 9 9 6 9 5 4 5 2 4 9 1 8 3 8 9 3 9 7 6 5 2 8 8 7 6 7 4 6 10 5 8 5 4 11 1 3 3 3 0 3 4 8 7 3 11 3 5 10 3 0 10 4 3 6 2 8 4 0 4 5 3 9 10 5 8 6 3 5 9 8 3 8 7 5 7 7 5 4 4 6 8 5 3 2 6 8 4 4 11 8 6 5 5 3 4 8 0 7 5 6 9 3 5 5 8 7 8 2 8 10 4 8 4 0 4 7 10 6 7 3 7 11 8 1 6 8 10 7 5 8 8 3 3 11 5 0 6 1 10 9 4 2 5 6 3 11 4 3 4 5 9 4 0 1 9 9 8 8 8 6 4 5 6 2 11 2 8 6 9 7 4 4 2 8 0 8 11 10 6 6 6 3 3 11 5 7 4 5 2 6 1 3 8 7 2 7 0 4 5 2 0 7 7 4 5 5 10 8 8 7 7 6 10 7 9 3 1 8 8 7 8 8 7 8 7 2 9 5 8 3 7 5 4 1 3 3 11 3 5 7 8 5 4 9 5 7 8 7 4 6 4 2 2 8 7 4 4 8 9 9 5 7 10 8 5 6 8 6 9 11 4 7 11 0 
4 3 5 5 2 3 4 4 4 5 7 5 5 5 4 0 2 8 3 9 5 7 2 6 3 6 7 6 6 7 2 4 2 2 1 8 2 4 2 5 7 3 6 6 4 2 3 7 4 7 6 7 0 3 8 5 7 1 3 9 3 4 0 3 3 3 1 6 8 3 9 2 2 7 4 3 7 2 2 6 1 6 0 2 3 2 0 6 8 1 6 7 0 5 7 6 3 7 8 5 4 4 3 1 2 7 5 2 1 1 3 8 3 1 9 6 7 4 2 5 0 5 2 7 4 7 8 0 2 4 8 8 5 2 7 7 4 6 1 2 1 7 7 6 8 2 7 9 4 2 7 6 8 4 6 8 5 0 1 9 6 2 6 1 8 6 2 2 2 3 4 8 2 4 3 6 7 2 3 2 8 6 5 6 7 6 4 2 2 0 9 4 6 4 7 3 2 2 4 7 3 6 9 9 3 4 6 3 3 9 5 5 3 2 0 4 2 3 5 8 2 7 2 1 2 0 1 4 6 2 5 2 7 5 5 5 6 7 8 5 6 1 2 5 6 6 5 6 7 7 4 0 5 5 6 4 5 6 3 2 2 3 9 2 2 6 8 2 2 6 2 7 5 8 5 4 3 0 2 9 5 2 3 6 7 6 5 6 7 5 2 3 8 6 6 9 2 7 9 3 
27 108 120 61 126 72 126 129 63 72 103 36 72 87 95 27 76 51 96 128 67 135 137 35 26 109 68 81 124 79 55 105 26 86 51 90 43 133 29 39 112 136 34 25 92 91 139 66 132 84 47 91 71 68 46 120 78 82 78 117 73 79 139 26 59 62 70 86 123 120 124 49 26 62 101 75 29 105 29 63 139 79 112 60 24 110 91 109 108 48 130 123 72 56 119 119 108 70 74 40 76 64 92 110 87 95 81 125 106 110 68 120 135 67 124 26 111 33 88 25 124 108 30 20 81 106 78 111 131 100 34 26 102 125 23 91 98 34 96 112 67 84 40 68 50 133 33 109 32 58 107 72 117 84 53 104 91 143 30 24 30 121 47 64 110 40 49 41 82 108 48 114 106 52 84 104 115 142 72 92 62 69 41 117 42 96 61 124 40 55 117 93 59 100 43 64 101 36 121 128 80 126 124 135 40 39 111 122 94 69 88 56 30 46 119 32 88 56 132 98 126 57 124 126 99 39 26 128 72 53 47 55 103 79 118 37 123 71 45 136 136 33 59 135 74 53 116 124 63 29 32 27 27 76 133 141 104 90 55 68 69 58 140 87 142 30 32 76 26 127 31 79 95 126 100 55 114 87 42 139 124 27 50 128 80 131 116 106 101 69 75 56 130 118 83 112 109 23 32 48 
4 10 3 6 3 5 3 7 4 6 6 6 6 2 3 7 3 10 4 4 4 7 6 1 6 4 2 2 7 2 4 5 3 8 6 6 9 5 7 2 2 7 1 6 4 4 7 4 3 8 9 7 6 2 1 6 4 4 4 3 8 8 7 6 10 5 6 1 10 5 4 7 5 0 9 10 1 5 7 7 7 3 7 10 6 5 7 3 2 6 1 10 7 6 1 2 7 3 9 6 3 4 2 4 4 9 3 2 7 7 4 7 4 6 3 5 9 5 4 9 7 2 9 6 4 9 5 7 5 5 9 9 1 8 4 0 6 1 7 10 6 7 1 7 9 7 9 4 3 8 9 3 2 3 7 7 2 7 6 4 8 8 6 9 1 3 3 7 3 2 8 1 5 8 7 7 3 5 10 9 5 3 2 2 5 7 6 6 4 8 3 9 2 1 2 4 5 3 9 7 10 1 5 4 4 4 6 5 6 3 6 3 5 3 7 1 9 7 3 9 8 6 9 5 5 8 8 4 6 5 8 5 0 2 2 2 4 9 1 3 2 7 9 2 4 7 2 2 6 6 1 7 2 6 2 9 3 8 4 9 7 6 3 5 3 4 7 3 5 1 5 7 2 9 8 1 5 8 8 10 3 3 4 2 1 1 5 4 2 3 4 2 9 9 0 4 6 6 5 10 
5 9 4 7 1 5 2 7 5 7 8 7 7 1 1 5 2 11 2 7 5 8 5 2 6 0 5 4 8 5 1 6 1 7 4 8 7 1 7 1 5 7 3 7 4 1 7 6 0 9 10 8 5 2 4 7 6 1 5 7 8 8 5 6 9 5 5 2 11 6 7 7 4 4 9 8 4 4 6 8 6 5 5 8 5 3 5 0 5 4 3 11 5 7 2 4 7 5 11 7 1 1 2 2 4 10 0 2 5 6 1 9 4 4 7 6 10 6 1 9 4 0 8 8 5 10 7 5 3 6 10 10 2 7 6 2 7 3 4 8 4 8 4 8 10 7 10 7 1 7 10 5 5 1 8 8 2 5 5 7 9 7 8 7 4 0 2 6 1 2 7 4 4 8 7 8 6 4 9 8 7 0 3 3 7 8 7 3 1 6 7 9 4 2 5 2 4 2 8 8 8 2 8 7 1 5 8 5 6 6 7 4 6 1 6 2 8 6 0 10 7 7 8 4 3 6 7 1 8 5 9 3 3 1 2 3 5 10 4 4 0 6 7 1 6 8 0 4 8 7 2 6 1 7 4 8 4 9 4 7 6 6 6 5 1 6 8 3 4 1 3 8 1 11 8 3 5 6 7 11 4 3 4 4 4 2 7 6 5 0 1 2 11 9 2 7 5 8 8 9 
23 86 91 50 96 58 96 102 50 58 81 31 58 66 73 24 59 43 74 93 52 105 106 26 24 83 48 60 97 57 43 82 21 68 41 68 37 102 26 30 83 106 25 22 71 70 108 50 100 68 40 73 57 52 33 94 59 64 62 85 59 64 108 24 50 50 56 65 97 94 90 41 22 45 81 62 19 82 26 52 108 59 87 50 21 85 72 83 78 39 97 98 57 46 89 88 86 51 60 34 58 50 71 84 67 77 61 95 83 86 53 94 103 53 90 21 88 28 68 24 96 81 27 19 63 84 57 87 101 79 30 24 76 98 17 68 77 25 75 89 53 67 28 56 43 104 30 78 25 48 85 54 85 64 44 82 68 111 26 15 28 95 40 52 81 31 38 35 63 82 40 84 82 44 67 83 86 109 59 74 45 53 31 88 32 77 50 96 32 46 85 75 43 75 30 50 79 29 96 100 65 95 90 99 32 32 88 95 75 49 70 43 26 37 93 25 71 46 100 79 99 46 98 97 77 33 24 98 58 43 40 44 76 60 89 29 93 58 31 103 103 29 49 102 57 44 88 93 51 24 24 24 21 61 99 110 79 73 43 56 56 47 102 68 109 24 28 59 22 96 26 64 72 100 80 42 89 70 36 109 94 22 40 96 58 98 91 81 74 53 58 43 103 94 61 81 85 21 21 41 
12 57 58 33 61 37 62 67 31 38 56 20 39 42 47 14 36 30 47 66 33 72 68 16 14 55 34 40 66 40 27 54 12 44 26 48 23 67 16 18 56 69 16 15 44 45 71 34 65 47 27 50 36 31 23 63 40 40 39 60 38 42 70 14 32 31 35 42 66 61 64 26 12 31 54 40 14 52 15 36 70 40 57 32 12 54 46 55 55 24 64 66 36 30 59 59 55 36 42 23 37 32 44 54 42 52 40 60 53 56 33 64 66 33 64 14 60 17 43 16 62 53 17 13 41 57 42 56 65 52 22 18 49 64 12 45 51 16 48 58 33 46 21 38 30 67 21 56 15 31 58 35 59 41 30 56 44 72 15 14 19 62 27 34 55 20 23 22 40 52 26 58 52 29 43 55 58 70 39 48 34 34 19 57 23 52 32 62 19 29 60 49 29 47 22 32 50 16 63 68 43 62 65 70 20 19 59 61 48 36 47 26 16 22 60 14 46 29 65 54 65 31 64 62 49 20 14 64 39 26 27 27 51 38 58 17 61 40 23 66 68 17 31 66 38 29 57 61 36 17 14 14 13 41 65 73 50 49 26 36 35 30 72 43 70 15 20 36 12 63 15 44 46 68 53 25 57 45 23 75 60 12 24 63 40 65 60 53 51 34 36 26 70 63 41 58 55 16 19 27 
15 60 60 35 63 39 63 69 33 40 57 22 41 43 48 17 38 32 49 65 35 73 71 16 17 55 32 38 67 38 28 56 13 47 28 48 26 68 18 18 54 72 15 16 47 46 73 34 66 48 29 51 38 33 21 64 40 42 41 58 41 44 72 17 35 34 37 41 68 63 63 28 14 28 56 43 12 55 18 37 73 39 59 35 15 57 49 55 53 26 63 68 39 32 58 58 58 35 44 25 38 33 46 56 45 54 40 62 56 59 35 65 69 36 62 15 62 20 45 18 65 53 20 15 43 59 41 59 67 54 23 19 49 67 12 44 53 15 51 61 36 47 18 39 31 70 23 54 16 34 60 35 57 42 32 57 44 74 18 13 21 65 29 36 53 20 25 24 41 53 29 55 55 31 46 57 58 73 41 51 33 34 19 57 23 53 35 64 21 32 58 52 28 49 20 33 53 19 66 69 45 62 63 69 21 21 61 64 51 34 49 28 18 24 63 15 49 32 66 56 67 32 67 65 51 23 17 65 41 29 29 29 49 38 58 18 62 42 20 68 67 20 34 67 39 31 57 61 37 18 14 17 12 43 64 76 51 51 29 39 38 33 70 46 72 17 21 38 15 62 17 45 47 70 55 26 60 48 25 76 62 14 27 63 37 63 62 54 48 35 38 27 72 65 39 56 57 16 17 30 
8 32 30 19 30 20 31 36 17 22 31 13 22 21 23 9 18 20 24 36 18 39 36 8 10 28 18 21 36 21 14 29 6 25 14 27 15 35 11 9 30 37 8 10 24 23 38 19 33 27 18 28 20 15 13 34 22 20 21 33 22 24 37 9 20 18 19 21 38 33 35 16 7 16 31 24 8 27 10 21 38 21 30 20 8 28 25 28 29 14 32 38 20 18 30 30 30 20 26 14 19 17 22 27 22 30 21 30 29 30 17 36 34 18 35 9 34 11 22 12 33 27 12 10 22 33 23 30 33 28 15 13 24 35 8 23 28 8 26 33 18 26 11 22 19 36 15 31 8 19 33 19 31 21 18 31 22 38 10 10 13 34 17 20 29 11 11 13 20 25 16 30 27 18 24 31 31 37 23 27 20 18 10 29 14 29 19 33 10 17 32 28 16 23 12 17 26 8 35 37 25 31 35 38 11 11 33 33 26 20 26 14 10 11 33 6 27 17 33 32 35 18 36 33 26 13 10 33 23 15 17 15 26 19 28 8 32 24 13 34 34 11 19 33 21 18 29 31 21 11 7 9 6 23 33 40 26 28 14 21 20 17 38 23 35 10 13 18 7 32 9 25 23 39 30 13 31 25 14 42 31 7 14 32 21 32 33 29 27 18 19 12 40 36 21 31 29 11 12 17 
3 9 3 3 5 1 6 3 3 2 1 2 2 6 6 8 4 5 7 2 3 1 5 5 4 8 1 3 2 1 6 2 6 7 7 0 8 8 6 5 2 5 4 2 4 7 4 1 7 3 5 2 7 3 4 2 1 6 3 3 6 4 7 4 9 3 6 5 5 1 2 6 6 4 7 9 3 6 6 2 7 2 8 9 5 6 7 8 2 8 4 5 8 2 6 1 6 0 4 2 7 8 4 6 3 5 7 4 7 7 7 2 3 7 2 1 5 2 7 7 8 6 7 2 1 4 0 8 7 2 4 4 4 7 1 5 3 4 8 9 7 2 2 2 4 6 4 2 7 8 5 2 2 7 3 1 5 7 6 2 4 6 2 9 4 7 4 6 6 3 5 4 6 6 5 2 1 6 9 9 0 8 4 3 0 2 2 8 7 8 3 7 1 3 1 8 6 4 7 1 9 5 2 1 8 3 2 3 4 3 2 3 3 6 7 3 9 5 7 5 7 1 9 6 7 8 7 8 2 6 5 7 5 6 5 4 2 5 3 3 7 6 8 6 1 2 7 3 1 1 2 7 6 2 3 6 3 4 3 9 6 3 2 3 6 2 1 3 6 6 7 2 6 4 5 2 3 8 7 5 3 3 2 3 2 5 2 1 3 8 6 4 5 5 5 2 5 1 2 9 
4 10 2 6 2 4 3 6 4 5 6 5 6 2 3 7 2 9 4 4 4 6 5 1 6 4 1 1 6 1 4 5 3 7 6 5 8 5 7 2 1 6 1 5 4 4 6 3 4 7 8 6 6 1 0 5 3 3 4 3 8 7 6 5 10 4 6 1 9 4 4 7 4 0 9 9 0 5 7 6 7 2 7 9 5 4 7 4 1 6 1 9 7 5 1 1 7 2 9 5 4 4 2 3 3 9 3 2 6 7 4 6 3 6 3 4 9 4 4 9 6 2 8 6 4 8 4 7 5 5 8 8 1 7 3 1 6 1 7 9 6 6 1 6 8 7 8 3 4 8 9 2 1 3 6 6 2 6 6 4 8 8 6 8 0 3 3 7 3 1 7 1 5 8 6 6 3 5 10 9 4 4 1 1 4 6 5 6 4 8 3 9 1 1 1 4 5 3 8 6 10 1 4 4 4 4 6 5 5 3 5 3 5 3 7 1 9 6 3 9 8 5 9 5 5 7 7 4 6 5 8 5 0 2 1 2 3 9 0 3 3 6 8 2 4 6 3 1 5 5 1 7 2 6 1 8 2 8 3 9 7 5 3 4 3 3 6 3 5 2 5 6 2 9 8 1 4 8 8 9 2 3 3 2 0 1 5 3 1 4 4 1 9 8 0 3 6 5 4 10 
34 134 148 81 152 94 152 166 79 95 136 50 96 101 112 31 92 69 113 160 84 176 170 35 36 128 82 97 162 97 63 135 27 107 60 116 53 159 37 41 137 171 36 36 113 108 176 84 157 113 63 122 86 81 51 156 99 98 99 144 92 102 171 35 74 79 85 100 159 154 155 62 29 71 129 94 31 129 36 86 172 98 136 74 30 134 111 128 132 55 156 159 86 75 140 147 136 88 99 56 88 73 111 133 108 124 92 152 131 136 78 157 168 80 154 34 144 45 103 34 151 126 38 31 104 138 100 136 159 130 49 39 121 157 29 105 126 35 116 139 80 111 47 92 69 166 48 134 33 73 139 88 142 97 72 137 106 176 35 30 43 152 66 78 131 42 57 51 97 131 62 137 129 68 106 136 143 174 89 113 80 77 46 141 55 127 81 150 43 67 144 118 72 121 52 73 124 42 153 166 99 150 155 170 43 49 146 155 120 84 116 68 40 53 146 36 108 71 157 129 157 75 154 154 119 47 32 153 96 65 63 64 120 91 141 41 153 94 52 168 161 41 73 161 94 71 137 152 86 40 36 31 26 101 161 178 127 118 68 83 86 75 174 109 172 39 47 92 29 151 34 107 111 164 128 66 144 107 52 180 153 32 63 157 96 155 150 134 122 78 88 66 169 153 95 139 135 36 40 59 
14 56 61 34 59 39 60 69 33 40 58 22 41 41 45 13 36 32 45 69 35 74 68 16 16 53 36 41 68 42 24 56 10 44 24 50 23 64 16 18 58 70 17 17 46 42 72 37 64 49 29 52 34 32 24 64 42 38 40 62 39 43 69 15 32 32 34 42 68 63 67 26 11 32 54 40 16 51 15 38 69 42 55 32 13 52 45 53 57 22 64 68 35 32 59 61 56 38 44 25 35 30 44 51 43 53 38 59 53 55 31 67 67 32 66 16 62 19 41 16 60 52 17 16 43 59 44 55 63 54 24 20 50 64 14 45 52 16 46 57 32 48 22 40 32 68 23 58 14 30 59 37 61 39 31 58 44 70 14 16 20 63 29 33 56 19 21 21 38 52 27 59 51 29 44 57 60 69 38 47 36 33 20 59 25 54 34 60 17 28 62 50 32 49 24 29 49 16 63 70 42 62 67 72 17 20 61 63 49 38 49 28 17 20 59 14 45 29 64 56 64 33 63 61 47 19 14 62 41 26 28 25 51 38 58 17 63 42 24 68 67 17 31 65 40 31 56 63 38 19 15 13 12 43 67 73 52 50 27 35 35 31 74 44 68 18 22 36 11 63 13 46 45 70 54 27 59 44 22 77 63 12 26 65 41 65 62 56 52 32 34 26 72 65 41 60 55 18 21 26 
11 32 34 21 30 23 32 38 20 24 34 15 25 22 23 8 20 22 22 40 21 42 37 10 11 27 22 24 39 25 11 32 5 25 13 31 14 32 11 11 33 39 11 13 26 20 39 23 32 30 20 31 19 19 16 37 26 19 23 36 23 26 36 11 20 19 19 24 40 35 39 16 7 19 32 23 12 28 11 24 37 25 28 19 9 28 25 27 33 11 35 40 19 20 32 34 31 23 28 17 18 14 24 26 24 32 20 32 29 30 14 39 36 17 38 13 37 13 19 13 31 27 12 13 25 35 27 29 33 31 18 16 28 36 11 26 30 11 24 32 17 29 15 25 22 37 17 34 7 18 35 22 35 20 21 35 24 37 10 13 15 35 20 19 32 10 12 14 19 28 17 33 28 19 26 33 35 37 23 26 23 17 13 33 18 32 21 30 7 16 36 29 20 27 16 14 27 10 36 40 24 33 39 41 7 14 36 35 28 24 29 17 12 10 32 9 25 18 33 34 35 21 35 33 24 12 10 30 26 15 19 14 29 21 31 11 36 27 16 38 35 11 18 34 25 21 29 35 24 15 10 9 8 26 37 41 29 30 16 20 20 19 42 25 34 13 17 20 8 33 7 28 24 41 31 16 33 24 15 45 35 9 16 36 24 35 35 32 30 16 16 15 42 38 23 35 30 14 16 17 
1 5 2 2 2 0 3 2 1 2 4 2 3 3 3 2 0 6 3 6 2 4 0 4 1 5 4 4 4 4 2 1 2 2 2 5 3 5 2 4 5 1 4 3 1 2 1 4 4 5 5 4 2 1 5 2 4 2 0 7 2 3 2 1 4 0 1 4 6 1 6 1 1 5 4 4 5 0 1 4 2 4 3 4 0 2 2 5 5 3 4 6 3 2 5 3 1 4 6 3 4 4 1 1 0 5 5 1 1 2 3 5 0 2 6 3 5 1 3 4 3 4 3 4 1 5 5 2 2 2 6 6 3 2 4 5 2 4 3 4 2 4 5 4 5 1 5 7 4 3 5 3 6 3 3 5 4 2 1 6 4 2 3 3 5 5 0 1 2 1 2 6 1 3 1 3 4 1 4 4 5 5 3 3 4 4 2 3 3 3 6 3 3 2 4 4 0 0 3 5 4 4 6 6 4 1 3 0 1 6 2 2 1 2 2 1 4 1 4 6 2 4 4 1 2 2 2 4 4 0 3 2 5 4 3 3 3 5 5 2 5 1 3 3 3 3 4 3 4 4 2 2 4 3 4 3 3 4 0 4 1 1 6 0 2 3 5 0 1 5 2 4 3 6 3 2 0 3 2 6 3 0 0 3 4 4 2 3 5 5 2 1 6 4 5 6 0 4 6 5 
29 112 120 65 126 76 127 134 65 77 107 40 76 86 95 30 77 56 96 124 69 139 139 34 30 108 65 79 129 77 56 109 27 89 53 90 46 133 32 38 110 139 33 28 93 92 143 67 132 89 51 96 73 68 44 125 79 83 81 113 77 83 141 30 63 65 72 85 127 124 120 52 27 60 105 79 26 107 32 68 141 79 114 63 27 112 93 108 105 49 129 128 74 61 118 118 112 68 78 45 76 65 93 111 89 100 80 125 109 113 68 124 137 69 120 27 116 36 88 29 126 107 33 24 84 111 76 113 132 104 38 31 101 129 23 89 102 33 98 115 69 88 37 73 55 136 38 104 32 62 112 71 113 84 57 108 90 145 32 20 35 125 52 67 108 40 50 45 83 109 52 111 108 56 87 109 114 144 75 95 60 68 40 116 43 101 65 126 40 58 113 97 57 100 41 65 103 38 125 132 84 125 120 133 40 41 116 125 98 65 93 57 33 47 121 32 91 59 131 103 129 60 127 128 101 42 29 129 77 55 51 56 101 78 117 37 124 76 41 136 135 36 62 135 75 57 115 124 67 31 31 29 26 81 132 145 104 95 57 71 72 62 137 90 143 32 36 77 28 126 33 84 95 131 104 56 117 90 45 143 124 29 53 128 77 129 120 107 98 68 75 57 135 123 81 109 112 27 28 52 
3 8 3 1 5 0 6 1 3 0 0 0 0 6 7 7 3 3 7 4 2 0 4 6 2 9 3 4 0 3 6 0 6 5 7 2 6 9 5 6 4 4 5 0 3 6 3 2 7 1 3 0 6 3 6 0 2 6 2 5 4 3 6 2 7 2 5 6 3 0 3 5 5 5 5 7 4 5 5 0 6 3 7 8 4 6 6 8 4 7 5 3 7 0 7 2 4 2 3 0 7 8 4 5 2 3 8 4 5 6 7 1 2 7 4 1 3 0 7 5 7 7 5 0 0 2 1 7 6 0 2 2 5 5 2 6 1 5 7 8 6 0 4 0 2 4 2 4 7 6 3 3 4 7 1 0 6 6 5 4 3 5 0 7 6 8 4 5 6 3 4 6 5 4 3 0 2 5 7 8 1 8 4 4 1 0 1 8 7 7 5 5 2 3 3 8 5 4 5 0 8 6 4 3 8 3 0 2 2 5 0 3 1 6 6 4 8 4 7 3 6 0 7 5 7 6 5 8 0 5 3 6 6 6 5 5 2 3 4 3 8 5 6 6 1 0 7 4 0 0 3 6 6 0 4 4 4 3 2 8 5 2 4 2 6 2 0 3 5 7 7 0 6 3 4 3 1 7 5 3 3 3 2 3 3 6 0 2 4 8 6 4 3 3 6 4 4 0 4 8 
4 5 5 0 6 0 7 0 4 1 2 1 1 8 8 6 5 1 8 7 4 1 4 8 1 10 6 7 1 6 7 1 7 4 6 5 5 10 3 8 7 3 7 3 5 7 1 5 9 1 0 2 6 5 9 1 5 6 2 8 2 0 6 1 4 2 5 8 1 0 7 3 6 8 2 5 7 5 4 1 5 6 7 5 4 6 5 10 7 7 7 1 7 1 9 5 3 5 2 1 8 9 5 6 3 0 9 5 5 5 8 2 3 7 8 4 1 1 8 2 7 9 3 3 2 1 5 6 6 1 2 2 7 3 5 9 0 8 7 6 6 3 7 1 1 3 1 8 9 4 0 6 8 8 0 3 8 6 5 7 0 2 1 6 9 10 5 4 7 5 2 9 5 1 3 0 6 6 5 6 5 10 7 7 5 1 0 8 8 6 8 2 5 5 6 8 5 5 2 3 6 8 7 7 8 4 1 2 1 8 1 5 1 7 5 5 6 3 9 1 4 3 5 6 7 5 3 9 3 5 0 7 9 8 7 7 5 1 7 5 10 4 5 8 4 2 9 6 1 4 5 5 8 1 7 2 6 0 3 6 4 1 7 2 6 4 3 4 6 9 7 2 8 2 1 5 2 6 4 2 5 4 3 6 6 8 1 5 7 10 7 5 2 0 8 7 4 1 7 6 
15 55 61 34 60 39 61 68 33 40 58 22 41 42 46 12 36 32 45 69 35 74 67 17 15 54 37 42 68 43 24 56 10 43 23 51 22 65 15 19 59 69 18 17 46 42 71 37 64 49 29 52 33 33 25 64 43 37 40 63 38 43 68 15 31 32 33 43 68 63 67 25 10 33 53 39 17 51 14 38 68 43 54 31 12 52 44 54 58 21 65 68 34 32 60 62 55 39 44 25 36 30 44 51 43 53 39 60 52 54 31 67 67 30 67 17 61 19 41 16 59 53 16 16 43 59 44 54 62 54 24 20 51 64 15 47 52 17 45 56 31 48 23 40 32 67 23 59 14 29 59 38 62 40 31 59 45 69 14 17 20 62 29 32 57 20 21 21 38 53 26 60 50 29 43 57 61 68 37 46 37 34 21 60 26 54 34 59 17 27 63 49 32 50 25 30 49 16 63 70 41 63 68 73 18 21 61 62 49 39 49 29 17 20 58 15 44 29 64 56 63 34 62 60 46 18 13 62 42 25 28 24 53 39 59 18 64 41 25 69 68 16 30 66 41 32 57 64 38 20 16 12 13 43 68 73 53 50 27 34 34 31 75 44 68 18 23 36 10 64 12 46 46 70 53 28 58 43 22 77 63 13 26 66 42 66 62 56 53 33 34 27 72 65 42 61 54 18 21 25 
5 7 6 1 8 1 8 1 5 1 2 2 1 9 9 8 6 0 9 8 5 1 6 9 2 11 7 7 1 7 8 2 8 5 8 5 6 11 4 9 8 4 8 4 6 8 2 6 10 1 0 1 7 6 9 1 5 8 3 8 3 1 7 2 5 3 6 9 0 0 7 5 7 9 3 6 8 6 5 1 6 7 8 7 5 8 7 11 8 9 8 0 8 2 10 6 4 6 0 1 10 10 6 7 4 0 10 6 6 6 9 2 4 8 8 5 0 2 9 3 8 10 4 3 3 1 5 7 8 2 1 1 8 5 6 10 1 8 8 7 7 3 8 1 1 4 1 8 10 6 0 6 8 9 0 3 9 7 6 8 1 3 1 7 9 11 6 5 8 6 3 9 7 3 4 1 6 7 6 7 5 11 7 8 5 1 1 9 9 7 8 3 6 6 7 10 6 6 3 3 7 9 7 7 10 5 1 3 2 8 1 6 2 8 7 6 7 4 10 0 5 4 6 7 8 7 4 10 3 6 2 8 10 9 8 8 6 0 8 6 11 6 6 9 5 3 10 7 1 4 6 7 9 1 8 3 7 1 4 7 5 2 8 3 8 5 3 5 7 10 8 1 9 1 2 6 3 7 5 1 6 5 4 7 7 9 2 5 8 11 8 6 1 1 9 8 5 1 7 7 
3 3 4 1 4 0 5 1 3 2 4 2 2 5 5 3 2 4 5 8 3 4 1 6 0 7 6 5 3 6 4 1 4 1 3 6 2 6 0 6 6 0 6 4 3 4 0 5 6 4 3 4 3 3 7 2 5 3 0 8 1 1 2 0 3 0 2 6 5 0 7 0 3 7 2 3 6 2 1 3 2 5 4 3 1 3 2 7 7 4 5 4 3 2 7 4 0 5 5 2 5 6 3 3 1 3 7 3 1 1 5 5 1 3 8 4 4 1 4 2 3 6 1 4 2 4 6 2 3 2 5 5 5 1 5 7 0 6 4 3 3 4 6 3 4 0 4 8 6 2 4 5 7 5 2 5 6 3 1 7 3 1 3 3 7 7 2 0 4 3 0 8 2 1 0 2 5 2 3 3 6 7 5 5 5 3 1 5 5 3 8 1 5 3 5 5 2 2 1 5 3 6 7 7 5 2 3 0 0 8 2 4 0 3 2 3 3 0 6 4 1 4 3 2 4 2 1 6 4 2 2 3 7 6 5 5 4 4 7 4 7 1 2 5 4 3 6 5 4 4 3 2 6 2 5 1 4 3 1 3 1 0 7 0 3 4 5 2 2 7 4 4 5 5 1 3 0 3 1 5 4 1 1 5 5 6 2 4 6 7 4 3 5 3 6 7 1 4 7 3 
17 59 62 37 61 41 62 71 35 43 60 25 43 41 45 15 38 35 46 69 37 76 71 15 18 50 37 42 70 43 26 58 11 47 26 52 26 64 19 17 59 73 17 19 48 44 75 38 63 51 32 54 37 34 24 67 44 40 43 63 42 46 71 18 35 35 37 42 71 66 67 29 14 31 57 43 16 54 18 40 72 43 57 34 16 55 48 50 57 24 65 71 37 35 58 62 59 39 47 27 35 29 46 54 46 56 36 62 56 58 31 69 70 34 66 18 64 22 42 19 63 50 20 18 45 62 45 57 65 56 26 22 50 67 16 44 55 16 49 60 34 50 22 42 34 71 26 59 13 33 62 39 61 39 34 60 43 73 17 17 23 66 32 35 56 16 24 25 39 54 30 58 54 32 47 60 62 72 41 50 37 30 21 59 27 56 37 62 17 30 62 53 32 50 24 30 52 19 66 72 45 62 67 73 17 23 64 65 52 38 51 30 20 21 62 16 48 32 62 59 67 35 66 64 49 22 17 61 44 29 31 27 50 37 58 19 65 44 24 70 64 20 34 65 42 34 54 64 40 21 16 16 11 45 68 76 54 53 30 38 38 34 74 47 69 20 24 39 14 61 15 48 45 73 57 29 61 46 25 79 64 15 29 66 42 64 65 58 53 30 35 28 75 68 40 61 58 20 21 29 
5 7 6 1 8 1 8 1 5 1 1 1 1 9 9 8 6 0 10 7 5 0 6 9 2 11 6 7 0 6 8 2 8 6 8 4 6 11 5 9 7 4 8 3 6 8 3 5 10 0 1 1 8 6 9 1 5 8 3 8 4 1 7 3 6 3 7 8 0 0 6 5 7 9 4 7 7 6 6 0 7 6 9 7 5 8 7 11 7 9 8 0 8 1 10 5 5 5 0 1 10 10 6 7 4 1 10 6 6 6 9 1 4 8 7 4 0 2 9 4 8 10 5 3 3 0 4 8 8 2 0 0 8 5 5 9 2 8 9 8 8 2 7 0 0 5 0 7 10 6 1 6 7 9 0 3 9 8 6 7 1 4 0 8 9 11 6 6 8 6 4 9 7 3 4 0 6 7 7 8 4 11 7 7 4 0 1 9 9 8 8 4 5 6 6 10 6 6 4 3 7 9 7 6 10 5 0 3 3 8 1 6 3 8 7 6 8 5 10 0 6 3 7 7 8 7 5 10 3 6 2 8 9 9 8 7 5 0 7 6 10 6 6 9 4 2 10 7 0 3 6 7 9 1 7 4 6 1 4 8 6 3 7 3 8 5 3 5 7 10 8 0 9 0 3 6 3 8 5 0 6 5 4 6 6 9 1 5 7 11 8 6 0 1 9 7 5 0 6 8 
4 1 6 4 4 3 5 4 5 4 7 5 5 6 5 1 3 7 5 10 5 6 2 7 3 7 8 7 6 8 3 4 3 1 2 8 0 6 2 6 8 3 7 6 4 3 2 7 6 7 6 6 2 4 9 4 7 3 3 10 1 3 1 2 2 3 2 7 7 3 10 2 3 8 3 1 8 3 1 6 0 7 2 1 3 3 1 7 9 3 7 7 2 4 8 6 2 7 7 5 5 5 3 3 3 6 6 3 1 1 4 7 3 2 10 7 6 4 3 3 2 7 1 7 4 6 8 1 3 4 8 7 6 1 7 8 3 7 2 1 2 7 8 6 7 2 7 10 6 0 6 7 9 5 5 7 6 1 1 10 5 1 6 0 9 7 3 1 4 4 3 9 3 3 3 5 7 3 1 1 8 7 6 7 7 6 4 3 4 0 10 3 7 5 7 5 3 3 3 7 1 7 10 9 5 4 6 3 2 10 5 5 3 3 0 4 1 2 6 7 1 7 1 2 3 0 0 5 6 2 5 3 8 6 6 6 6 7 8 5 7 1 0 6 7 6 7 7 6 7 5 1 7 5 7 3 6 5 3 0 1 2 9 2 3 6 7 3 3 7 3 6 6 7 4 5 3 0 1 8 6 3 3 7 7 7 5 6 8 6 3 4 8 6 8 9 2 6 10 2 
1 7 0 2 3 0 3 2 1 2 3 1 2 3 4 5 1 5 5 4 0 3 3 4 2 6 2 2 3 2 4 1 3 4 5 3 6 6 4 3 2 3 2 2 1 4 3 1 5 4 5 3 5 1 4 2 1 3 1 4 5 4 5 2 7 1 4 3 5 1 3 4 3 3 5 7 2 3 4 3 5 1 6 7 2 4 5 6 3 5 2 5 5 1 4 0 4 1 5 2 5 5 1 3 0 5 5 1 4 4 5 3 0 5 4 1 5 1 5 5 5 4 5 2 0 4 2 5 4 1 5 5 2 5 1 4 2 3 6 7 4 3 2 3 5 4 4 4 5 5 5 1 3 4 3 3 3 5 4 3 4 5 2 6 3 5 2 4 3 1 4 4 3 4 3 2 1 3 7 7 2 6 2 2 2 3 2 5 5 6 4 5 1 0 1 5 3 1 5 3 7 3 4 3 5 1 2 1 2 4 2 1 1 3 5 1 7 3 4 5 5 2 7 3 4 5 5 5 2 3 4 4 4 4 3 2 0 5 3 0 5 4 6 4 1 2 5 1 2 2 0 5 4 2 2 5 1 4 0 7 4 2 3 1 3 0 3 1 3 4 4 3 4 5 4 0 1 6 5 6 0 1 0 1 1 3 1 0 2 6 4 1 5 4 3 3 3 2 3 7 
12 25 36 20 36 22 37 36 21 23 34 15 24 28 29 8 23 19 29 42 23 41 37 16 10 34 25 28 38 28 17 31 10 22 15 32 10 38 9 16 37 37 16 14 28 26 37 25 39 29 17 30 19 22 20 36 27 24 23 40 18 23 36 9 14 19 20 29 38 34 41 14 10 24 27 17 16 29 9 23 35 28 29 13 9 31 24 34 36 15 39 37 19 19 38 37 29 26 26 16 24 21 27 30 26 29 26 35 28 29 21 38 38 19 41 14 34 13 25 9 33 33 6 13 26 33 29 29 36 30 16 14 32 32 14 31 28 16 26 26 19 29 19 24 20 35 16 38 13 14 33 25 39 26 19 35 29 37 9 16 13 30 19 15 36 17 15 12 24 32 15 38 29 16 24 32 37 38 16 21 25 24 17 36 19 31 20 34 14 14 39 25 22 31 19 21 28 12 32 40 18 39 41 44 14 15 35 34 26 27 28 20 11 15 30 13 20 17 39 31 32 22 29 34 28 10 5 37 26 16 16 17 34 26 36 16 38 24 20 40 41 10 14 40 26 20 35 39 23 15 14 8 14 25 41 37 33 28 18 16 19 18 45 25 39 15 17 23 9 39 11 27 30 39 28 20 32 22 11 42 38 11 17 39 28 40 35 34 34 23 22 19 40 35 28 38 30 13 18 10 
10 35 33 18 36 20 37 35 19 20 26 11 20 27 30 14 23 17 30 33 19 34 39 14 10 34 18 23 33 21 19 28 12 27 19 22 17 41 12 15 31 39 12 8 27 29 38 18 39 23 15 24 24 20 15 32 21 26 22 31 23 23 41 10 22 19 23 26 34 31 32 17 12 19 31 26 10 31 13 17 41 22 35 22 10 33 29 34 29 19 36 35 25 16 35 31 32 18 21 12 25 23 27 33 25 28 27 35 32 33 23 31 37 23 33 8 32 10 28 12 38 33 13 7 22 30 19 34 38 27 11 9 30 37 7 28 27 13 31 36 23 23 12 19 16 38 11 29 14 21 31 20 31 27 16 27 27 42 13 8 11 36 13 23 31 16 16 16 26 30 17 32 32 18 25 28 30 41 25 30 15 24 14 33 11 26 18 38 16 21 31 29 16 28 12 23 30 13 36 33 28 36 32 35 17 13 29 34 27 19 24 17 10 17 36 11 29 19 39 28 38 16 38 37 31 16 12 39 20 18 16 20 30 25 34 13 33 22 14 37 40 14 21 39 20 15 35 34 16 8 11 13 12 21 36 40 29 26 17 24 23 18 37 25 41 10 9 22 12 37 14 21 29 35 29 17 31 29 16 38 34 10 15 35 22 37 31 28 28 24 24 18 36 33 25 30 32 6 9 20 
11 37 33 21 36 22 36 38 20 23 30 14 23 26 29 15 23 20 30 31 21 38 40 12 12 33 16 22 36 19 19 31 12 29 20 25 19 40 15 14 29 41 11 11 28 29 41 19 38 27 19 28 25 20 13 35 22 26 24 28 26 27 42 12 24 21 24 25 38 34 31 20 12 17 34 28 7 32 15 21 42 22 36 25 12 34 30 33 26 19 35 39 26 19 33 30 34 18 25 15 24 22 27 33 26 32 25 35 34 35 23 35 38 24 29 10 35 13 28 15 38 31 16 10 24 33 20 35 39 30 15 13 29 39 8 25 30 11 32 38 24 26 9 22 20 40 15 26 13 23 34 20 28 26 19 31 26 43 14 5 15 38 17 25 29 15 17 18 26 30 19 29 33 21 28 32 30 42 28 32 16 23 13 32 13 29 21 38 16 22 28 32 15 27 10 22 31 14 38 37 30 35 31 34 16 14 33 36 29 16 27 18 13 17 37 11 31 21 38 32 40 18 40 38 31 18 14 38 23 20 19 20 28 24 33 13 34 25 11 37 39 15 23 38 22 19 34 33 20 11 10 14 11 24 35 43 29 30 18 26 25 20 35 27 41 11 13 23 13 36 14 25 28 39 32 16 33 30 18 42 34 11 17 34 20 36 34 30 26 23 24 18 40 37 23 27 34 10 8 22 
3 8 3 5 0 3 0 5 3 5 6 5 6 0 0 4 1 9 1 6 3 6 3 1 5 2 3 3 6 3 1 4 0 5 3 6 6 2 5 0 4 5 1 5 2 1 5 4 1 7 8 6 4 0 3 5 4 1 3 6 6 6 4 4 8 3 3 1 9 4 6 5 2 3 7 7 3 3 5 6 5 3 4 7 4 2 4 2 4 3 1 9 4 5 2 2 5 4 9 5 1 2 0 1 2 8 1 0 4 5 1 7 2 3 5 5 9 4 2 7 4 1 6 6 4 8 6 4 2 4 9 8 1 6 4 2 5 1 4 7 3 6 3 6 8 5 8 6 1 6 8 3 4 1 6 7 0 4 4 6 7 6 6 6 3 1 1 5 0 0 6 4 3 7 5 6 4 3 7 7 6 2 2 2 5 6 5 3 1 5 5 7 3 1 3 2 3 1 7 6 7 1 6 6 1 3 6 4 4 5 5 2 4 1 5 0 7 5 1 9 6 5 7 3 2 5 5 2 6 3 7 2 2 0 1 1 3 9 3 2 1 4 6 0 4 6 1 2 6 5 1 4 1 6 2 7 2 7 2 6 5 4 5 3 0 4 7 1 3 1 2 7 0 9 7 1 3 5 6 9 3 1 3 3 3 1 5 4 4 2 1 0 9 8 2 5 4 6 6 8 
2 3 3 3 2 1 3 2 2 3 5 3 4 4 4 2 1 6 4 8 3 5 0 5 1 6 6 5 4 5 2 2 2 1 2 6 2 5 1 4 6 1 5 4 2 2 1 5 4 5 5 5 1 2 7 3 5 2 1 8 2 3 1 1 3 1 0 5 6 1 7 1 1 6 3 3 6 1 0 4 1 5 2 3 1 2 1 6 6 2 4 6 2 3 6 4 1 5 6 3 4 4 1 1 1 5 5 1 0 0 3 6 1 2 8 4 6 2 3 3 2 5 2 5 2 5 6 1 2 2 6 6 4 1 5 6 2 5 2 3 1 5 6 4 6 1 6 8 4 2 5 4 7 4 4 5 4 1 0 7 4 2 4 2 6 6 1 1 2 2 2 7 1 3 1 4 5 1 3 3 6 6 4 4 5 4 2 3 3 2 8 3 5 3 5 4 1 1 3 5 3 5 8 7 4 2 4 1 1 7 3 3 1 2 1 2 3 1 4 6 1 5 3 1 2 1 1 4 4 0 4 2 6 5 4 4 4 6 6 3 6 0 2 4 4 4 5 5 5 5 3 1 5 3 5 3 4 4 1 3 0 1 7 0 2 4 6 1 1 5 2 5 4 6 3 3 1 2 2 7 4 1 1 4 5 5 3 4 6 5 2 2 6 5 6 7 0 5 7 4 
4 9 3 6 1 4 1 6 4 6 7 6 6 0 1 5 2 9 2 6 4 7 4 0 6 2 3 2 7 3 2 5 1 6 4 6 7 3 6 0 3 6 1 6 3 2 6 5 1 8 9 7 5 1 2 6 4 2 4 5 7 7 5 5 9 4 5 0 10 5 6 6 3 2 8 8 2 4 6 7 6 3 5 8 5 3 6 2 3 4 1 10 5 5 0 2 6 4 9 6 2 2 1 2 3 9 1 1 5 6 2 7 3 4 5 5 9 5 2 8 5 0 7 6 4 8 6 5 3 5 9 9 1 7 4 1 6 1 5 8 4 7 3 7 9 6 9 5 2 7 9 3 3 1 7 7 0 5 5 5 8 7 6 7 2 1 2 6 1 1 7 3 4 8 6 7 4 4 9 8 6 2 2 2 6 7 6 4 2 6 5 8 3 1 3 2 4 2 8 7 9 0 6 5 2 4 6 4 5 5 6 3 5 2 6 1 8 6 1 9 7 6 8 4 4 6 7 2 6 4 8 3 1 0 1 1 4 9 3 3 1 5 7 1 5 7 1 2 7 6 1 6 0 6 2 8 2 8 3 8 6 5 5 4 2 4 7 2 4 0 4 7 1 9 8 1 4 6 7 10 3 2 3 3 2 1 5 4 3 2 2 1 10 8 1 5 5 7 6 9 
16 61 61 36 64 40 64 70 34 41 58 23 42 43 48 18 39 33 50 65 36 74 72 17 18 55 32 39 68 38 29 57 14 48 29 48 27 68 20 19 55 73 16 17 48 47 75 35 67 49 30 52 39 34 20 65 41 43 43 58 42 46 74 18 36 35 39 42 69 65 63 30 15 28 57 44 11 56 19 38 74 40 60 36 16 58 50 55 52 27 64 69 40 33 58 59 59 36 45 26 39 34 47 57 46 55 41 63 57 60 35 66 70 37 62 16 63 21 46 19 66 54 21 16 44 60 41 60 68 55 24 20 50 68 13 44 54 16 52 62 37 48 18 40 32 71 24 54 17 35 61 36 56 43 33 58 45 75 19 13 22 66 30 37 52 20 26 26 42 54 30 54 56 32 47 58 58 74 43 52 33 35 20 58 24 54 36 65 21 33 58 53 29 50 20 34 54 20 67 70 47 62 63 69 21 22 62 65 52 34 50 29 19 25 64 16 50 33 66 57 68 33 68 66 52 24 18 66 42 30 30 30 49 39 59 19 63 43 19 69 68 21 35 68 40 32 58 62 37 19 15 18 13 44 66 77 53 52 30 40 39 34 70 47 72 18 22 40 16 63 18 46 48 71 56 28 61 49 27 77 63 16 28 64 38 64 63 55 49 35 39 29 73 66 40 56 59 17 17 31 
4 9 3 6 1 5 2 7 4 6 7 6 7 1 2 6 2 10 3 6 4 7 5 0 6 2 3 3 7 3 3 6 2 7 5 7 8 3 7 1 3 7 1 6 4 3 6 5 2 8 9 7 5 1 2 6 5 2 4 5 8 8 6 6 9 5 5 1 10 5 6 7 4 2 9 9 2 4 6 7 7 4 6 9 5 4 6 2 3 5 1 10 6 6 0 3 7 4 10 6 2 3 2 2 3 10 2 2 6 6 2 8 4 5 5 5 10 5 3 9 5 1 8 7 5 9 6 6 4 5 9 9 1 7 4 1 6 1 5 9 5 7 3 7 9 7 9 5 2 8 10 3 3 2 7 7 1 6 6 5 8 8 7 8 2 1 2 7 2 1 7 3 4 8 7 7 4 4 9 8 6 2 2 2 6 7 6 5 2 7 5 9 3 1 3 3 5 2 8 7 9 1 6 6 2 4 7 5 6 5 6 3 5 2 6 1 8 6 1 10 7 6 9 4 4 7 7 3 7 5 8 4 1 0 1 2 4 10 2 3 1 6 8 1 5 7 1 3 7 6 1 6 0 7 2 8 3 9 3 8 6 6 5 5 2 5 7 3 4 0 4 7 1 10 8 2 5 7 8 10 3 3 4 3 2 1 6 5 3 2 2 1 10 9 1 5 6 7 6 9 
10 27 34 19 33 21 34 36 19 22 33 14 23 25 27 6 21 19 26 40 21 40 35 13 9 31 23 26 37 26 14 30 8 21 12 30 10 36 8 14 34 36 13 12 26 23 36 23 36 28 17 29 17 20 18 34 26 21 21 37 19 23 33 8 15 17 17 26 37 33 39 13 7 22 28 19 13 27 7 22 33 26 27 15 7 29 21 32 34 12 37 37 17 18 35 35 28 24 26 15 22 19 25 28 23 29 24 33 26 27 18 37 36 17 39 12 34 12 23 9 30 31 7 11 24 32 27 26 33 29 16 13 30 32 12 28 27 13 23 27 16 28 17 23 19 34 15 35 11 14 32 23 36 24 18 33 27 35 7 14 12 31 18 15 34 14 13 10 22 30 14 35 27 16 23 31 35 36 18 22 23 21 15 34 17 30 19 32 11 12 37 25 20 28 17 18 26 10 32 39 20 36 39 42 12 13 34 32 25 25 27 18 10 12 28 11 21 15 36 31 31 20 30 32 25 8 5 35 24 14 16 14 31 24 34 13 36 24 18 38 39 8 14 37 24 19 33 36 22 14 11 5 11 24 38 37 30 28 15 16 17 16 43 23 36 13 15 20 7 36 8 26 27 39 28 17 31 20 11 42 35 8 15 37 26 38 33 32 32 20 19 16 40 35 26 36 28 12 16 12 
