60 
300 
700 2717
455 2204
59 848
197 1494
497 2485
347 2100
910 3269
706 2765
383 2054
161 1372
323 1822
233 1655
796 3032
736 2984
569 2491
832 3106
694 2794
605 2640
221 1556
581 2610
634 2737
251 1797
431 2285
185 1534
233 1707
311 1822
778 2973
820 2986
473 2280
185 1479
844 3220
581 2563
107 1101
575 2404
95 1022
922 3044
359 1962
83 932
137 1209
95 1008
581 2567
287 1830
521 2306
551 2422
293 1760
173 1396
89 1048
617 2710
611 2624
617 2557
479 2438
838 2945
353 1974
880 3318
718 2959
173 1450
700 2966
760 2851
904 3263
209 1593
25 6 29 12 18 17 19 16 23 20 13 16 30 5 26 18 23 18 31 17 27 26 33 23 8 27 26 13 32 23 8 17 17 6 33 30 7 29 23 21 22 31 21 8 6 11 14 22 15 15 23 10 32 11 6 31 13 14 23 30 22 16 21 32 20 20 6 6 10 26 6 24 8 21 22 14 26 18 7 29 11 6 15 16 21 25 8 10 21 27 32 28 24 23 7 8 21 19 26 34 29 8 16 29 17 31 24 13 28 10 31 6 8 23 31 22 31 10 30 28 30 19 18 23 22 22 26 26 13 14 21 33 12 15 32 19 33 13 8 6 16 29 6 22 23 21 7 6 25 26 29 12 14 11 6 13 5 25 29 9 12 24 15 15 23 23 26 33 9 16 30 17 17 11 21 33 31 14 29 26 24 17 17 31 16 12 27 11 13 20 15 21 13 28 23 6 25 20 20 11 10 13 26 18 7 34 9 13 29 25 26 9 20 21 19 24 10 32 6 16 20 15 13 26 31 9 30 7 10 19 25 29 25 21 31 19 18 12 9 33 33 18 8 17 33 7 17 7 34 13 5 16 21 34 34 5 18 25 22 23 12 8 7 24 20 14 25 16 23 24 18 10 27 11 9 32 7 29 9 34 12 20 9 25 14 31 28 21 15 19 26 8 14 18 11 7 19 8 6 5 
8 7 7 8 6 5 0 3 4 7 3 7 2 8 2 3 1 3 6 5 3 7 8 1 1 5 7 1 3 8 7 4 0 7 4 2 7 8 8 7 4 7 3 7 3 3 1 7 3 5 5 5 5 1 9 4 7 4 3 5 5 6 10 4 1 6 8 1 8 5 8 4 4 3 7 8 4 3 9 7 7 7 8 1 1 3 6 4 1 1 4 6 4 1 8 6 1 4 8 4 7 0 8 7 3 4 1 2 7 8 2 2 4 0 8 8 0 1 6 2 7 6 1 2 6 3 1 2 3 6 6 3 8 3 4 6 3 2 1 6 2 8 7 6 8 7 4 5 6 0 0 4 4 5 5 7 7 1 7 4 5 0 2 6 4 7 5 0 8 3 0 5 10 0 3 6 5 5 7 9 5 2 0 1 3 6 3 4 0 6 4 0 0 4 7 6 6 8 8 6 7 3 3 5 5 7 1 7 11 4 4 8 1 2 1 0 0 5 4 1 4 2 1 6 7 4 8 1 5 4 8 2 3 4 7 6 3 4 7 5 5 2 7 4 6 7 4 8 9 3 1 4 4 1 5 7 3 2 2 6 0 7 3 2 0 3 8 1 6 0 7 2 8 3 9 0 4 3 7 4 6 5 6 10 10 3 4 7 9 8 3 4 1 3 7 6 7 4 6 4 
34 11 34 21 22 24 20 21 27 28 19 24 30 10 31 22 24 21 35 21 33 34 40 24 10 35 32 17 33 30 14 24 19 11 35 31 12 38 31 29 29 38 26 14 7 16 15 29 19 20 28 15 38 12 12 38 18 18 26 32 27 20 30 36 21 26 14 9 18 34 13 30 12 26 27 20 31 19 14 36 18 13 23 17 22 30 16 16 23 28 36 34 30 22 15 16 25 20 35 40 37 11 22 35 20 35 26 14 37 17 31 5 12 25 40 29 33 14 35 32 35 27 19 23 29 26 28 26 18 21 28 38 19 17 36 24 38 17 10 12 19 38 11 26 29 29 10 12 29 27 32 15 17 14 13 19 13 26 33 14 15 27 15 19 26 31 29 35 15 21 32 23 28 14 26 41 37 17 34 35 29 17 18 35 21 17 32 15 16 25 21 22 14 31 31 15 32 27 27 15 18 18 27 24 14 39 10 22 40 32 27 15 22 24 21 26 12 36 11 18 26 16 14 34 36 15 36 9 16 20 34 29 28 25 40 25 19 15 15 39 37 22 17 21 38 14 23 13 43 19 7 22 23 35 41 12 19 26 24 28 14 12 12 24 22 20 30 17 31 26 26 10 36 14 18 35 13 30 17 40 16 27 16 35 24 35 34 29 22 25 32 14 15 19 17 10 27 13 12 8 
127 35 151 63 92 88 99 83 115 101 70 81 156 31 134 92 118 93 159 86 140 131 168 120 47 139 132 70 163 119 42 89 88 35 169 155 41 148 118 106 114 156 108 42 35 58 73 111 77 75 115 52 162 61 37 160 70 72 118 155 110 85 109 162 106 101 33 32 52 135 34 123 40 109 116 76 131 96 40 147 56 30 77 86 108 128 42 51 108 141 159 140 122 121 37 43 109 100 132 174 146 45 85 148 88 155 123 72 143 53 161 36 40 121 157 114 161 54 152 141 154 100 97 121 111 110 135 137 67 71 105 168 63 79 160 97 169 68 47 31 82 148 35 116 121 107 38 30 129 134 151 63 72 58 33 67 26 131 151 47 63 125 82 78 118 117 133 169 51 83 156 87 89 61 108 168 157 76 150 132 120 91 88 159 83 62 138 55 70 102 78 108 69 144 116 35 125 102 105 60 51 69 135 91 38 175 51 67 149 129 134 50 103 107 97 126 56 162 29 87 101 81 70 131 161 49 154 42 51 100 127 151 127 107 161 95 95 64 46 166 165 94 44 85 170 37 89 40 173 69 27 84 110 176 172 25 95 132 112 115 63 46 39 126 105 72 131 83 118 125 91 56 137 58 48 165 38 149 46 171 64 102 47 129 74 158 141 106 80 102 135 42 77 94 60 41 96 42 30 27 
55 12 59 32 36 42 43 38 47 46 35 37 66 11 59 41 50 40 63 36 63 57 67 52 23 63 54 34 66 48 17 43 40 12 69 65 15 66 50 48 53 66 49 18 14 29 32 47 35 31 47 21 71 28 14 71 26 31 51 61 47 33 47 68 46 42 16 16 25 62 13 56 19 49 45 29 56 40 15 60 25 17 34 38 46 57 23 26 47 61 65 59 55 51 19 24 49 40 58 76 64 23 32 59 38 63 53 33 64 22 68 17 18 53 69 46 69 27 61 60 59 48 43 52 51 48 58 58 32 35 48 73 26 34 67 39 74 32 23 15 37 66 13 45 46 49 17 17 49 57 66 27 28 24 20 27 14 57 59 24 26 55 36 29 46 53 52 71 19 39 67 41 41 30 49 74 68 30 58 57 50 39 39 69 39 25 61 26 33 41 38 47 31 59 51 22 55 42 41 23 25 34 56 42 22 68 24 34 65 59 54 18 45 46 42 55 27 66 16 40 46 36 32 58 63 26 61 22 26 40 56 63 54 43 73 41 40 27 21 72 66 43 25 37 66 16 42 14 73 34 14 40 44 74 75 14 38 57 48 48 30 17 22 54 47 35 51 36 55 55 41 25 60 26 23 71 21 60 24 74 25 47 25 56 34 67 62 47 32 40 61 23 35 38 22 16 43 22 15 10 
8 7 7 8 5 6 0 4 4 7 4 8 1 7 3 4 1 3 6 5 4 7 8 1 0 6 7 1 3 8 7 5 0 7 3 2 7 8 8 7 5 7 3 7 3 3 0 7 3 5 5 5 5 1 8 5 7 4 3 4 5 6 10 4 0 6 8 2 8 6 8 4 4 3 7 7 4 3 8 7 7 7 8 1 1 4 7 5 1 0 4 6 5 1 8 6 1 3 8 5 8 0 8 7 3 4 1 1 7 7 1 1 4 0 8 8 0 2 6 3 6 7 0 1 6 3 0 1 4 6 7 4 8 3 4 6 3 3 0 6 2 8 6 6 8 7 4 6 6 0 1 4 4 4 6 7 7 0 6 4 4 0 2 6 4 7 4 0 8 4 0 5 11 0 4 7 5 5 6 9 5 2 0 2 4 6 4 4 1 6 4 0 0 3 7 7 6 8 8 6 7 3 3 5 6 7 1 8 11 5 3 8 1 2 1 0 0 5 4 0 4 1 1 7 7 4 8 1 5 3 8 1 3 4 7 6 3 3 7 5 5 2 8 4 6 7 4 8 9 4 1 5 4 1 6 7 3 1 1 6 1 6 3 1 0 4 7 1 7 0 7 2 8 3 9 1 4 3 7 4 6 5 6 10 10 3 5 8 9 8 4 4 0 3 7 5 7 4 6 4 
32 9 32 21 20 24 21 21 25 27 20 22 32 8 31 22 24 20 33 20 34 32 38 25 12 35 30 18 32 28 12 24 20 9 34 31 10 38 29 28 29 37 26 12 5 16 16 27 19 18 26 13 38 14 10 39 16 17 26 30 26 18 28 35 23 24 12 9 17 34 11 31 11 27 25 17 30 19 12 34 16 12 22 19 23 31 15 15 23 31 34 32 30 24 14 16 26 18 33 41 36 12 20 33 20 33 27 16 36 14 33 7 11 27 39 27 35 15 33 31 33 28 22 25 29 25 29 29 18 21 27 38 17 16 35 22 39 17 12 11 19 38 8 24 27 29 9 11 27 28 34 14 15 13 13 17 11 29 31 14 13 28 18 17 24 31 27 36 13 22 34 23 26 16 27 41 37 15 31 33 28 19 19 36 22 15 33 15 17 23 21 23 15 29 30 15 31 25 24 13 17 19 27 23 14 37 12 21 38 32 25 13 23 24 21 28 14 35 10 20 26 18 15 33 34 16 34 12 16 18 32 31 28 23 41 23 19 13 14 39 35 23 17 20 35 12 24 11 41 20 7 23 21 37 41 10 17 28 24 27 16 10 13 26 24 20 28 18 31 28 24 11 35 14 16 37 13 28 16 40 14 26 16 34 23 34 34 28 20 23 33 14 17 17 14 8 25 13 10 6 
4 4 5 5 2 4 1 2 0 4 4 4 3 5 3 0 0 0 3 1 4 3 4 3 4 5 3 3 1 5 3 4 1 4 2 3 5 5 4 4 4 3 2 3 2 2 1 3 0 1 1 2 3 3 6 5 4 0 0 3 1 4 6 0 4 3 4 0 4 5 4 3 0 3 5 5 0 3 5 3 3 3 4 3 0 2 4 2 0 4 0 2 3 3 4 4 3 3 5 4 4 3 5 3 0 0 1 4 5 4 3 3 0 4 4 5 3 2 2 0 3 5 4 4 3 0 3 4 1 3 3 2 4 1 0 2 3 2 4 2 0 5 4 4 5 4 1 2 3 1 4 1 1 1 4 3 4 4 4 2 2 3 4 3 1 4 2 1 5 3 3 3 7 4 2 5 2 4 4 5 1 3 1 3 2 3 3 0 3 2 3 1 1 1 4 6 3 4 5 4 4 3 2 2 4 4 4 5 7 4 2 5 0 0 0 3 4 1 0 4 2 4 3 3 5 4 4 5 2 3 4 3 0 1 6 2 2 1 3 2 1 2 5 0 4 3 3 5 5 4 0 4 3 4 3 3 2 4 0 2 1 4 3 3 3 3 5 0 5 3 3 3 5 0 5 3 3 2 3 2 3 3 3 6 6 0 2 4 5 6 4 2 4 1 4 4 4 2 2 1 
5 3 3 6 1 5 2 4 0 4 6 4 3 3 4 2 1 1 1 0 6 4 3 3 5 6 2 5 0 3 2 6 3 2 1 3 3 6 4 5 6 3 4 2 1 4 1 3 2 1 1 1 4 3 4 6 2 1 2 1 2 2 5 1 4 2 4 2 5 7 3 5 1 4 3 4 1 3 4 3 3 4 4 4 1 4 5 3 2 4 0 2 4 3 4 6 4 2 5 6 5 4 3 2 1 0 2 4 6 3 3 3 0 5 5 3 4 4 1 2 2 7 5 4 4 1 4 4 3 5 4 4 3 1 0 1 5 3 5 2 2 6 2 2 3 5 0 3 1 2 5 0 0 0 5 2 4 4 3 4 0 4 4 1 0 5 0 3 4 4 4 4 7 5 4 6 4 2 2 5 1 3 2 4 4 1 4 1 4 1 5 2 2 1 4 8 3 3 3 2 4 5 2 3 5 2 4 6 7 6 1 3 2 1 1 4 5 0 2 5 4 4 3 5 3 5 3 6 4 2 5 3 1 0 8 2 2 1 2 4 0 4 7 1 2 3 5 3 5 6 1 5 2 4 5 3 1 5 1 1 3 3 5 3 4 4 3 1 6 4 4 3 5 1 5 4 4 1 4 4 1 4 5 6 6 2 4 4 4 4 6 4 4 0 3 2 4 3 2 0 
31 14 37 17 24 19 21 17 26 25 13 22 34 14 26 20 25 21 37 21 27 31 40 27 12 29 32 14 36 31 14 18 17 13 38 34 15 34 30 25 23 37 21 14 11 11 16 27 17 19 27 15 34 15 16 32 21 18 26 36 26 23 29 35 24 26 13 7 16 28 14 25 11 21 30 23 29 23 15 35 16 11 22 20 23 26 11 12 22 31 35 32 26 27 13 11 21 25 32 35 34 10 24 36 20 34 24 18 32 17 35 10 11 26 36 30 34 9 36 29 37 22 22 28 25 24 29 31 15 18 25 34 19 19 35 25 33 14 12 11 16 34 14 30 32 25 12 9 31 28 31 16 19 16 8 19 11 29 37 10 17 26 20 21 28 27 31 34 18 16 32 19 25 14 21 36 33 21 36 33 28 22 18 30 17 18 27 13 15 25 16 23 15 32 28 9 29 27 29 18 15 13 31 21 9 41 13 18 38 26 31 17 21 22 21 27 13 37 8 20 21 19 17 30 39 10 38 11 13 25 30 33 28 25 35 23 23 16 14 36 37 18 12 20 40 13 18 15 41 13 7 17 27 38 36 10 23 30 24 27 12 16 7 28 23 14 33 18 26 27 23 15 33 14 17 34 8 34 14 35 18 22 12 33 22 33 29 26 23 28 27 9 18 22 19 14 24 10 10 10 
53 15 62 31 36 41 44 39 46 45 35 35 67 12 60 41 51 41 64 36 63 55 65 53 25 63 52 35 67 46 15 43 41 14 71 66 17 65 48 47 53 64 49 16 16 29 33 45 36 29 46 20 70 29 16 71 28 32 52 63 46 35 45 69 48 40 14 17 24 61 12 56 19 50 47 31 56 42 14 58 24 16 33 39 47 57 22 25 48 62 65 58 55 53 17 23 50 42 56 77 62 24 34 57 39 62 54 34 63 20 69 19 18 55 67 44 70 28 60 61 60 48 45 54 50 48 60 60 32 34 47 73 24 35 67 38 74 33 25 13 37 65 15 48 48 48 18 16 51 58 67 28 30 25 19 26 13 58 62 24 28 56 38 31 48 52 54 72 20 40 68 41 39 31 49 74 68 32 60 55 50 41 40 70 39 24 61 25 34 40 38 48 32 61 50 22 54 40 41 25 24 34 58 41 21 70 26 33 62 58 56 20 46 47 43 56 28 67 16 41 46 38 33 58 65 26 60 24 26 42 54 65 55 44 72 40 42 28 19 72 66 44 24 37 69 14 42 15 71 35 15 40 46 76 75 12 40 59 48 47 31 20 22 55 48 35 53 37 54 56 40 27 59 27 21 72 21 62 23 74 26 46 25 54 32 67 62 45 30 41 61 23 36 40 24 18 41 22 14 12 
28 12 36 15 21 19 22 17 24 22 16 19 35 12 29 19 25 21 36 19 30 28 37 28 14 30 29 17 35 29 12 20 19 12 37 35 14 32 27 23 25 33 23 11 11 13 17 24 17 17 24 13 33 16 14 35 19 16 26 35 23 22 26 34 25 23 10 7 13 30 11 26 8 23 29 21 27 23 13 32 13 7 19 21 23 26 9 10 23 32 32 30 25 28 10 10 24 24 29 37 31 12 22 33 19 32 26 19 30 15 37 11 9 28 33 27 36 13 33 28 35 23 24 29 23 21 31 32 14 15 22 34 16 19 32 22 36 15 14 8 17 32 12 28 30 23 10 6 29 29 34 15 17 15 8 16 7 31 35 10 16 28 21 19 26 25 29 36 16 18 35 18 22 16 23 35 31 20 34 29 25 22 20 34 17 15 28 11 17 23 17 24 16 32 25 10 26 24 26 17 12 16 31 18 8 40 15 15 35 28 30 15 22 22 21 29 15 35 5 22 20 21 18 27 38 12 35 14 10 24 27 34 27 23 35 20 23 16 11 33 34 21 11 18 38 10 19 13 38 16 7 18 26 40 35 7 23 31 24 25 14 15 9 29 24 15 32 18 25 29 20 15 30 13 13 36 8 33 10 34 16 21 10 30 19 33 28 23 21 27 30 9 20 22 17 13 21 8 7 8 
51 20 67 24 41 36 44 37 48 41 32 34 69 19 58 41 52 42 69 37 60 53 71 54 25 58 56 33 70 52 20 39 40 20 73 68 22 59 50 43 49 63 47 20 20 27 34 46 35 32 48 24 67 30 22 68 34 33 52 68 46 40 46 69 49 43 16 17 20 57 18 52 19 47 53 37 56 45 21 62 24 14 33 41 48 55 18 23 48 63 66 58 52 55 15 18 48 46 52 73 57 24 40 62 40 64 53 36 58 26 71 21 19 55 61 50 71 26 64 59 66 43 46 55 46 47 60 61 30 30 44 70 28 37 67 42 72 31 26 14 36 59 20 53 54 43 20 13 56 58 66 30 33 28 15 30 11 59 67 22 31 56 40 36 52 47 58 72 27 37 68 37 37 31 47 69 65 37 65 53 51 43 40 68 37 28 57 25 33 44 35 48 32 63 48 17 52 44 48 30 20 32 60 39 17 75 27 27 61 54 59 26 45 46 43 56 29 69 14 41 42 39 34 53 71 23 66 24 23 46 49 67 55 46 67 40 44 31 20 69 69 42 18 37 74 17 39 22 70 32 15 37 50 77 71 11 44 60 49 49 30 25 19 57 48 31 59 38 49 56 36 29 53 27 21 71 18 65 19 70 31 43 21 53 31 67 58 42 37 47 58 20 37 43 30 23 39 20 14 15 
7 9 10 5 7 2 3 2 5 6 0 7 5 10 1 4 4 5 8 5 0 6 8 5 5 2 7 2 5 9 8 1 2 9 6 6 10 5 8 5 1 7 2 7 6 2 3 6 4 6 6 7 3 5 11 0 9 5 4 8 5 8 9 5 5 7 8 2 6 1 9 0 4 1 10 10 5 7 10 8 6 6 8 5 3 2 4 4 3 5 4 6 2 5 7 2 0 7 7 1 5 3 10 8 4 5 2 6 4 9 6 6 5 4 5 9 4 0 7 2 8 2 5 6 4 3 4 6 3 4 5 2 8 6 4 7 1 2 5 6 2 5 9 9 10 5 6 4 8 3 3 6 6 6 3 7 6 5 9 2 7 3 6 7 6 5 6 2 10 1 3 2 9 4 2 3 3 8 9 7 5 6 3 0 2 7 0 3 3 7 1 3 3 6 6 2 5 8 10 9 6 1 6 4 3 9 6 5 10 0 6 10 2 2 3 4 4 6 3 4 2 6 5 5 10 1 9 5 4 7 6 6 4 6 3 5 6 6 7 3 5 2 4 4 9 7 1 10 8 0 3 1 7 5 3 6 7 6 3 6 1 9 1 6 4 0 10 3 3 4 5 6 6 4 9 3 2 6 5 2 8 3 3 9 9 4 2 6 10 11 0 2 5 6 9 8 6 3 5 6 
6 10 11 4 7 0 5 3 5 5 2 6 7 11 3 4 5 6 9 6 2 5 8 7 7 0 7 5 7 9 8 1 4 10 7 8 10 3 8 4 1 6 3 7 8 3 5 6 5 5 5 7 2 7 12 1 10 6 5 9 5 9 9 5 7 7 8 3 5 0 9 0 4 3 11 11 5 8 10 7 6 5 7 7 5 2 3 4 4 7 4 5 2 7 6 0 3 9 5 1 4 6 10 8 6 5 3 8 2 9 8 8 5 6 4 9 7 2 7 3 9 0 7 8 3 3 6 8 4 3 4 3 8 7 4 7 2 4 7 6 3 3 10 10 11 3 7 3 8 5 5 7 7 7 2 7 6 7 10 3 8 6 8 8 7 3 7 4 11 3 6 2 8 6 3 2 3 9 9 6 5 8 4 2 3 7 0 4 5 7 2 5 5 7 5 0 5 8 10 10 4 3 8 4 2 9 8 3 8 0 8 10 4 4 4 6 7 7 3 7 1 8 7 4 11 2 9 8 3 8 4 8 5 6 0 5 8 7 6 3 5 4 2 5 9 7 2 10 7 2 4 1 9 8 2 5 8 8 5 6 3 10 3 8 6 0 11 5 1 6 4 8 4 5 8 5 2 7 4 1 8 2 2 8 8 5 1 5 10 12 3 3 7 7 10 10 5 3 5 7 
6 0 1 9 1 9 5 7 2 7 9 6 6 0 8 6 4 4 1 3 9 5 2 6 7 10 2 8 2 2 2 9 6 0 3 5 0 9 5 7 9 5 7 3 2 8 5 4 6 1 2 1 7 6 1 10 0 4 5 1 4 1 5 5 7 3 5 5 6 10 2 9 4 8 0 0 5 4 2 3 4 6 5 6 4 8 8 6 5 7 2 3 8 5 6 9 8 2 6 9 7 7 0 2 5 1 6 7 9 2 6 5 3 7 7 2 7 8 1 5 0 11 7 6 7 5 6 6 6 8 6 7 3 4 4 2 8 7 7 3 5 9 0 1 0 8 3 6 0 5 8 3 1 3 8 2 5 7 1 7 3 7 6 0 1 8 1 6 0 8 7 8 8 8 8 9 7 2 1 6 3 5 5 8 7 2 8 4 7 2 8 5 5 4 6 11 6 3 1 1 6 8 4 6 8 1 7 9 7 9 2 0 5 5 4 7 7 3 5 8 7 7 6 7 0 9 2 8 7 2 7 6 5 2 11 4 4 4 3 7 1 8 10 3 1 3 9 1 5 9 4 9 2 7 8 5 2 7 4 3 6 1 8 6 7 8 0 5 9 7 6 5 7 5 5 8 8 2 7 7 2 8 8 7 7 5 7 6 2 1 9 7 7 2 0 2 6 7 4 1 
6 0 1 8 1 8 4 6 1 6 8 6 4 1 7 5 3 3 1 2 8 5 3 4 6 9 3 7 1 3 2 8 5 1 2 3 1 9 5 7 8 5 6 3 1 7 3 4 5 2 2 1 7 5 2 9 0 3 4 0 4 0 6 4 5 3 5 4 6 9 3 8 3 7 1 1 4 3 3 3 4 6 6 5 3 7 7 6 4 6 2 3 7 4 6 8 7 1 7 8 7 6 2 3 4 1 4 5 8 3 4 3 3 6 7 3 6 6 2 4 1 10 6 5 7 4 5 5 5 7 6 6 3 3 3 2 7 6 6 4 4 9 0 0 2 8 2 5 0 4 7 2 0 2 8 2 5 6 0 6 2 6 5 0 0 8 0 4 2 7 6 7 8 7 7 9 6 1 1 6 3 4 4 7 7 2 7 4 6 2 7 4 4 2 6 10 5 3 2 0 6 7 3 6 8 1 5 8 8 8 0 2 4 4 3 6 6 2 4 7 6 5 4 7 1 8 2 7 6 1 7 4 4 1 11 4 3 2 4 6 1 6 9 3 0 4 8 2 6 8 3 8 0 5 7 5 1 6 3 3 5 0 7 4 6 7 1 3 9 5 6 4 7 4 6 6 7 1 7 6 1 7 7 8 8 4 6 6 3 2 8 6 6 0 1 1 6 6 3 0 
6 4 4 7 2 6 0 3 2 6 5 5 1 4 4 3 0 1 3 2 5 5 5 1 3 6 4 3 0 5 4 6 2 4 0 1 4 7 6 6 6 5 4 4 0 4 0 4 2 2 3 3 5 1 5 6 4 2 1 1 3 3 7 2 2 4 6 1 6 7 5 5 2 4 4 5 2 1 5 5 5 5 6 2 0 4 6 4 1 2 2 3 5 1 6 6 3 1 7 5 6 3 5 4 1 2 1 3 7 5 2 1 2 3 7 5 2 3 3 2 3 7 3 2 5 2 2 2 3 6 5 4 5 0 2 3 4 3 3 4 2 7 3 3 5 6 1 4 3 0 4 1 1 1 6 4 5 2 3 4 1 2 2 3 1 6 1 1 5 4 3 5 9 3 4 7 4 2 3 7 3 1 1 4 4 3 4 2 3 3 5 0 1 0 6 7 5 5 5 3 6 4 0 4 6 4 2 7 9 5 0 5 1 1 0 3 3 2 3 3 4 2 1 6 4 5 5 4 5 1 6 1 1 1 8 3 0 0 4 4 2 3 7 2 3 5 5 5 7 5 0 5 1 2 5 5 0 3 0 3 2 3 4 2 2 4 4 0 7 2 6 1 7 1 7 3 4 0 6 4 3 5 5 8 8 2 4 6 6 5 5 4 3 0 4 2 5 4 3 1 
5 0 1 8 0 8 4 6 1 6 8 5 4 1 7 4 3 3 0 2 8 5 2 4 6 8 2 7 1 3 2 8 5 0 2 4 1 8 4 6 8 4 6 2 1 6 3 3 4 1 1 1 6 5 2 9 0 3 4 0 3 0 5 3 5 2 4 4 6 9 2 7 3 7 1 1 4 3 2 3 4 5 5 5 3 6 7 5 4 6 1 3 7 4 5 8 7 1 6 8 6 6 1 2 3 1 4 6 8 2 5 4 2 6 7 3 6 6 1 4 0 9 6 5 6 4 5 5 5 7 6 6 3 3 2 1 7 5 6 3 4 8 0 0 1 7 2 5 0 4 7 2 0 2 7 2 5 6 1 6 1 6 5 0 0 7 0 4 2 7 6 7 8 7 6 8 6 1 0 6 2 4 4 7 6 1 7 3 6 1 7 4 4 2 6 10 5 3 2 0 5 7 3 5 7 0 5 8 7 8 1 1 4 3 3 6 6 2 4 7 6 5 5 6 1 8 2 7 6 1 6 4 3 1 10 3 3 2 3 6 1 6 9 2 0 3 7 2 5 8 3 8 1 5 7 4 1 6 3 2 5 1 7 5 6 7 1 3 8 6 5 4 7 4 5 6 7 1 6 6 0 6 7 7 7 4 6 5 3 2 8 6 6 1 1 1 5 6 3 0 
53 14 61 31 36 42 44 39 46 45 35 36 67 12 60 41 51 41 64 36 63 55 66 53 25 63 52 35 67 46 16 43 41 14 70 66 16 66 48 48 53 65 49 16 16 29 33 46 36 30 46 20 71 29 15 72 28 32 51 63 46 35 45 69 48 41 14 17 24 62 12 56 19 50 47 31 56 42 14 58 24 16 33 39 47 57 23 26 48 62 65 58 55 53 17 24 50 42 56 77 63 24 33 58 39 62 54 34 64 20 69 18 18 54 67 44 70 28 60 61 60 48 45 53 50 48 59 60 32 34 47 73 24 35 67 38 74 33 25 14 37 66 15 47 48 49 18 16 50 58 67 28 29 25 20 26 13 58 61 25 27 56 38 30 48 53 53 72 20 40 68 41 39 31 49 74 68 32 60 56 50 41 40 70 39 24 61 26 34 40 38 48 32 60 51 22 54 40 41 25 24 34 57 42 21 69 26 33 63 59 55 19 45 47 43 56 28 67 16 41 46 38 33 58 65 26 60 23 26 42 55 65 55 43 72 40 41 28 19 72 66 44 24 37 68 15 42 15 71 35 15 40 46 76 75 13 40 58 48 48 31 19 22 55 48 35 52 37 54 56 40 26 59 27 21 72 21 62 23 74 26 47 25 55 33 67 62 46 30 41 61 23 36 39 24 18 42 22 14 11 
3 9 9 1 6 0 5 3 3 2 4 4 8 9 4 4 5 5 7 4 4 2 6 7 8 2 5 6 6 7 5 3 4 8 7 7 9 0 5 1 3 3 3 5 7 4 5 3 4 3 3 5 1 7 10 4 8 5 5 8 3 8 6 4 8 4 5 3 2 3 7 1 3 4 9 9 4 8 8 5 3 2 4 8 5 3 0 2 4 7 2 3 2 8 3 0 4 8 3 3 1 6 8 6 5 3 4 8 0 6 8 8 3 7 1 7 7 4 5 2 7 3 8 8 1 2 7 8 3 1 2 3 5 6 3 5 4 4 8 3 3 0 8 9 9 0 6 1 7 5 6 6 5 6 1 5 3 8 9 3 6 6 9 6 6 1 6 5 9 3 7 2 5 7 3 0 2 8 8 3 3 8 5 4 3 5 1 2 6 5 3 5 5 6 3 3 3 5 8 8 2 4 7 2 1 8 8 1 6 2 7 8 4 3 4 7 7 5 2 8 0 8 7 1 9 3 7 9 2 8 2 8 5 5 3 3 7 6 4 2 3 4 0 3 8 4 3 8 4 4 4 3 8 8 1 3 7 9 4 3 4 9 4 8 6 1 9 5 1 7 1 8 2 5 5 6 2 7 2 0 7 1 1 5 5 4 0 2 8 10 4 2 8 6 8 8 2 3 3 6 
4 2 3 7 0 7 5 6 0 5 9 4 6 2 7 5 4 4 2 1 9 3 0 6 8 9 0 8 3 0 0 9 6 1 4 6 2 7 2 6 8 3 7 0 4 7 5 2 5 0 0 0 6 7 3 9 2 4 5 3 2 2 3 4 7 1 2 5 4 9 0 8 3 7 2 2 4 5 0 1 2 4 3 7 5 7 6 5 5 8 0 2 7 6 4 7 8 4 4 8 5 8 1 0 4 0 5 8 7 0 7 6 2 8 5 0 8 7 0 4 0 9 8 7 6 4 7 7 6 6 5 6 0 4 3 0 8 6 8 2 5 8 2 3 1 6 3 4 0 5 8 3 1 3 7 0 3 8 3 6 3 7 7 0 1 6 1 6 2 7 8 7 6 8 7 8 6 3 1 4 2 6 5 8 7 0 7 3 8 0 8 5 6 4 4 10 4 1 1 2 4 8 5 5 7 1 7 7 5 8 3 1 5 4 4 8 8 2 3 9 6 7 6 6 2 8 0 9 6 4 5 6 4 1 10 2 5 4 1 6 0 7 8 2 2 1 8 1 3 8 4 8 3 7 7 3 3 8 4 1 6 3 8 7 7 7 2 5 8 7 4 6 5 5 3 8 7 3 5 6 2 6 7 5 5 5 6 4 0 3 9 6 8 3 1 3 4 6 2 1 
30 10 34 18 20 22 19 18 24 25 17 21 32 10 29 19 22 18 34 18 31 30 37 25 11 32 29 16 32 28 12 22 18 10 34 32 11 35 28 26 26 35 24 12 7 14 14 26 16 17 25 12 35 13 12 36 17 15 23 32 24 19 28 33 23 23 11 6 15 32 11 28 9 24 27 19 27 20 12 33 15 10 20 18 20 28 13 13 21 30 33 31 27 25 12 13 24 21 32 38 34 11 21 33 17 32 24 16 34 14 33 8 9 26 36 27 34 12 33 29 33 25 21 26 26 23 28 29 15 18 25 36 16 16 33 22 36 15 11 9 16 35 10 26 28 26 8 9 28 26 32 13 15 12 10 16 9 28 33 12 14 26 18 18 24 28 28 34 14 19 33 21 25 14 24 38 34 17 33 32 26 19 17 34 19 15 30 12 15 22 19 21 13 29 28 12 28 24 25 15 15 16 27 21 11 38 12 19 37 29 27 14 20 21 18 27 13 34 7 20 23 18 15 30 36 13 35 11 13 21 30 31 25 22 38 22 19 13 13 36 34 20 14 18 36 11 21 12 40 17 4 20 23 37 38 9 20 28 21 25 13 12 10 26 22 17 30 16 28 26 22 12 33 11 15 35 10 30 13 37 15 24 13 32 21 31 31 26 20 25 30 11 17 19 15 10 23 10 8 6 
9 6 7 9 5 7 0 4 4 8 5 8 1 7 4 4 1 4 6 5 5 8 8 1 0 7 7 2 2 8 7 6 1 6 3 2 7 9 9 8 6 8 4 7 2 4 1 7 4 5 5 5 6 1 8 6 6 4 3 4 6 5 10 4 0 7 9 2 9 7 8 5 4 4 7 7 5 2 8 7 7 7 9 0 1 5 7 5 1 0 4 6 6 0 9 7 3 3 9 6 8 2 8 7 4 4 2 0 8 7 1 0 5 1 9 8 0 3 6 3 6 8 0 0 7 4 1 0 5 7 7 5 8 3 4 6 5 4 0 7 3 9 6 6 7 8 4 6 6 0 2 4 4 4 7 7 8 0 6 5 4 1 0 5 4 8 4 1 8 5 0 6 11 1 5 8 6 5 6 9 6 1 1 3 5 6 5 5 2 6 5 1 1 3 8 8 7 8 8 6 8 4 2 6 7 7 0 9 11 6 3 7 2 3 2 1 1 5 5 1 5 0 1 8 6 5 8 1 6 3 9 1 4 4 8 6 2 3 7 6 5 3 9 5 6 7 5 8 9 5 2 6 3 0 7 7 2 0 2 6 2 6 5 1 1 5 7 1 8 1 8 1 9 4 9 2 5 2 8 5 6 6 7 11 11 4 5 8 8 8 5 5 0 3 7 5 8 5 6 4 
52 19 66 25 40 36 43 36 47 41 31 34 67 18 57 39 51 41 68 36 59 53 70 53 24 58 55 32 69 52 20 38 39 19 72 67 22 59 49 42 48 63 46 19 19 26 33 46 34 32 48 24 66 29 21 67 33 32 51 67 45 39 46 68 48 43 15 15 21 57 18 51 18 46 52 36 55 44 20 61 23 13 33 39 46 53 17 22 46 62 65 58 51 53 15 17 47 45 53 72 58 23 39 62 38 63 52 34 57 25 70 20 18 54 62 50 69 25 64 58 66 42 44 54 45 46 59 60 29 29 43 69 28 36 66 41 71 30 24 14 35 59 19 52 53 42 19 11 55 57 65 29 32 27 14 29 11 58 66 21 29 55 39 35 51 46 57 71 26 36 67 36 37 29 46 68 64 36 64 54 50 42 39 67 35 28 57 23 32 43 34 47 31 62 47 17 51 44 47 29 20 31 59 38 16 74 26 27 62 54 58 25 44 45 42 55 28 68 13 40 41 38 33 52 70 22 66 23 21 45 50 66 54 46 67 39 43 30 20 68 68 41 18 36 73 17 38 21 70 31 14 36 49 76 70 11 43 59 48 48 29 24 18 56 47 30 58 37 49 55 36 27 54 26 21 70 17 64 18 69 30 42 20 53 32 66 57 43 36 47 58 19 36 42 29 22 38 19 13 14 
34 12 35 21 23 24 19 20 27 28 18 24 31 12 29 22 24 21 36 22 32 34 40 24 8 34 33 15 34 31 15 23 18 12 36 31 13 37 31 29 28 39 25 15 8 15 14 29 18 20 28 15 38 11 14 37 19 18 26 34 28 21 31 36 20 26 14 8 18 32 14 29 12 25 28 21 31 20 15 36 18 13 23 16 22 30 15 15 22 27 36 34 29 23 15 15 23 22 35 39 37 9 23 36 20 35 25 13 36 17 32 6 12 23 39 30 31 12 36 31 36 26 18 24 29 26 26 27 17 21 28 37 20 18 36 25 37 16 8 12 19 38 12 28 30 29 11 12 30 26 31 16 18 15 12 20 13 25 35 14 16 25 16 20 27 31 30 33 17 20 30 23 28 12 25 40 37 19 35 35 29 18 17 34 20 18 31 15 15 26 20 21 13 31 31 13 32 28 28 16 18 17 28 23 13 40 9 21 40 30 29 16 21 23 20 25 10 37 10 17 25 15 14 33 37 14 37 8 16 22 33 30 28 25 39 25 20 15 16 39 38 21 16 21 39 14 22 15 43 18 6 21 24 34 40 12 20 25 24 29 13 14 11 25 21 19 32 17 30 25 26 11 36 14 18 34 12 31 16 39 17 26 16 35 25 34 33 29 23 27 30 13 14 20 18 12 27 13 12 9 
34 13 36 21 24 23 20 20 28 28 17 24 32 13 29 22 24 22 37 22 31 34 41 24 8 33 33 15 35 32 15 22 18 13 37 32 14 37 32 29 27 39 25 16 9 15 15 29 19 21 29 16 38 12 15 36 20 19 26 35 28 22 31 36 21 27 15 8 19 32 14 29 12 25 29 22 31 21 16 37 18 13 24 17 22 29 15 15 22 27 37 34 29 24 16 15 23 23 35 39 37 9 24 37 21 36 25 14 36 18 33 7 13 23 39 31 31 12 37 31 37 26 18 25 29 26 27 28 17 21 28 37 20 18 36 26 37 16 8 13 19 37 13 29 31 29 11 12 31 27 30 16 19 16 12 20 13 25 36 14 17 25 17 21 28 31 31 33 17 20 29 23 28 11 25 40 37 19 36 35 30 19 18 33 20 19 31 15 14 26 20 22 13 32 31 13 32 28 29 17 18 17 29 23 13 41 10 21 40 30 30 17 22 23 21 24 10 38 11 16 25 16 14 33 38 14 38 7 16 23 34 31 29 26 38 25 21 16 16 39 38 21 16 22 40 15 22 15 43 17 7 21 25 35 40 12 21 26 24 29 13 15 11 25 21 18 33 17 30 25 26 12 36 15 19 33 12 32 17 39 18 26 15 36 25 35 33 29 24 28 30 13 14 21 19 12 27 13 12 10 
6 7 8 5 5 2 1 0 2 4 1 5 4 8 0 1 2 3 6 3 1 4 6 3 4 2 5 2 3 7 5 2 0 7 4 4 7 4 6 4 2 5 0 5 4 0 2 5 1 3 3 4 2 3 9 2 7 3 2 5 3 6 8 2 4 5 6 0 5 3 7 1 2 0 7 8 3 5 8 5 4 4 6 4 1 0 3 2 1 4 2 4 1 4 5 3 1 5 5 1 4 2 8 6 2 2 0 4 4 6 4 4 2 3 4 7 3 0 5 0 6 3 4 4 3 1 3 5 1 3 4 0 6 4 2 5 1 0 4 4 0 4 7 7 8 4 4 2 6 2 2 4 4 4 2 5 5 4 7 1 4 2 5 5 4 4 4 1 8 0 3 1 8 3 0 3 2 6 6 6 3 4 1 0 0 5 0 1 2 4 1 1 1 4 4 3 3 6 8 6 4 1 4 2 2 7 4 4 8 1 4 7 0 0 1 3 3 4 1 4 1 4 3 3 7 1 7 5 2 5 5 4 2 3 4 3 4 4 5 2 3 0 4 2 6 5 1 8 6 1 1 1 5 4 2 4 5 5 1 4 0 7 0 4 3 0 8 1 3 3 4 4 5 2 7 2 1 4 4 1 5 2 2 7 8 2 1 5 8 9 2 1 4 4 7 6 4 1 3 4 
9 7 7 9 6 7 0 4 5 8 4 8 1 7 3 4 1 4 6 5 5 8 8 1 0 6 7 2 3 9 7 6 1 7 4 2 7 9 9 8 5 8 4 7 3 4 1 7 4 6 6 6 6 1 8 5 7 4 3 4 6 6 10 4 0 7 9 2 9 6 8 5 4 4 7 7 5 3 9 8 7 7 9 1 1 5 7 5 1 0 4 6 6 0 9 7 2 3 9 5 8 1 8 8 4 5 2 0 8 8 1 1 5 0 8 9 0 2 6 3 7 7 0 1 7 4 1 1 4 7 7 4 8 3 4 6 4 3 0 7 3 9 6 6 8 8 4 6 6 0 2 4 4 5 6 7 8 0 6 5 5 1 1 6 4 8 5 0 8 4 0 6 11 1 4 7 6 5 6 9 6 2 1 3 4 7 4 4 2 6 5 1 0 4 8 7 7 8 8 6 8 4 3 6 7 7 0 8 11 5 3 8 2 3 2 1 0 5 5 0 5 0 1 7 7 5 8 0 6 3 9 1 4 5 8 6 3 4 7 6 5 3 8 5 6 8 5 8 9 5 2 5 4 0 6 7 3 1 2 6 1 6 4 1 1 5 7 1 7 1 8 2 9 4 10 2 5 3 8 5 6 6 7 11 11 4 5 8 9 8 4 5 0 3 7 5 8 5 6 5 
2 8 9 1 5 1 5 3 2 1 4 3 7 8 4 3 4 4 6 3 4 1 5 7 8 3 4 6 5 6 4 3 4 7 6 7 8 1 4 0 3 2 3 4 6 4 5 2 4 2 2 4 1 7 9 4 7 4 4 7 2 7 5 4 7 3 4 3 2 4 6 2 2 4 8 9 3 7 7 4 2 1 3 7 4 3 0 2 4 7 1 2 2 7 2 1 4 7 2 3 1 6 7 4 4 2 4 8 1 5 7 7 2 7 1 6 7 4 4 2 6 3 8 8 0 1 6 8 3 0 1 3 4 6 2 4 4 4 8 2 2 1 8 8 8 0 5 0 6 5 6 5 5 5 1 4 2 7 8 2 6 6 8 5 5 0 5 5 8 3 7 2 4 7 3 1 1 8 7 3 2 7 4 4 3 4 2 1 6 4 3 5 5 5 2 4 2 4 7 7 1 4 7 2 1 7 8 0 5 3 6 7 3 3 4 6 7 4 1 8 1 8 7 0 8 3 6 8 1 7 1 7 4 4 4 2 7 5 3 1 2 4 1 2 7 3 3 7 3 4 4 3 7 8 1 2 7 8 4 2 4 8 4 7 6 2 8 4 2 6 1 7 1 4 4 6 2 6 1 0 6 1 1 4 4 4 0 1 7 9 5 2 8 6 7 8 1 2 2 5 
57 20 67 29 42 36 40 33 50 45 26 38 64 19 52 39 48 40 69 38 54 58 73 50 20 56 58 27 68 54 23 35 34 20 71 65 22 63 54 47 45 68 43 23 17 23 30 50 33 35 51 26 67 26 22 63 34 32 49 66 48 39 51 68 44 46 19 13 26 54 20 49 19 42 53 37 56 41 23 65 28 17 37 36 44 51 20 23 43 58 67 61 50 50 20 19 42 44 58 69 63 18 41 65 37 66 49 31 60 28 67 16 20 49 67 52 65 19 66 57 67 41 40 51 47 46 55 57 28 32 47 67 31 34 67 44 66 27 20 17 33 63 20 52 55 47 19 16 57 54 60 29 33 27 15 32 16 54 66 20 29 50 35 36 51 51 57 67 27 32 62 36 43 25 43 69 65 35 65 59 53 39 35 61 33 30 54 25 28 46 31 44 28 61 52 15 55 47 49 30 25 26 57 39 17 76 22 31 67 51 57 27 41 43 40 51 23 69 15 36 41 34 30 56 71 19 68 18 23 44 56 62 53 47 66 43 41 29 24 69 70 37 20 37 73 20 35 23 75 26 12 33 48 72 71 15 41 55 46 51 24 24 14 52 43 28 59 34 49 51 41 25 60 25 26 66 15 63 23 70 31 43 21 58 37 65 58 48 39 48 52 18 32 41 30 21 44 18 17 15 
4 7 8 3 4 1 2 0 2 3 2 4 5 7 2 1 2 3 5 2 2 3 5 4 5 2 4 3 3 6 5 2 2 6 4 5 7 3 5 2 2 3 1 4 5 1 2 3 2 2 2 4 0 4 9 3 6 3 2 5 2 6 6 2 5 4 5 1 4 3 6 1 1 1 7 8 2 5 7 4 3 2 5 5 2 0 2 0 1 5 1 2 0 5 4 2 2 5 4 2 3 4 7 5 2 2 1 6 2 5 5 5 1 4 3 6 4 2 4 0 5 3 5 5 1 0 4 6 0 2 2 0 5 4 1 4 2 1 5 3 0 3 7 7 7 2 4 1 5 2 4 4 4 4 1 4 3 5 7 0 4 4 6 5 4 3 4 2 8 1 4 0 6 4 1 2 0 6 6 4 2 5 2 2 0 4 0 0 3 4 1 2 2 4 3 3 2 5 7 6 3 2 5 0 1 6 5 3 7 2 4 7 1 0 1 4 5 4 0 5 0 5 4 2 7 2 6 6 1 5 3 5 2 3 4 2 5 4 3 0 2 2 3 1 6 4 1 7 5 2 1 1 5 5 1 3 5 6 1 2 2 7 1 5 4 0 7 2 2 4 3 5 3 2 5 3 0 4 2 0 5 0 1 6 6 2 0 3 7 8 3 0 5 4 7 6 3 0 2 4 
7 9 9 5 6 2 3 2 4 5 0 6 5 10 1 3 3 4 7 5 0 5 8 5 5 1 6 2 5 9 7 0 1 8 6 5 9 4 8 5 0 6 1 7 6 1 3 6 3 5 5 6 2 5 11 0 8 5 4 7 4 8 9 4 5 6 7 2 6 1 9 0 3 1 9 10 4 6 9 7 6 5 7 5 3 1 3 3 2 4 4 5 2 5 6 2 0 7 6 0 5 3 9 7 4 4 1 5 4 8 6 5 4 4 5 9 4 0 6 2 8 2 5 6 3 2 4 6 2 3 5 2 7 5 3 6 0 2 5 6 1 4 8 8 9 4 5 3 7 3 3 5 6 6 2 7 6 5 9 2 6 3 6 7 6 4 6 2 10 1 3 2 8 4 1 3 2 8 8 7 5 6 2 0 1 7 0 3 3 6 1 3 3 5 5 2 5 7 9 8 5 0 6 3 2 8 5 5 9 0 6 9 2 2 3 4 4 6 3 4 1 5 5 4 9 0 8 5 3 7 5 5 4 5 3 5 6 5 6 3 5 1 4 4 8 7 0 9 7 0 3 0 7 5 2 5 6 6 3 5 1 9 0 5 4 0 9 3 2 4 5 6 5 4 8 3 1 6 5 1 7 2 3 8 9 3 1 6 9 10 0 2 5 5 9 8 5 2 5 6 
104 27 120 53 73 72 78 67 91 83 57 67 124 24 108 74 93 73 126 67 113 107 134 96 37 113 105 57 129 95 34 73 71 27 134 123 32 121 95 88 93 126 87 34 26 48 58 90 62 60 92 40 131 48 29 130 55 56 94 122 89 67 89 129 85 81 27 25 43 110 27 100 32 88 92 60 104 76 32 118 46 27 63 68 85 104 36 42 86 113 127 113 100 96 31 37 88 79 108 141 119 36 68 118 69 123 98 57 117 42 128 28 31 97 128 91 129 44 121 113 122 82 77 96 91 88 108 109 54 60 87 135 50 62 127 77 136 55 37 25 65 121 27 91 96 88 29 26 102 106 121 49 56 45 28 53 23 105 120 39 49 100 65 61 92 96 105 135 40 68 125 72 74 49 88 137 127 59 119 108 96 72 70 128 67 49 112 44 56 81 64 86 54 113 95 31 102 82 84 47 43 56 107 74 32 139 41 57 122 105 106 40 82 85 77 101 45 128 25 70 83 65 56 107 128 41 123 34 43 79 104 120 101 84 131 77 75 49 38 135 131 76 38 67 135 30 72 32 140 57 21 69 87 141 140 22 74 105 89 92 51 36 32 100 84 60 104 66 97 100 75 44 112 45 40 132 32 118 39 139 50 83 40 105 61 126 115 87 64 81 109 35 61 73 47 31 79 35 25 20 
6 1 2 8 1 7 3 5 1 6 7 5 4 2 6 4 2 3 1 2 7 5 3 4 5 8 3 6 0 3 3 8 4 1 1 3 1 8 5 6 8 5 6 3 0 6 2 4 4 2 2 1 6 4 3 8 1 2 3 0 3 0 6 3 5 3 5 3 6 9 3 7 2 6 1 2 3 2 3 3 4 5 5 4 2 6 7 5 3 5 1 3 6 3 6 8 6 0 6 7 6 5 2 3 3 1 4 5 8 3 4 3 2 5 7 4 5 6 2 4 1 9 5 4 6 3 4 4 5 7 6 6 3 2 2 2 7 5 5 3 4 8 1 1 2 7 1 5 0 3 6 1 0 1 7 2 5 5 1 6 1 5 4 0 0 7 0 4 2 6 5 6 8 6 6 8 6 0 1 6 3 3 3 6 6 2 6 3 5 2 7 3 3 2 6 9 5 3 3 0 6 7 2 5 7 1 4 8 8 8 0 2 3 3 2 5 5 2 4 6 6 4 4 6 1 7 3 6 6 0 7 3 3 1 10 3 2 2 4 6 1 6 9 2 1 4 7 2 6 7 2 7 0 4 7 4 0 5 2 3 4 1 6 4 5 6 2 2 8 5 6 3 7 3 6 6 6 0 6 6 1 6 7 8 8 4 6 6 4 3 7 6 5 0 2 0 5 5 3 0 
107 27 120 56 75 75 77 68 94 86 58 70 121 24 109 76 92 74 127 71 114 110 137 94 35 115 108 56 128 97 36 75 71 27 133 121 31 124 98 91 95 130 89 37 23 49 57 93 63 63 95 43 134 46 29 131 55 58 94 121 92 66 92 131 82 84 30 26 47 112 29 102 35 89 91 60 107 72 33 121 49 30 67 66 85 105 39 45 86 111 130 116 102 93 35 39 88 76 111 142 123 35 69 121 70 126 98 55 120 45 125 25 35 95 131 93 127 44 123 115 123 84 75 94 94 91 106 106 56 63 90 137 53 61 131 80 137 56 35 29 67 124 27 91 96 91 29 29 103 105 120 49 57 46 31 56 26 103 119 41 50 99 62 62 93 99 105 134 41 69 123 74 77 48 89 140 129 58 119 111 100 69 70 129 69 52 113 47 56 83 66 85 53 113 98 32 105 85 85 46 46 57 104 77 35 140 38 60 125 106 104 40 82 86 77 99 43 131 28 68 85 62 54 111 127 42 125 32 45 76 107 117 102 86 133 80 72 49 41 137 134 76 40 71 135 33 74 33 143 58 21 70 84 138 142 25 72 103 89 96 51 35 33 98 83 61 104 65 100 99 78 41 116 46 43 132 34 115 42 141 51 86 42 109 65 127 117 90 66 81 110 37 59 72 48 30 82 37 28 21 
2 8 9 0 5 1 6 4 2 1 5 3 8 9 5 4 5 5 7 3 5 1 5 7 8 3 4 6 6 6 4 4 5 7 7 8 8 0 4 1 4 2 4 4 7 4 5 2 4 3 2 4 2 8 10 5 8 5 5 7 2 8 5 4 8 3 4 4 1 4 6 3 3 4 8 9 4 8 7 4 2 2 3 8 5 3 1 2 5 8 2 2 2 8 2 1 5 8 1 4 0 7 8 5 5 2 4 9 1 6 8 8 3 8 0 6 8 5 5 3 6 4 9 8 1 2 7 9 3 1 1 3 4 6 3 4 5 4 9 3 3 1 8 8 8 0 6 0 6 6 7 6 5 6 2 4 2 8 8 3 6 7 9 6 5 0 5 5 9 4 7 2 4 8 4 2 2 8 7 2 3 8 5 5 4 4 2 2 6 4 4 5 5 6 2 4 2 4 8 8 0 5 7 2 2 7 8 0 4 3 7 8 4 3 4 7 8 5 2 8 1 8 7 1 9 4 6 9 2 8 0 8 5 4 4 2 7 6 3 2 2 5 1 3 7 4 4 8 3 5 4 4 8 8 2 2 7 9 4 3 5 9 4 8 7 2 9 5 2 7 0 8 0 5 4 6 3 7 1 1 6 2 1 4 4 5 1 1 7 9 5 3 8 6 8 8 1 3 2 5 
32 9 32 21 21 25 21 21 26 27 20 23 32 8 32 22 24 21 34 20 34 33 38 25 12 35 31 18 32 28 12 25 20 9 34 31 10 38 30 28 29 37 27 13 5 17 16 27 19 18 26 13 39 14 10 39 16 17 26 30 27 18 29 36 23 25 13 9 17 35 11 31 11 27 25 17 30 19 12 34 17 13 22 18 23 31 16 16 23 30 35 33 31 24 14 16 26 18 34 41 36 12 20 34 20 34 27 16 37 15 33 7 11 27 39 27 35 15 34 32 33 28 21 25 29 26 29 28 18 21 28 39 17 16 35 23 39 18 12 11 20 38 9 24 27 29 9 12 27 28 34 14 16 13 13 17 12 28 31 15 14 28 17 17 24 31 28 36 13 22 34 24 27 15 27 41 37 15 32 34 28 19 19 36 22 16 33 15 17 23 22 23 15 30 30 15 31 25 25 13 17 19 27 24 14 37 12 22 39 32 25 13 23 24 21 28 14 35 10 20 26 18 15 33 34 16 35 11 16 18 33 31 28 23 41 24 19 14 14 39 36 23 17 20 36 12 24 11 42 20 7 23 20 37 41 11 17 28 24 27 16 10 13 26 24 20 28 18 32 27 25 11 35 14 16 37 13 28 16 40 15 27 16 34 23 35 34 28 21 23 33 14 17 18 15 8 26 14 11 7 
128 33 149 65 90 90 98 84 113 103 71 82 155 29 135 93 117 92 157 84 141 132 166 120 46 141 130 71 161 117 41 91 89 32 167 154 38 151 117 109 116 157 109 41 33 60 73 111 78 74 114 49 164 60 35 162 68 71 118 153 110 83 109 162 106 100 32 32 53 137 32 125 40 110 113 74 131 94 38 146 56 32 78 85 107 129 44 53 108 141 158 140 124 120 38 45 110 98 133 176 148 46 83 146 87 153 123 71 145 51 160 35 40 121 159 112 161 55 150 142 151 102 96 120 114 111 135 136 68 74 108 169 61 78 160 95 171 69 46 30 82 151 33 113 118 110 37 32 126 133 151 62 70 56 35 65 27 131 148 49 62 125 81 76 115 119 130 169 49 85 156 89 90 61 110 171 159 73 147 133 120 90 88 160 84 60 139 56 70 99 80 108 68 142 118 38 127 101 103 58 53 70 134 93 40 172 51 70 150 131 132 48 103 107 97 126 56 160 31 87 103 81 70 134 158 51 152 42 53 98 129 150 127 104 163 95 94 62 46 168 163 95 46 85 167 36 90 38 173 71 27 86 108 176 175 26 93 131 112 115 64 43 40 125 105 74 128 83 121 125 93 54 139 57 48 166 40 147 48 173 61 104 49 130 75 158 143 108 78 99 136 44 76 92 58 38 97 43 30 25 
80 23 92 41 56 55 58 50 70 64 43 52 93 20 80 55 69 54 96 52 85 82 103 71 28 85 81 42 97 74 28 55 52 22 101 92 26 92 74 67 70 97 65 28 20 35 42 69 45 47 71 32 99 36 24 97 43 43 69 93 68 52 69 96 63 63 23 18 35 83 23 75 24 65 71 48 79 57 26 91 36 21 50 51 63 77 28 32 63 84 96 86 75 72 26 28 65 60 83 106 91 27 53 91 51 94 72 43 89 34 96 21 25 72 98 71 96 32 93 84 94 62 58 72 69 66 80 81 40 46 66 101 40 46 96 60 102 40 28 21 48 92 22 70 74 67 22 20 78 79 90 37 43 35 22 42 19 78 91 29 38 74 49 48 71 73 80 100 33 50 93 54 58 36 65 104 95 46 91 83 74 54 52 95 50 39 83 34 41 62 48 63 40 85 73 24 78 64 65 37 34 42 80 56 25 106 30 44 94 79 80 32 60 62 56 75 33 98 19 52 62 48 41 82 98 30 95 25 33 60 80 90 75 64 99 59 56 37 30 101 100 56 29 52 103 25 54 26 107 43 14 51 66 105 105 18 56 79 65 71 37 29 24 75 62 45 80 48 74 75 58 33 86 33 32 99 24 89 31 104 39 63 30 82 49 93 86 67 50 63 82 26 46 55 38 25 61 26 20 17 
102 28 121 54 74 75 83 71 93 84 61 67 128 24 112 78 98 77 128 70 117 106 131 100 42 116 104 61 132 93 32 77 75 28 138 127 32 123 93 89 97 125 91 32 30 52 62 89 66 60 92 41 134 52 29 134 56 61 98 125 90 68 85 133 89 80 25 30 43 113 25 104 35 92 92 61 109 79 30 116 45 28 62 72 90 107 38 46 90 117 129 113 103 100 30 39 92 82 107 145 120 41 67 116 74 125 102 61 119 41 132 32 35 101 128 89 133 48 121 117 122 85 82 101 94 92 112 113 58 62 88 139 47 66 131 77 140 59 42 25 70 123 28 93 95 90 33 28 102 111 126 53 59 48 31 52 22 109 121 43 53 105 69 62 95 98 107 139 40 72 129 75 72 54 92 139 130 62 120 106 98 76 75 132 71 48 115 48 61 81 68 91 59 117 96 34 104 79 83 49 43 60 111 77 35 139 45 58 119 108 109 39 86 89 82 105 49 132 28 74 86 69 60 109 129 44 122 38 45 82 104 124 105 86 134 78 79 53 37 138 132 80 40 71 136 28 76 31 137 61 25 72 89 145 143 22 77 110 93 93 55 37 36 104 88 63 104 70 100 105 75 48 112 50 37 137 35 121 40 142 52 86 42 103 59 130 118 86 61 81 113 39 65 77 47 34 78 38 26 23 
1 6 7 2 3 3 5 4 0 0 6 0 7 6 5 3 4 4 5 1 5 0 3 6 8 5 2 6 4 4 2 5 4 5 5 6 6 3 2 1 5 0 4 2 5 4 4 0 4 0 0 2 3 7 8 6 6 3 4 5 0 6 3 3 7 1 2 3 0 5 4 4 1 5 6 7 2 7 5 2 0 0 1 7 4 4 2 2 4 7 0 0 3 7 1 3 5 6 1 5 0 7 6 2 4 0 4 8 3 3 7 7 1 7 1 4 7 5 2 2 4 5 8 7 2 1 6 8 3 2 0 4 2 5 1 2 5 4 8 0 3 3 6 6 6 2 4 0 4 5 7 4 3 4 3 2 0 7 6 3 4 6 8 3 3 2 3 5 6 4 7 3 3 7 4 3 2 6 5 1 0 7 4 5 4 2 3 1 6 2 4 4 5 5 0 6 0 2 5 6 0 5 6 2 3 5 8 2 3 4 5 5 4 3 3 7 7 3 0 8 2 8 6 1 6 5 4 9 2 6 1 7 3 2 6 0 6 5 0 2 0 5 4 1 5 1 4 5 2 5 3 4 6 8 3 0 6 8 3 0 5 6 5 7 6 3 6 4 4 7 0 7 1 4 2 6 4 5 0 2 4 2 2 3 3 4 2 0 5 7 6 3 8 4 5 6 0 3 0 3 
28 13 37 14 23 17 23 18 25 22 16 19 36 13 29 20 26 22 37 20 30 28 38 29 15 29 30 17 36 30 13 19 20 13 38 36 15 31 28 22 24 34 23 12 12 13 18 25 18 18 25 14 32 17 15 34 20 18 26 36 24 23 27 35 26 24 11 8 13 29 12 25 9 23 30 22 29 24 14 33 14 8 19 22 24 26 8 11 24 33 33 30 24 29 10 9 24 25 29 36 31 13 23 34 20 33 26 20 29 16 37 12 10 29 33 28 37 13 34 29 36 22 25 30 22 23 31 33 15 14 23 34 17 20 34 23 36 15 15 9 17 31 13 29 31 22 12 6 31 30 34 17 18 16 6 17 8 31 37 10 17 29 22 20 27 24 31 36 17 18 35 17 22 17 23 34 31 21 35 30 26 23 20 34 18 16 28 12 17 24 17 24 17 33 25 9 27 25 27 18 12 16 32 19 7 41 16 15 35 27 31 16 22 23 22 29 16 36 6 22 19 22 19 27 39 11 36 14 10 25 27 35 28 24 34 21 24 17 12 33 35 21 10 19 40 11 19 14 38 16 8 18 27 41 34 7 24 32 25 26 15 16 9 30 25 14 33 19 24 29 20 16 29 14 14 36 8 34 11 33 18 20 9 30 20 34 27 23 22 28 29 9 20 23 18 14 21 9 8 9 
5 1 1 9 1 9 6 7 2 7 10 5 6 0 8 6 5 5 2 3 10 5 2 6 8 10 2 9 3 2 2 10 7 1 4 6 1 9 4 7 10 5 8 2 3 8 5 4 6 1 2 1 8 7 1 10 1 4 6 2 4 2 5 5 7 2 4 5 6 11 2 9 4 8 1 1 5 5 1 3 4 6 5 7 5 8 8 7 6 8 2 3 8 6 5 9 8 3 6 9 7 8 0 2 5 2 6 8 9 2 6 6 3 8 7 2 8 8 1 5 0 11 8 7 8 5 7 7 7 8 7 8 2 5 4 2 9 7 8 3 6 9 1 2 0 8 4 6 0 6 9 4 1 3 9 2 5 8 2 7 3 8 7 0 1 8 1 6 0 8 8 8 8 8 8 9 7 3 1 6 3 6 6 8 8 1 8 5 8 2 9 6 6 4 6 11 6 2 0 2 6 9 5 7 9 1 7 9 7 10 2 0 6 5 5 8 8 3 5 9 7 7 7 7 1 9 1 9 7 3 7 6 5 2 12 4 5 4 3 7 1 8 10 4 1 3 9 0 5 9 5 9 2 7 8 5 3 8 5 3 7 2 9 7 7 8 0 5 10 7 6 6 7 5 5 8 8 3 7 7 2 8 8 7 7 6 7 6 2 1 10 8 8 3 0 3 5 7 4 1 
6 1 1 8 1 7 3 6 1 6 8 5 4 2 6 4 2 3 1 2 8 5 3 4 5 8 3 6 0 3 2 8 4 1 2 3 1 8 5 6 8 5 6 3 1 6 3 4 4 1 2 1 6 4 3 8 1 3 3 0 3 0 6 3 5 3 5 3 6 9 3 7 3 6 1 2 3 3 3 3 4 5 5 4 3 6 7 5 3 5 1 3 6 3 6 8 6 0 6 8 6 6 2 3 3 1 4 5 8 3 4 3 2 6 7 3 5 6 2 4 1 9 5 4 6 3 5 4 5 7 6 6 3 2 2 2 7 5 5 3 4 8 1 0 2 7 2 5 0 3 6 2 0 1 7 2 5 5 1 6 1 5 4 0 0 7 0 4 2 6 5 7 8 6 6 8 6 0 1 6 3 3 3 6 6 2 6 3 6 2 7 3 3 2 6 10 5 3 3 0 6 7 2 5 7 1 5 8 8 8 0 2 3 3 3 5 5 2 4 6 6 5 4 6 1 7 3 6 6 1 7 4 3 1 10 3 2 2 4 6 1 6 9 2 0 3 7 2 6 7 2 7 0 5 7 4 0 5 2 3 5 1 7 4 5 6 1 3 8 5 6 3 7 3 6 6 6 0 6 6 1 6 7 7 8 4 6 6 3 2 8 6 5 0 1 0 5 5 3 0 
29 8 32 18 18 22 22 20 22 24 19 19 34 8 31 20 25 19 32 17 33 29 35 27 14 33 27 19 33 26 9 23 21 8 35 34 10 35 26 25 28 34 25 9 8 15 16 24 18 14 23 10 36 15 10 38 15 15 25 32 23 18 25 34 25 21 9 8 14 33 8 29 8 26 25 17 27 22 10 31 13 9 18 21 23 29 13 13 23 32 31 29 29 27 10 14 26 21 30 40 33 13 19 30 19 30 27 18 34 12 35 10 8 28 36 25 36 15 30 30 31 26 24 28 26 23 31 31 16 18 24 37 14 17 32 19 38 17 14 7 18 35 8 25 26 26 8 9 26 29 35 13 13 12 11 14 8 30 32 13 13 29 20 15 23 28 26 36 12 21 35 22 23 17 26 39 35 17 31 30 24 21 20 36 20 12 31 12 18 20 20 24 16 30 26 14 28 22 23 13 13 18 29 21 12 36 14 18 35 31 27 12 22 23 21 29 15 32 7 22 24 20 17 30 34 15 32 14 14 21 29 33 27 20 39 20 21 14 10 37 32 23 15 17 35 9 22 10 38 19 7 22 23 39 39 7 20 31 23 23 16 11 12 28 25 19 28 18 29 29 21 14 32 13 13 37 12 31 13 38 13 24 14 30 19 33 32 24 18 23 32 12 19 19 13 10 22 11 7 4 
55 13 60 31 36 41 41 37 46 45 33 36 64 12 58 39 48 38 62 35 61 56 68 50 21 61 54 32 64 49 18 41 38 13 67 63 16 65 50 47 51 66 47 18 13 27 30 47 33 30 47 20 69 26 15 70 27 30 49 61 46 33 47 66 45 42 16 15 25 60 14 54 18 47 46 30 54 39 17 60 25 16 34 36 44 55 22 24 45 59 64 58 54 49 19 23 48 39 57 75 63 21 34 60 36 62 51 31 63 22 66 15 17 51 68 47 67 25 61 59 61 46 41 50 49 46 56 56 30 34 47 71 27 32 65 39 72 30 21 14 35 65 13 45 48 48 15 16 50 55 64 25 27 22 18 28 14 55 60 23 24 53 35 30 45 52 51 69 21 38 65 40 41 28 47 73 67 29 59 57 50 38 37 68 37 25 59 24 31 41 36 45 29 57 51 21 54 43 42 23 25 32 54 40 20 69 23 33 65 57 52 20 43 44 40 53 25 65 15 38 45 35 30 57 64 24 62 20 25 39 56 62 52 42 71 40 38 25 21 71 66 41 24 35 67 17 40 16 73 33 12 38 43 73 74 13 37 55 46 48 28 18 20 52 45 33 52 34 53 53 41 23 60 25 23 69 20 59 23 73 24 45 24 56 35 65 61 47 33 41 59 21 33 36 24 15 42 20 14 9 
108 30 122 57 77 75 76 68 96 87 57 72 120 26 107 76 93 75 129 72 113 111 139 92 32 115 110 54 130 100 38 74 69 30 135 121 34 124 100 91 94 131 88 39 26 48 56 95 63 65 97 45 134 44 31 130 58 60 94 123 93 69 93 132 80 86 32 26 48 111 31 101 36 88 94 63 108 74 36 123 51 31 68 64 85 105 39 45 85 108 132 118 101 92 36 39 86 78 112 141 124 33 71 123 71 128 97 52 120 47 124 24 36 93 132 96 124 42 125 115 126 83 73 92 94 92 104 104 56 63 91 136 55 62 132 82 136 55 33 30 66 124 29 93 99 92 31 30 105 104 118 51 60 48 30 58 27 100 121 41 52 97 61 65 95 100 108 132 43 68 121 74 79 45 88 139 129 60 122 113 101 69 68 127 68 54 112 48 54 85 65 84 52 115 99 31 106 87 87 49 47 56 106 77 34 142 36 60 127 105 106 43 81 86 77 97 41 133 28 65 85 60 52 111 130 41 127 29 46 78 108 116 103 88 132 82 74 51 42 138 136 75 40 72 137 35 73 35 145 57 21 69 87 136 142 27 74 100 89 97 49 37 32 96 81 61 106 65 99 97 79 41 116 47 45 130 33 118 43 141 53 86 42 110 66 127 117 92 68 83 108 37 56 74 50 32 83 37 29 24 
0 5 6 4 2 6 7 6 1 3 8 1 8 5 8 5 6 5 5 2 8 1 1 8 10 7 0 9 5 3 1 8 7 5 6 8 6 5 0 3 8 0 7 0 6 7 6 0 6 0 0 2 5 8 7 9 5 5 6 6 1 6 0 5 9 0 0 5 1 8 3 7 3 7 6 6 4 8 3 0 0 3 0 9 6 6 5 5 6 9 1 1 6 8 0 6 8 6 1 8 2 9 4 1 5 1 6 10 5 2 9 8 2 9 3 2 9 7 2 4 3 8 10 9 5 4 8 9 6 4 3 6 0 6 3 1 8 7 10 0 5 5 6 6 5 4 5 2 3 7 9 5 3 5 6 1 0 9 6 6 5 8 9 3 4 4 3 7 5 7 9 6 2 9 7 6 5 7 5 0 1 8 7 8 6 1 6 3 8 2 7 6 7 6 2 9 3 0 4 6 1 8 7 5 6 4 9 5 2 7 6 4 6 5 5 9 9 4 3 10 5 9 8 4 6 8 3 10 4 7 2 8 5 3 9 1 7 6 0 5 0 8 6 2 5 0 7 4 0 8 5 7 6 9 6 0 6 10 5 1 7 6 7 9 8 6 6 6 7 9 1 8 2 5 0 9 6 6 3 5 4 5 5 1 1 6 5 1 3 6 9 6 9 5 5 7 1 5 1 3 
8 8 8 7 6 5 1 3 4 7 2 7 3 8 1 3 1 4 6 5 2 7 8 2 2 4 7 0 3 9 7 3 0 7 4 3 8 7 8 6 3 7 2 7 4 2 1 7 3 5 5 6 4 2 9 3 7 4 3 5 5 7 10 4 2 7 8 1 8 4 8 3 4 2 8 8 4 4 9 7 7 6 8 2 1 3 6 4 1 2 4 6 4 2 8 5 0 5 8 3 7 0 9 7 3 4 0 2 6 8 3 3 4 1 7 9 1 0 6 2 7 5 2 3 5 3 1 3 3 6 6 3 8 4 4 6 2 2 2 6 1 7 7 7 9 6 4 5 6 1 0 4 5 5 5 7 7 2 7 3 5 0 3 6 5 7 5 0 9 2 0 4 10 1 2 6 4 6 7 8 5 3 0 0 3 7 2 4 0 6 3 1 0 4 7 5 6 8 9 7 7 2 4 4 5 7 2 7 10 3 4 8 1 2 1 1 1 5 4 1 3 2 2 6 8 3 8 2 5 5 7 3 3 5 6 6 4 4 7 4 5 1 7 4 7 7 3 9 9 3 2 3 5 2 5 7 4 3 2 6 0 7 2 3 1 3 8 1 5 1 7 3 8 3 9 0 3 4 6 3 6 4 5 10 10 3 4 7 9 9 2 3 2 4 8 6 7 3 5 5 
0 8 9 4 5 5 8 7 3 3 9 3 10 8 9 7 8 7 7 4 9 1 4 10 12 8 3 10 7 5 4 8 8 8 8 10 8 5 3 4 8 1 8 3 9 8 8 2 7 2 2 5 6 10 9 9 8 7 8 8 3 8 2 7 11 3 3 7 0 9 5 7 5 8 8 9 6 10 6 3 2 4 2 11 8 7 5 6 8 11 3 3 7 10 0 5 9 9 0 8 1 10 7 4 7 3 8 12 5 5 11 10 4 11 2 5 11 9 4 6 6 8 12 11 5 5 10 11 7 5 4 7 3 9 5 4 9 8 12 2 6 5 8 9 8 4 8 3 6 9 11 8 6 7 6 4 1 11 9 7 7 10 12 6 6 4 6 9 8 8 11 6 0 11 8 6 6 9 7 0 3 11 8 9 7 4 7 4 10 4 8 8 9 8 3 9 4 3 7 8 1 9 9 6 6 7 11 4 0 8 8 7 7 6 7 11 11 6 4 12 5 11 10 4 9 8 6 12 5 9 1 10 7 5 9 3 9 8 2 6 3 9 6 4 8 2 8 7 0 9 7 8 9 11 6 2 9 12 7 3 8 9 8 11 10 7 8 8 6 10 1 10 1 7 2 10 7 8 4 5 7 6 6 0 0 7 5 1 6 9 10 7 11 8 7 9 1 7 3 6 
7 1 0 10 2 10 5 8 3 8 10 7 6 0 8 6 5 5 2 4 10 7 3 6 7 10 4 8 3 3 3 10 7 1 4 5 0 10 6 8 10 6 8 4 2 8 5 5 6 3 3 3 8 6 0 11 1 5 6 1 5 1 7 5 7 4 6 6 7 11 3 9 5 9 0 0 6 4 3 4 5 7 6 6 5 8 9 7 6 7 3 5 9 5 7 10 8 2 8 10 8 8 2 3 5 3 6 7 10 4 6 5 4 8 9 4 7 8 3 6 1 11 7 6 8 6 7 6 7 9 8 8 4 4 4 3 9 7 7 5 6 10 1 1 1 9 4 7 1 5 9 4 2 4 9 3 6 7 1 8 3 7 6 1 2 9 2 6 1 9 7 9 9 8 8 10 8 2 2 7 4 5 6 9 8 3 9 5 8 3 9 5 6 4 7 12 7 4 2 1 7 9 4 7 9 2 7 10 9 10 2 2 6 5 5 8 7 4 6 8 8 6 6 8 0 10 3 8 8 2 8 6 5 3 12 5 4 4 5 8 2 8 11 4 2 4 9 2 7 10 5 10 1 7 9 6 2 7 5 4 7 1 9 6 7 9 0 5 10 7 7 5 8 6 7 8 9 2 8 8 2 9 9 8 8 6 8 7 3 0 10 8 7 2 1 2 7 8 5 2 
8 5 6 8 4 6 0 4 3 7 5 7 0 6 3 3 0 3 4 4 5 7 7 0 1 7 6 3 1 7 6 6 1 5 2 0 5 8 8 7 6 7 4 6 1 4 0 6 3 4 4 4 5 0 7 6 5 3 2 3 5 4 9 3 0 6 8 2 8 7 7 5 3 4 5 6 4 1 7 6 6 6 8 0 0 4 7 5 1 1 3 5 5 0 8 7 3 2 8 5 7 2 6 6 3 3 1 1 8 6 0 0 4 1 8 7 1 3 5 3 5 7 1 0 6 3 1 0 4 7 6 4 7 2 3 5 4 3 1 6 2 8 5 5 6 7 3 6 4 0 3 3 3 3 6 6 7 1 5 4 3 1 1 4 3 7 3 0 7 4 1 5 10 2 4 7 5 4 5 8 5 0 0 3 4 5 4 4 2 5 5 0 0 2 7 7 6 7 7 4 7 4 1 5 6 5 0 8 10 5 2 6 1 2 1 1 1 4 4 2 5 0 0 7 5 5 6 2 6 2 8 0 3 3 8 5 1 2 6 5 4 3 8 4 5 6 5 7 8 5 1 5 2 0 6 6 1 1 1 5 1 5 4 0 1 5 6 0 7 1 7 0 8 3 8 2 5 1 7 5 4 6 6 10 10 3 5 7 7 7 5 5 1 1 6 4 7 4 5 3 
30 7 31 20 18 25 24 22 24 26 22 20 36 6 33 23 27 22 32 19 36 30 34 29 15 36 27 21 34 24 9 26 23 6 36 35 8 37 27 27 31 35 28 10 9 18 18 25 20 15 24 10 39 17 8 40 13 17 28 31 25 17 26 36 27 22 10 10 15 36 7 32 11 28 23 15 30 23 8 31 14 11 19 22 25 32 15 16 26 34 33 30 31 28 12 16 28 21 31 42 35 15 16 30 21 32 29 20 36 11 37 11 10 30 37 23 38 17 30 32 29 29 25 29 29 26 32 32 19 21 26 40 14 19 35 20 41 19 15 8 21 37 7 23 23 28 10 11 24 31 37 15 14 13 14 14 9 32 31 15 14 31 21 14 23 30 26 38 10 23 37 24 24 19 28 41 37 16 29 31 26 22 22 38 23 13 34 15 20 21 23 26 18 31 28 16 30 22 21 12 15 21 30 24 15 34 16 21 35 33 28 9 25 25 23 31 17 34 10 24 26 22 19 32 32 17 31 15 16 22 31 35 29 22 42 22 22 15 11 39 33 25 17 20 34 9 25 7 38 21 9 24 23 41 41 9 20 32 26 25 18 10 15 30 27 21 26 20 32 31 23 15 33 15 13 39 14 31 15 40 13 27 16 31 20 36 34 26 16 21 35 15 21 20 11 9 24 14 9 5 
8 4 4 9 4 8 1 5 3 8 7 7 1 4 5 4 1 3 4 4 7 7 6 2 3 8 5 4 1 6 5 7 3 4 2 1 4 9 8 8 7 7 5 6 0 5 1 6 4 4 4 4 7 2 5 7 4 4 3 1 5 3 9 4 2 5 8 3 8 8 6 7 4 5 4 5 4 0 6 6 6 7 8 2 2 6 8 6 2 2 3 5 7 0 8 8 4 0 9 7 8 3 5 6 3 3 3 2 9 6 1 0 4 3 9 7 3 4 5 4 4 9 2 1 7 4 2 1 5 8 7 5 6 2 4 5 6 4 3 6 3 9 4 3 5 8 3 6 4 1 4 3 3 3 7 5 7 2 3 6 3 3 1 4 2 8 3 2 5 6 3 7 10 4 6 8 6 2 4 8 5 1 2 5 6 5 6 4 4 4 6 2 2 2 8 9 7 6 6 3 8 6 1 6 8 5 2 9 10 7 1 5 3 3 2 3 3 4 5 3 6 2 2 8 4 7 6 3 6 0 8 1 3 3 10 5 1 2 6 6 4 5 9 4 4 6 7 6 8 7 2 7 1 2 7 7 0 2 2 5 3 3 6 1 3 6 5 1 8 3 7 0 9 3 8 4 6 0 8 6 4 7 7 10 10 4 6 8 7 5 6 6 2 1 5 2 7 6 5 3 
4 8 9 2 6 0 5 3 3 2 3 4 7 9 4 3 4 5 7 4 3 3 6 7 7 1 5 5 5 7 5 2 4 8 6 7 9 1 5 2 2 3 3 5 7 3 5 4 4 3 3 5 1 7 10 3 8 5 5 7 3 8 6 4 7 4 5 3 3 2 7 1 3 3 9 9 4 7 8 5 3 3 5 7 4 2 0 2 4 7 2 3 1 7 3 0 4 8 3 2 2 6 8 6 4 3 3 8 0 7 7 7 3 7 2 7 7 3 5 2 7 2 7 8 1 2 6 8 3 1 2 2 5 6 3 5 3 3 8 4 2 1 8 9 9 1 6 1 7 5 6 6 5 6 0 5 3 7 9 2 6 6 8 6 6 1 6 4 9 3 6 1 5 6 3 0 1 8 8 4 3 7 4 3 2 5 1 2 5 5 2 4 4 6 3 3 3 5 8 8 2 3 7 2 0 8 8 1 6 1 7 8 3 3 4 6 7 5 2 7 0 8 7 1 9 2 7 8 1 7 2 7 4 4 3 3 7 6 4 1 3 4 1 3 8 5 2 8 5 3 4 2 8 7 0 3 7 8 4 3 4 9 3 7 6 1 9 4 0 6 2 7 2 4 5 5 2 6 2 0 7 1 0 5 6 4 0 3 8 10 4 2 7 6 8 8 3 2 3 5 
56 13 59 32 37 42 41 38 47 46 34 37 64 12 58 40 48 39 63 36 62 57 69 50 21 62 55 32 64 49 19 42 39 13 68 63 15 67 51 49 52 67 48 19 13 28 31 48 34 32 48 21 70 26 14 71 27 31 50 59 47 32 48 67 45 43 17 16 26 61 15 55 19 48 45 30 56 39 17 61 26 18 36 36 45 56 23 25 45 59 66 59 55 49 20 24 48 38 59 76 64 22 34 61 37 63 52 31 64 23 66 15 19 52 69 47 67 26 62 60 61 47 41 50 51 48 57 56 31 35 48 72 27 32 67 40 73 31 22 16 36 67 12 44 48 50 16 17 50 55 65 26 28 24 19 29 15 55 58 24 25 53 35 30 46 53 52 70 20 39 65 41 42 28 48 74 68 28 59 58 51 38 38 68 38 26 60 25 32 42 37 45 30 58 52 22 55 43 43 22 26 33 54 41 21 69 23 34 66 58 52 20 44 45 41 54 26 66 16 38 46 35 30 59 63 25 63 20 26 38 57 62 53 43 72 41 38 26 22 72 67 42 25 37 66 18 41 16 74 34 13 40 42 73 75 15 36 55 46 49 29 17 21 52 45 35 51 35 54 53 42 23 61 26 24 70 21 58 24 74 25 47 25 58 36 66 62 48 33 40 60 22 33 36 23 14 44 22 15 10 
3 7 8 2 4 1 4 2 1 1 4 3 6 8 3 2 3 4 6 2 3 2 5 6 7 2 3 5 4 6 4 3 3 6 5 6 7 2 4 1 3 2 2 4 6 3 4 2 3 2 2 3 0 6 9 4 7 3 3 6 1 6 5 3 6 3 4 2 2 3 6 2 1 3 7 8 2 6 7 4 2 1 4 6 3 2 0 1 3 6 1 2 1 6 2 1 4 6 2 3 1 5 7 4 3 1 3 7 1 5 6 6 2 6 1 6 6 3 4 1 5 3 7 7 0 0 5 7 2 0 1 2 4 5 1 3 3 3 7 2 1 2 7 7 7 1 4 0 5 4 5 4 4 4 1 4 2 6 7 1 5 5 7 5 4 1 4 4 8 3 6 1 5 6 2 1 0 7 6 3 2 6 3 3 2 4 1 0 5 3 2 4 4 5 2 4 1 4 7 7 1 3 6 1 1 6 7 1 5 2 5 7 3 2 3 6 6 4 0 7 0 7 6 0 7 3 6 7 0 6 2 6 3 3 4 2 6 5 3 0 2 3 2 1 6 3 2 7 4 3 3 2 6 7 1 2 6 7 3 2 3 7 3 6 5 1 8 3 2 5 1 6 2 3 4 5 2 5 1 0 5 0 0 5 5 3 0 2 6 9 4 1 7 5 7 7 2 1 2 4 
6 7 8 5 5 2 2 0 3 4 1 5 4 8 0 2 2 3 6 3 1 5 7 4 4 2 5 2 4 8 6 1 0 7 4 4 8 4 7 4 1 5 0 6 5 0 2 5 2 4 4 5 2 4 9 2 7 3 2 6 3 7 8 3 4 5 6 0 5 2 7 1 2 0 8 8 3 5 8 6 5 4 6 4 1 0 3 2 1 4 3 4 1 4 5 2 0 5 6 1 4 2 8 6 3 3 0 5 4 7 4 4 3 3 5 8 3 0 5 0 6 3 4 5 3 1 3 5 1 3 4 0 6 4 2 5 0 1 4 5 0 4 7 7 8 4 4 3 6 2 2 4 4 4 2 6 5 4 7 1 5 2 5 6 4 4 5 1 8 0 3 1 8 3 0 3 2 6 7 6 4 5 1 0 0 5 0 2 2 5 0 1 1 4 5 3 4 6 8 7 4 0 4 2 2 7 4 4 8 1 5 8 0 1 1 3 3 4 2 4 1 4 4 4 8 1 7 5 2 5 5 4 3 4 4 4 4 4 5 2 3 0 4 3 7 6 1 8 7 1 1 1 6 4 2 4 5 5 2 4 0 7 0 4 3 0 8 2 3 3 4 5 5 2 7 2 1 4 4 1 6 2 2 8 8 2 1 5 8 9 1 1 4 4 7 7 5 1 4 4 
5 7 8 4 4 1 2 0 2 3 2 4 5 8 1 1 2 3 6 3 2 3 6 4 5 2 4 3 3 7 5 2 1 6 4 5 7 3 5 3 2 4 0 5 5 1 2 4 2 3 3 4 1 4 9 2 7 3 2 6 2 6 7 2 5 4 5 0 4 2 6 1 1 1 7 8 2 5 7 5 4 3 5 5 2 0 2 1 1 4 2 3 0 5 4 2 2 5 4 1 3 3 7 5 2 2 1 5 3 6 5 5 2 4 3 7 4 1 4 0 6 3 5 5 1 0 4 5 0 2 3 0 5 4 1 4 1 1 5 3 0 3 7 7 8 3 4 1 5 2 3 4 4 4 1 5 4 5 7 0 4 3 6 5 4 3 4 2 8 1 4 0 7 4 0 2 1 6 6 5 3 5 2 1 0 5 0 1 3 4 1 2 2 4 3 3 3 5 7 6 3 1 5 1 1 6 5 3 7 1 5 7 1 0 1 4 4 4 1 5 0 5 4 2 7 1 6 6 1 5 4 5 2 3 4 3 5 4 4 1 3 2 3 2 6 5 1 7 5 2 1 1 6 5 1 3 5 6 2 3 1 7 1 5 3 0 8 2 2 4 3 5 4 2 6 3 0 4 3 0 5 1 1 6 7 2 0 4 7 9 2 0 5 4 7 6 3 0 3 4 
51 17 64 28 38 39 44 37 46 42 33 33 67 15 59 40 51 40 66 35 61 52 67 53 25 61 52 34 68 48 16 41 40 16 71 67 19 63 46 45 51 62 48 16 17 28 33 43 35 29 45 21 69 29 18 70 30 32 51 65 44 37 43 68 48 40 12 16 21 60 14 54 18 48 49 33 55 43 17 58 21 14 30 40 47 56 20 24 47 62 64 56 53 53 15 21 49 44 53 75 60 24 36 58 38 62 53 35 61 22 70 19 17 54 65 46 70 26 61 59 62 45 45 54 48 47 59 60 31 32 44 71 24 35 66 38 73 32 25 11 36 63 17 49 50 46 18 14 53 58 66 28 30 26 17 26 10 58 63 23 28 55 38 32 49 50 55 72 23 38 68 39 37 30 48 71 66 34 62 53 48 41 40 69 38 25 59 24 33 41 36 47 32 61 48 20 52 40 44 27 21 33 58 40 19 72 26 30 61 57 57 22 45 46 42 56 28 67 14 41 44 38 33 55 67 25 62 23 24 44 52 65 54 44 70 38 42 29 17 70 65 43 22 35 70 13 40 18 69 33 14 38 47 76 73 10 41 59 48 46 30 21 21 56 47 33 55 37 52 55 37 27 56 26 19 72 20 63 21 72 28 45 23 52 30 67 60 43 33 44 60 21 36 40 26 20 39 20 12 12 
