60 
300 
587 2575
533 2418
197 1461
599 2522
317 1940
473 2313
671 2711
437 2309
953 3121
407 2058
65 910
281 1840
551 2478
683 2681
89 978
449 2173
347 2063
143 1274
311 1955
839 2995
161 1292
347 2030
77 987
473 2208
779 2984
587 2624
743 3017
227 1592
485 2439
785 3102
683 2882
77 1042
659 2656
923 3233
749 2792
419 2215
317 1921
467 2289
527 2388
623 2625
215 1675
587 2504
533 2501
635 2731
359 1959
407 2189
569 2416
767 2822
779 3066
347 1903
149 1382
821 3066
617 2730
419 2070
413 2046
221 1497
899 3098
371 2025
599 2714
749 2889
30 24 18 11 9 8 22 16 21 7 12 33 29 9 12 17 20 16 29 33 26 21 30 7 29 9 27 28 12 24 15 28 22 33 16 28 12 34 16 31 20 12 25 20 9 18 30 22 7 19 5 16 22 15 27 17 18 30 28 27 18 28 13 34 34 8 14 24 28 5 33 34 18 5 15 31 27 33 34 22 31 15 27 18 10 6 13 17 18 34 26 8 8 17 8 14 18 7 8 27 11 13 26 32 8 19 8 28 23 24 28 32 30 31 14 34 10 25 34 31 28 21 11 19 24 17 14 32 10 25 10 25 16 5 9 21 31 17 15 12 24 20 30 27 5 27 25 14 29 32 19 15 32 12 30 11 21 26 20 31 10 9 13 26 33 14 5 31 15 17 6 20 14 28 15 19 5 16 5 29 14 7 12 12 12 16 29 23 16 22 21 16 7 32 7 32 33 21 24 5 13 23 13 31 31 20 13 31 30 5 11 17 19 12 16 8 11 30 27 10 6 32 25 25 13 28 23 32 12 33 8 14 21 15 29 28 24 24 25 24 25 29 22 7 12 14 11 34 24 13 24 10 6 30 7 32 29 29 15 8 16 30 31 18 20 5 27 21 32 6 31 15 31 24 15 8 22 8 15 7 25 9 33 22 25 8 13 16 22 25 12 14 28 6 21 33 23 9 17 7 
5 1 5 5 6 7 6 5 9 6 8 10 6 7 7 4 7 4 7 5 9 1 4 9 7 7 6 7 0 3 3 9 6 2 1 7 6 4 5 8 1 7 2 7 4 2 6 3 3 4 6 1 8 7 1 6 2 8 9 7 3 6 4 4 5 5 3 5 3 8 6 1 6 2 3 2 0 7 6 4 7 9 7 0 3 9 4 2 7 1 2 6 9 6 7 2 9 4 3 8 5 5 4 0 3 7 9 1 2 4 4 3 8 3 0 2 6 5 5 5 7 7 1 6 1 9 5 5 7 1 9 3 6 5 1 6 4 7 2 4 7 6 3 5 7 3 7 2 7 4 3 3 3 6 1 7 1 0 7 5 7 7 9 2 2 2 6 0 3 6 8 1 5 7 3 9 7 5 6 3 2 5 3 6 7 3 0 4 7 7 6 7 3 9 6 4 7 4 5 5 3 3 6 2 6 4 4 1 0 7 8 6 6 3 7 6 4 7 6 4 9 3 8 8 9 5 2 5 8 5 0 5 6 2 0 5 7 6 4 6 7 7 9 9 0 7 9 8 9 2 6 4 2 7 7 7 7 6 7 6 1 5 9 5 3 4 3 9 8 7 2 2 5 3 8 6 4 1 5 9 7 7 4 9 5 7 1 4 7 1 9 3 0 9 6 3 6 4 0 7 
3 3 1 4 2 2 3 0 7 6 7 7 6 7 9 1 3 4 2 1 7 5 4 6 3 9 8 8 4 1 5 6 6 5 5 3 1 0 6 5 1 3 2 5 2 4 2 4 6 0 8 5 8 9 3 8 5 7 7 5 0 9 2 3 1 1 1 8 1 6 1 3 4 2 3 4 5 8 4 6 5 6 2 4 6 7 7 1 5 3 3 6 7 7 7 2 7 7 5 6 5 7 6 5 4 4 7 3 0 7 2 5 7 5 5 6 7 0 6 3 3 8 6 1 4 7 2 1 4 5 7 5 3 1 1 6 6 8 0 5 2 2 5 5 7 6 7 6 3 3 5 1 4 8 5 5 1 5 9 1 3 6 6 6 6 2 1 4 3 1 5 1 3 5 6 7 4 5 7 3 2 8 1 2 4 6 4 4 6 2 5 3 1 6 1 2 8 1 0 6 5 5 3 2 7 4 1 5 4 9 7 8 7 6 2 6 6 7 3 3 7 4 6 7 7 0 2 3 7 0 5 0 2 5 5 1 5 2 0 8 6 9 7 8 3 9 7 7 7 2 1 5 6 8 8 2 7 2 6 3 4 0 6 7 4 4 5 6 5 9 4 2 6 1 7 6 3 6 3 6 2 7 7 7 0 3 2 3 7 5 6 6 4 7 2 4 8 3 2 2 
64 49 39 26 22 21 49 35 50 20 32 75 64 25 32 36 45 36 62 69 60 44 64 22 63 26 61 64 26 49 34 63 50 70 35 61 28 69 38 68 39 29 52 46 21 39 64 48 19 40 17 36 52 38 55 41 39 68 64 60 37 64 29 72 71 19 28 55 56 17 69 68 41 10 32 65 57 74 73 49 69 38 58 38 25 20 32 34 42 69 53 23 25 41 24 28 44 20 20 61 27 32 57 67 19 44 24 57 46 54 59 68 68 66 31 72 27 52 74 66 61 50 25 42 50 42 31 67 26 53 28 54 37 13 18 49 67 42 30 28 52 44 64 59 18 58 57 32 63 68 43 30 67 31 64 28 41 54 48 64 25 25 34 56 70 28 13 64 33 38 18 40 32 62 35 46 16 37 17 61 28 21 25 28 30 36 60 50 38 48 48 37 14 72 17 67 74 44 51 16 30 50 31 62 68 44 28 65 63 18 30 41 44 29 37 22 27 67 59 23 20 68 58 57 34 59 46 68 32 68 19 30 46 34 60 59 54 52 52 55 57 66 52 23 25 36 30 76 56 26 51 24 16 68 22 69 65 62 37 21 33 62 70 42 44 14 58 50 71 20 65 30 68 49 38 23 48 20 34 22 54 25 72 52 52 21 27 36 51 53 32 33 58 20 46 70 53 21 35 19 
1 6 1 3 1 0 1 2 5 5 5 4 4 6 9 2 1 3 2 1 4 7 4 3 0 9 7 7 6 3 6 3 4 5 7 0 1 4 6 2 3 0 4 3 3 5 2 3 7 3 7 7 6 8 6 7 5 5 4 2 1 8 2 2 3 1 4 8 4 4 3 5 1 4 4 4 7 7 1 6 3 3 2 6 7 4 8 2 3 5 6 5 5 5 6 5 4 7 4 3 5 6 6 7 5 1 4 4 2 8 2 6 5 6 7 7 6 2 5 1 0 7 8 0 5 4 1 1 1 6 4 5 1 1 3 5 5 8 3 5 3 0 5 4 5 7 5 7 0 2 5 4 4 7 7 3 3 7 9 3 0 4 3 7 7 5 2 6 4 0 2 3 2 3 7 4 1 4 6 4 5 8 3 1 2 6 6 3 4 1 4 0 4 3 3 2 7 2 3 5 5 4 0 4 6 3 0 7 6 8 5 7 6 6 1 4 6 5 1 2 4 5 4 5 4 2 5 1 5 2 7 2 0 6 7 1 3 2 2 8 3 8 4 6 4 9 4 5 4 4 3 4 7 6 6 0 5 1 4 1 6 3 3 7 5 3 5 3 2 8 5 5 6 3 5 5 3 7 2 3 3 5 7 5 2 0 3 2 5 7 3 6 6 4 1 3 8 3 4 0 
35 32 27 14 19 16 29 26 25 10 16 40 33 11 13 25 29 21 40 41 31 30 34 14 37 10 26 27 20 32 19 35 25 36 23 36 22 44 19 39 27 20 32 25 15 23 40 25 11 28 6 21 25 16 36 18 23 34 34 32 24 29 20 38 44 17 23 27 36 9 44 43 24 13 21 34 34 32 41 23 37 22 38 26 14 12 17 23 22 42 35 11 14 20 11 22 24 10 10 33 14 15 27 39 13 26 14 33 29 28 34 36 33 35 22 39 11 34 37 36 36 20 19 28 31 24 22 40 17 31 15 27 23 13 16 24 32 17 24 16 35 28 32 31 7 32 28 18 38 36 21 24 35 13 36 17 28 33 20 41 18 13 20 31 37 23 15 38 21 26 13 27 20 33 19 25 12 19 5 34 23 10 20 22 18 19 38 26 20 32 25 24 16 40 17 39 32 29 34 6 15 25 20 39 33 23 19 40 35 6 15 18 21 14 26 12 12 33 32 16 12 37 30 29 18 37 32 37 16 42 16 23 30 20 38 37 30 34 34 26 29 29 28 11 17 14 18 38 30 22 34 14 11 30 7 41 33 39 20 15 25 40 39 21 24 10 30 28 39 6 34 24 31 33 19 9 28 14 21 14 36 12 36 26 34 17 18 20 26 30 19 16 35 11 30 36 24 15 22 16 
5 1 5 5 6 6 6 5 9 6 8 9 6 7 7 4 7 4 6 5 9 1 4 9 7 7 6 7 0 3 3 8 6 2 1 6 6 4 5 8 1 7 2 7 3 2 6 3 3 4 6 1 8 7 1 6 2 8 9 7 2 6 4 4 5 5 3 5 3 8 6 1 6 2 3 2 0 7 6 4 7 9 7 0 3 9 4 1 7 1 2 6 9 6 7 2 9 4 3 8 5 5 4 0 2 7 9 1 2 4 4 3 8 3 0 2 6 5 5 5 7 7 1 6 0 9 5 5 7 1 9 3 6 5 1 6 4 7 2 4 6 6 3 5 7 3 7 2 7 4 3 3 2 6 1 7 0 0 7 5 6 7 9 2 2 2 5 0 3 6 7 1 5 7 3 9 7 5 6 3 2 5 3 6 7 3 0 4 6 7 6 7 3 9 6 4 7 4 5 5 3 3 6 2 6 4 4 1 0 7 8 6 6 3 7 6 4 7 6 4 9 3 8 7 9 5 2 5 8 5 1 5 6 2 1 5 7 6 4 6 7 7 9 9 0 7 9 8 9 2 6 4 2 7 7 7 7 6 7 6 1 5 9 5 3 4 3 9 8 7 2 2 5 3 8 6 4 2 5 8 7 6 4 9 4 7 1 4 7 1 8 3 0 9 6 3 6 3 0 6 
2 3 1 3 2 2 3 1 6 5 6 6 5 6 8 0 3 3 2 1 6 5 4 5 3 8 7 7 4 0 4 5 5 4 5 2 2 1 5 4 1 2 2 4 1 3 2 3 5 0 7 5 7 8 3 7 4 6 6 4 0 8 1 2 2 0 2 7 1 6 2 3 3 2 2 3 5 7 3 5 4 6 2 4 6 6 6 0 4 3 3 5 7 6 6 2 6 6 4 5 5 6 5 5 4 3 6 2 0 7 1 5 6 5 5 5 7 1 5 2 3 7 6 1 3 6 1 1 3 5 6 4 2 0 1 5 5 8 1 4 2 1 4 4 6 5 6 5 2 2 5 2 3 7 5 4 1 4 8 1 2 5 6 5 5 2 1 4 2 1 4 1 2 4 5 6 3 4 6 3 2 7 0 2 3 5 4 3 5 2 4 3 1 5 2 1 7 0 1 5 4 4 3 2 6 3 0 5 4 8 6 7 6 5 2 5 5 6 2 2 6 4 6 6 6 1 3 2 6 0 5 1 2 4 5 1 4 2 0 7 5 8 6 7 2 8 6 6 6 2 2 4 5 7 7 2 6 2 5 2 4 1 6 6 4 3 4 5 4 8 4 3 5 1 6 6 2 5 2 5 3 6 7 7 0 2 1 2 6 5 5 5 4 6 1 3 7 2 2 2 
2 4 0 3 1 1 2 0 6 6 7 6 5 7 9 1 2 4 2 1 6 5 4 5 2 9 7 7 5 1 5 5 5 5 6 2 1 2 6 4 2 2 3 5 2 4 1 4 6 1 7 6 7 9 4 8 5 6 6 4 0 9 2 3 1 0 2 8 2 6 1 4 3 3 3 4 5 8 3 6 4 5 1 5 6 6 7 1 4 4 4 6 6 6 7 3 6 7 5 5 5 6 6 6 5 3 6 3 1 8 2 6 6 6 6 6 7 0 5 2 2 7 6 0 4 6 1 0 3 5 6 5 2 0 2 6 5 8 1 5 2 1 5 5 7 6 6 6 2 3 5 2 4 7 6 4 2 5 9 1 2 5 5 6 6 3 0 4 3 0 4 1 3 4 6 6 3 5 7 4 3 8 1 1 3 6 5 4 5 1 5 2 2 5 1 2 8 1 1 6 5 4 2 3 7 4 0 6 5 9 7 8 6 6 1 5 6 6 2 2 6 4 6 6 6 0 3 2 6 0 6 0 1 5 5 0 4 1 0 8 5 9 6 7 3 9 6 7 6 3 1 4 6 7 7 1 6 1 5 2 5 1 5 7 4 4 5 5 4 9 4 3 6 1 6 6 3 6 3 5 2 6 7 7 0 1 2 3 6 6 5 6 5 6 1 4 8 2 3 1 
4 3 5 3 7 6 5 5 7 4 6 8 4 5 5 4 7 3 7 4 7 3 2 7 6 5 4 4 2 3 1 7 4 0 2 6 6 5 2 7 2 6 2 5 3 0 7 1 1 4 4 0 6 4 3 4 0 6 7 5 2 4 3 2 6 5 4 3 3 6 6 3 5 3 2 0 1 4 5 2 6 7 7 3 1 7 2 1 5 2 4 4 8 4 5 3 7 2 1 6 2 3 2 2 0 6 7 0 2 2 3 0 6 1 2 1 4 5 3 3 6 4 2 6 1 8 4 5 6 0 7 1 5 5 1 4 2 5 3 2 7 5 1 3 5 1 5 1 6 2 1 4 0 4 1 6 1 2 4 6 6 5 7 1 0 3 6 1 2 6 6 1 4 5 1 7 6 3 4 1 3 3 4 6 5 1 3 2 5 7 4 6 4 8 6 3 4 4 6 2 1 1 5 3 3 2 3 3 0 4 6 4 4 1 6 4 2 5 4 3 7 1 6 6 7 5 3 3 6 5 2 5 6 0 3 5 6 7 4 4 6 5 7 7 0 4 8 6 7 3 6 2 1 5 5 6 5 6 5 5 3 5 8 2 1 2 0 7 7 5 0 3 2 4 6 4 3 1 3 7 7 4 2 7 5 6 0 2 5 0 7 1 1 7 6 1 4 2 0 6 
34 27 24 14 16 14 28 22 28 11 18 41 33 14 16 21 27 19 36 38 33 24 33 15 36 13 31 32 14 28 16 35 26 33 17 34 19 39 18 38 22 18 27 26 12 19 37 24 8 24 9 16 28 19 31 21 18 36 35 33 21 32 17 37 40 14 18 27 32 11 40 37 23 8 17 31 28 37 40 24 37 23 34 21 11 13 14 19 23 36 30 12 16 21 13 17 25 9 9 34 14 16 28 34 9 25 16 28 25 26 31 32 36 32 16 34 14 31 37 35 34 25 13 25 26 25 19 37 17 25 17 26 21 10 11 25 33 21 19 14 31 26 31 30 10 27 30 14 36 35 20 19 32 15 31 17 23 28 24 37 16 15 21 26 33 18 11 32 17 23 13 22 18 34 16 26 11 19 9 31 18 10 16 19 18 16 32 25 21 29 26 22 11 40 14 36 37 25 30 7 14 24 19 34 34 23 16 34 29 9 17 21 23 13 23 13 13 35 32 13 14 33 31 31 20 34 27 36 18 38 10 20 27 15 32 34 30 31 30 27 31 33 29 14 12 18 19 40 31 17 31 13 6 35 12 39 34 36 21 14 19 36 39 20 22 8 27 29 39 11 31 19 33 28 21 12 25 9 19 14 33 14 35 29 30 15 14 19 28 25 19 15 29 13 27 34 27 12 17 14 
152 122 93 58 49 44 114 83 112 40 66 172 150 51 67 87 105 83 149 167 137 108 153 41 149 52 141 146 62 121 78 146 114 167 83 144 64 172 84 160 100 64 125 105 46 92 154 112 38 97 31 83 117 82 137 91 92 156 147 140 90 146 66 172 173 43 71 125 141 31 169 171 94 26 76 157 138 171 174 114 160 82 139 92 54 36 69 84 95 171 132 45 47 90 46 71 97 40 43 141 58 70 134 163 42 100 47 140 114 125 141 163 156 158 73 173 56 127 174 157 144 111 59 98 121 92 72 162 55 128 56 128 83 27 44 110 158 91 76 63 124 103 153 138 31 138 130 73 149 162 98 77 162 65 153 60 104 133 107 158 54 50 71 133 168 71 28 157 76 88 35 99 73 145 79 102 29 84 30 146 71 40 61 64 64 83 147 117 85 114 109 84 36 167 38 162 171 106 123 29 68 117 69 156 160 103 66 158 152 32 61 91 100 63 84 44 59 156 138 52 37 162 131 131 72 143 117 162 66 167 43 72 109 77 148 143 125 124 127 126 130 152 116 42 60 77 62 176 127 66 124 53 33 156 41 164 150 149 80 43 82 153 162 95 102 27 137 111 165 37 157 77 159 121 81 45 112 43 77 41 130 50 170 117 127 44 64 82 116 128 66 73 142 37 108 167 121 46 85 39 
33 26 20 15 12 12 26 18 28 13 19 41 34 16 20 18 24 20 32 35 33 24 34 13 33 17 34 35 14 24 19 34 27 37 20 32 15 35 21 36 19 16 26 25 11 21 33 25 12 20 12 20 30 23 29 24 21 37 35 32 18 36 15 37 36 10 14 31 28 11 36 35 22 6 17 34 30 40 38 27 37 22 30 21 15 13 19 17 23 35 28 14 16 23 15 15 25 13 12 33 16 19 31 35 11 24 15 29 22 30 30 36 37 35 18 39 17 27 39 34 32 28 15 22 26 24 16 34 15 29 17 29 19 7 8 27 36 25 15 16 27 23 34 31 12 31 31 18 33 35 23 16 35 19 34 16 21 29 28 33 14 15 20 30 37 15 7 33 17 20 11 19 17 33 20 26 9 21 11 31 15 14 12 15 16 20 32 26 21 25 26 20 7 39 9 34 40 22 26 10 17 27 17 31 37 24 14 35 33 13 18 24 25 17 20 13 16 36 31 12 13 35 32 32 20 30 24 35 19 34 12 16 24 19 32 30 29 27 26 31 31 37 29 15 13 22 18 41 31 14 26 14 10 37 14 36 35 32 21 12 18 32 38 24 24 8 30 28 38 14 34 16 36 24 22 14 25 12 18 13 29 15 39 30 26 12 14 19 29 29 18 18 30 13 24 36 30 11 18 10 
0 8 4 1 4 2 2 5 2 4 2 1 3 4 7 4 3 3 5 3 1 9 3 0 1 7 5 5 7 5 6 0 3 5 8 3 4 6 5 1 5 2 5 1 4 6 5 3 7 5 6 7 4 7 8 6 6 3 1 0 3 7 3 2 6 4 7 8 6 1 6 7 1 7 4 4 8 5 1 5 0 1 5 8 7 1 7 4 0 7 8 3 2 4 3 7 1 7 4 0 4 5 5 8 5 1 1 5 4 8 3 6 2 6 9 7 5 5 4 1 2 5 9 3 7 1 3 3 1 7 1 5 2 4 5 3 4 6 6 4 6 3 4 4 3 7 3 7 3 1 5 7 4 6 8 0 5 8 7 6 2 2 1 7 7 7 5 7 4 3 0 5 2 1 7 1 1 4 5 5 7 8 5 4 1 6 8 2 2 4 2 2 6 1 6 3 5 4 6 4 4 4 2 6 5 2 2 9 7 7 3 6 4 5 4 2 5 3 0 3 1 5 1 2 1 5 7 0 2 5 9 5 3 6 9 4 0 5 5 7 0 7 1 3 5 7 1 3 1 7 5 4 7 4 4 3 3 4 1 2 8 6 1 6 5 3 4 0 0 6 5 7 4 6 3 3 3 8 2 0 6 3 7 2 4 3 4 2 2 7 0 5 7 1 4 3 7 4 5 3 
2 9 6 2 5 3 3 6 1 4 2 0 3 4 8 5 4 4 6 5 0 10 4 0 2 7 5 5 8 6 6 0 3 6 9 4 5 7 6 2 6 3 6 1 5 6 6 3 8 6 6 8 3 7 9 6 7 2 0 0 4 8 5 2 7 6 8 8 7 0 7 8 2 8 6 5 9 5 2 6 1 0 6 9 8 0 8 5 0 8 9 3 0 4 3 8 0 7 4 0 5 5 5 9 6 2 0 6 5 8 5 7 1 7 10 8 5 6 4 2 3 5 10 4 8 0 4 5 2 8 0 5 3 5 6 3 5 6 7 5 7 4 5 4 3 7 3 8 4 2 5 8 5 6 9 1 6 9 7 7 3 2 0 8 8 8 6 8 5 4 1 6 3 2 7 0 2 4 5 6 8 8 6 5 2 7 9 3 2 5 3 3 7 1 7 4 5 6 7 4 5 4 3 7 5 3 3 10 7 7 3 6 4 6 5 3 5 3 1 4 0 6 0 2 0 6 8 2 2 6 10 6 4 7 10 5 1 6 6 7 0 7 0 2 6 7 0 3 0 8 7 4 8 4 4 4 3 5 2 3 9 7 1 7 5 4 5 0 1 6 5 8 5 7 2 3 4 9 4 0 7 3 7 1 6 4 5 2 2 8 0 6 8 0 5 4 7 5 6 4 
121 101 73 47 37 33 89 65 89 33 53 137 120 42 56 69 81 67 118 132 109 90 123 32 117 44 115 119 53 98 65 116 92 137 70 113 49 139 69 126 82 49 103 83 38 76 122 91 34 78 27 70 94 68 113 75 77 125 117 111 73 120 53 138 138 33 59 104 115 24 134 140 74 24 63 128 114 139 138 94 127 64 110 77 46 29 59 69 75 140 109 37 37 73 38 60 77 35 36 112 49 58 109 134 36 78 37 115 93 103 114 133 125 129 62 142 46 101 141 125 113 91 51 77 101 72 56 128 42 106 44 105 65 20 38 89 129 75 62 52 99 80 124 112 26 114 105 62 117 130 81 63 132 55 126 47 87 110 88 126 41 40 56 110 138 60 21 129 63 68 27 82 58 115 66 81 22 68 26 119 60 36 50 49 50 69 122 95 68 89 88 65 31 132 30 129 139 85 98 25 56 96 53 127 130 83 52 130 125 28 49 75 81 53 65 36 49 125 109 42 29 132 104 105 57 113 96 129 53 133 38 57 84 65 122 112 99 98 101 104 104 124 93 34 51 64 49 142 101 56 98 44 30 126 34 129 121 117 64 33 69 122 128 78 84 23 112 88 131 32 128 64 129 98 65 37 90 39 62 32 102 41 139 93 101 33 54 66 93 106 52 61 117 29 84 135 99 38 71 29 
3 5 0 4 0 1 3 0 7 7 7 6 6 8 10 2 2 5 0 2 7 6 5 5 2 10 8 8 6 2 6 5 6 6 7 2 0 2 7 4 3 1 4 5 3 5 0 5 7 2 9 7 8 10 5 9 6 7 6 5 2 10 3 4 1 1 3 9 3 6 0 4 4 4 4 5 6 9 3 7 5 6 0 6 8 6 8 2 5 5 5 7 7 7 8 4 6 8 6 6 6 7 7 7 6 3 6 4 2 9 3 7 7 7 7 7 8 1 6 3 2 8 7 0 5 6 2 1 4 7 6 6 3 1 3 7 7 9 2 6 1 1 6 6 7 7 7 7 1 4 7 3 5 8 7 5 3 6 10 1 2 6 6 7 7 4 0 6 4 0 4 2 4 5 7 6 3 6 8 5 4 9 2 0 4 7 6 5 6 0 6 2 3 5 1 3 9 2 1 7 6 5 3 4 8 5 1 7 6 10 7 9 7 7 1 6 7 7 3 3 6 6 6 7 6 0 4 3 7 1 7 1 0 6 6 1 5 0 1 9 5 10 6 8 4 10 7 7 7 3 0 5 7 8 8 1 7 0 6 3 6 1 5 8 6 5 6 5 4 10 5 4 7 2 7 7 4 7 4 6 1 7 8 7 1 1 3 4 7 7 6 7 6 7 1 5 9 4 4 1 
31 32 23 12 14 10 24 22 22 10 14 34 31 13 19 21 24 19 35 37 27 30 33 8 31 16 32 33 20 29 21 28 25 38 24 31 16 41 21 32 26 14 30 21 13 24 35 25 14 25 11 23 25 22 35 23 24 32 29 26 22 35 17 36 41 13 21 32 34 5 39 42 20 12 20 35 35 38 35 27 31 16 32 26 17 6 20 21 18 41 34 11 9 20 11 21 18 14 12 27 15 17 31 41 13 20 9 33 27 32 32 38 31 37 23 41 15 31 38 32 30 25 20 23 31 18 18 36 11 32 10 30 18 10 14 24 35 23 21 16 31 23 34 31 7 34 28 21 33 34 24 22 36 17 38 11 27 34 27 38 13 10 13 33 40 21 10 38 20 21 6 25 16 29 22 20 7 19 9 34 21 15 18 17 13 22 38 25 18 26 23 19 14 33 13 35 38 26 30 9 17 27 15 38 35 22 16 40 37 12 13 23 23 17 20 10 16 33 27 14 7 37 25 27 14 33 31 33 14 38 17 19 24 21 38 32 24 29 30 31 25 36 22 10 18 21 12 36 25 20 30 14 13 34 11 36 31 34 16 10 25 37 32 24 25 9 31 21 33 12 36 23 35 30 17 10 25 16 18 7 31 12 40 23 30 12 17 18 24 32 12 19 35 7 25 36 29 13 22 11 
96 72 59 39 33 31 73 53 73 28 45 109 94 35 44 55 67 53 93 104 88 63 96 30 94 35 89 92 37 75 49 93 73 103 50 91 42 105 54 101 61 43 78 68 31 57 96 71 25 61 23 51 75 53 81 59 57 99 94 89 57 92 44 107 107 29 44 78 87 24 104 103 61 17 49 97 83 107 109 72 101 55 87 54 34 28 44 53 62 103 79 32 34 59 33 43 64 27 29 90 39 46 84 97 28 65 34 86 71 78 89 100 99 98 43 106 38 80 109 98 91 71 35 63 74 61 47 101 38 78 40 80 54 20 28 71 99 59 47 41 78 66 95 87 24 85 83 46 94 101 62 47 100 43 93 41 64 78 68 97 37 35 49 81 102 43 20 95 49 57 26 61 48 92 50 67 22 54 22 91 44 27 39 42 43 52 87 74 56 72 70 55 23 106 26 101 107 67 77 21 44 74 46 95 100 66 43 94 92 23 42 59 64 41 55 31 39 98 87 35 28 100 84 84 49 89 70 102 45 104 25 47 69 49 87 89 80 78 79 79 83 95 76 31 37 50 43 111 82 41 77 35 21 99 30 103 95 93 53 31 48 94 103 60 65 20 85 72 105 27 97 46 99 75 54 32 71 27 51 30 81 35 105 76 79 31 41 53 75 77 45 47 86 28 69 104 77 31 52 28 
30 32 23 12 14 11 24 22 22 10 13 35 31 12 18 21 24 19 35 37 27 30 33 8 31 15 31 32 19 29 20 29 24 37 24 31 16 40 20 33 25 14 30 20 13 23 35 24 13 24 10 23 25 21 35 22 23 32 29 26 21 34 16 35 41 13 21 31 34 5 39 41 19 12 19 35 34 37 35 26 31 16 33 26 16 7 20 21 17 41 34 10 9 20 10 21 19 13 11 27 14 17 30 40 13 20 9 32 27 31 31 37 31 36 22 41 14 30 37 31 31 25 20 23 30 18 17 36 12 32 11 29 18 9 14 23 34 22 21 16 31 23 33 30 7 33 27 20 33 33 23 22 35 17 37 11 26 34 26 37 13 10 14 33 39 21 10 38 19 21 7 25 16 28 21 20 7 19 9 33 21 14 17 17 13 21 37 25 17 27 22 19 13 34 13 35 37 26 30 8 16 26 15 37 35 21 15 40 36 11 13 22 22 16 20 9 15 32 27 13 7 36 25 26 14 33 30 32 13 38 16 19 24 21 37 32 24 30 30 30 25 35 23 9 17 20 12 36 25 20 30 13 13 33 10 36 31 34 15 10 24 36 33 23 24 8 31 22 33 11 35 22 35 30 17 10 25 16 17 8 31 11 39 23 30 12 17 17 23 32 13 18 35 7 25 35 29 13 22 11 
0 6 2 1 3 1 0 3 4 4 4 3 3 5 8 2 2 3 4 2 3 7 3 2 0 8 6 6 6 3 5 2 3 4 7 1 2 4 5 1 4 1 4 2 2 5 3 2 6 3 6 6 5 7 6 6 5 4 3 1 2 7 2 1 4 2 5 8 4 3 4 6 0 5 3 4 7 6 0 5 1 3 3 7 6 3 7 2 2 5 6 4 3 4 4 5 3 6 4 2 4 5 5 7 5 0 3 3 2 7 2 5 3 5 7 7 5 3 4 0 0 6 8 2 5 3 1 2 0 6 3 4 0 2 3 4 4 7 4 4 4 1 4 3 4 6 4 6 1 1 5 5 4 6 7 1 4 7 8 4 0 3 2 6 6 5 3 6 3 1 1 3 1 2 6 3 0 3 5 4 5 7 3 3 0 5 7 2 3 2 3 1 5 2 4 2 6 3 4 4 4 3 0 5 5 2 0 7 6 7 4 6 4 5 2 3 5 4 0 2 3 4 3 3 3 3 6 0 3 3 7 3 1 5 7 2 1 3 3 7 2 7 3 5 4 7 3 4 3 5 4 3 6 5 5 2 4 2 2 0 7 4 2 6 4 3 4 2 1 7 4 6 5 4 4 4 2 7 1 2 4 4 7 4 3 2 3 1 3 6 2 5 6 3 2 3 7 2 4 2 
91 75 56 35 30 26 68 50 68 25 41 105 91 32 43 51 63 50 91 100 83 68 92 26 90 34 87 90 39 73 48 89 70 102 53 86 39 104 52 97 61 38 76 64 27 56 93 68 25 58 20 52 72 52 85 57 57 95 89 84 53 91 39 103 105 26 44 78 86 20 102 105 56 17 46 95 85 105 104 70 97 50 84 58 34 23 44 51 57 105 81 28 30 55 29 44 59 26 27 85 36 43 82 100 27 60 29 85 69 78 84 99 95 96 47 106 35 77 105 94 87 69 38 59 75 56 43 97 33 79 35 78 50 16 28 67 96 57 47 39 76 62 93 84 20 85 80 46 90 97 60 47 98 41 94 37 64 82 67 96 32 31 44 82 103 45 17 96 46 53 22 60 43 87 49 62 18 51 20 89 44 27 37 39 39 52 91 71 52 69 66 51 23 101 24 96 105 64 74 19 42 71 41 95 98 62 38 98 93 22 38 57 61 40 51 27 37 95 83 30 23 98 80 80 44 86 72 97 41 101 29 44 65 48 91 86 75 75 76 78 79 94 71 27 38 49 39 107 77 41 75 32 22 96 27 99 91 90 49 26 52 93 98 59 62 17 83 68 100 25 95 48 97 73 50 28 67 29 46 26 79 31 104 72 76 27 39 49 71 79 41 46 87 23 65 101 75 27 52 24 
31 28 22 11 14 12 25 20 25 9 16 38 31 12 17 20 25 16 35 36 30 26 30 12 33 14 30 31 16 27 17 32 24 34 20 32 17 38 18 35 22 16 27 23 10 19 35 21 10 23 8 19 26 19 32 20 20 34 33 30 19 32 14 34 39 12 18 28 31 8 38 38 20 9 16 31 31 37 37 24 34 20 33 22 13 10 16 18 20 37 31 10 13 19 11 18 22 10 8 31 12 15 28 36 9 22 13 29 24 28 29 34 34 33 19 37 13 29 35 32 32 24 16 23 27 22 17 35 14 28 14 26 18 8 11 23 32 21 19 12 30 23 31 28 8 30 28 17 33 32 20 19 32 15 34 14 23 30 25 36 14 12 18 29 36 18 10 34 16 21 10 22 15 31 18 23 8 17 8 30 18 11 15 17 15 18 34 23 18 27 23 20 11 37 12 33 37 24 29 7 14 23 16 34 33 20 14 36 32 9 15 20 21 14 21 10 13 33 29 11 11 33 29 28 17 32 27 33 16 37 13 18 25 17 34 32 27 29 28 28 28 34 26 12 13 19 16 38 28 17 29 10 9 33 10 36 32 34 18 11 21 35 36 21 20 5 27 26 36 10 32 19 33 27 18 10 23 12 16 11 31 11 36 26 28 12 14 16 25 28 16 16 31 10 25 32 27 10 18 11 
122 103 74 48 36 31 90 66 90 34 54 137 121 43 58 71 80 69 117 134 109 92 125 32 116 46 116 120 55 100 67 116 94 138 72 113 48 140 71 126 84 47 105 84 40 78 121 93 36 79 28 72 95 70 115 76 79 126 117 111 74 122 55 139 139 34 61 106 116 25 134 142 75 25 65 129 116 140 138 95 128 64 109 79 48 29 61 71 76 142 110 38 37 75 39 61 77 36 38 112 50 59 111 136 38 78 37 117 95 105 115 135 126 131 64 144 48 102 142 126 113 92 53 76 102 72 58 130 42 107 44 106 66 22 40 90 131 77 63 54 99 81 126 114 26 116 106 64 116 131 83 65 134 56 128 48 88 112 90 127 41 41 56 112 140 61 22 131 65 67 27 84 59 116 68 81 22 70 28 121 61 38 52 49 51 71 123 96 69 88 89 65 33 131 31 131 140 87 99 27 58 98 54 129 131 84 53 132 127 30 50 77 83 55 64 37 51 126 110 44 29 134 105 106 57 114 98 130 54 134 40 58 83 67 124 113 100 97 103 105 104 126 93 35 53 66 49 142 101 57 98 45 32 127 36 128 122 116 65 34 71 123 128 80 86 25 114 88 131 33 130 66 131 100 66 38 92 40 63 32 102 42 141 94 102 32 56 68 94 108 52 63 119 29 85 137 101 40 73 28 
2 6 6 0 7 5 4 6 4 0 3 5 1 1 3 5 6 2 8 5 4 7 1 5 5 3 1 1 5 5 2 5 1 1 5 5 6 6 0 5 4 5 4 3 3 3 7 0 3 6 1 3 2 2 6 1 3 2 4 3 3 3 3 1 7 6 6 3 5 3 7 6 4 6 3 1 5 1 4 0 4 5 8 6 3 4 3 3 2 5 7 1 5 1 2 5 4 2 0 4 0 0 0 6 2 4 5 2 3 3 3 2 3 2 6 3 1 6 0 2 5 1 6 6 4 5 5 5 5 4 4 0 4 5 4 1 0 2 6 1 8 5 0 0 2 3 1 3 6 1 0 6 0 1 5 4 4 5 3 7 5 2 5 4 3 6 7 5 3 6 4 4 3 3 3 4 5 0 1 2 6 3 5 7 4 2 6 0 2 7 2 5 6 6 7 3 2 5 7 0 0 0 5 5 0 0 3 6 3 3 2 1 0 1 6 1 0 2 3 3 4 2 3 2 4 6 6 2 3 6 6 6 6 3 6 6 3 7 6 2 3 3 4 4 3 3 5 2 4 6 7 1 4 1 1 6 2 7 3 4 6 7 5 2 1 2 0 5 5 2 1 6 0 6 2 1 2 5 3 4 8 1 2 3 6 6 3 1 2 3 4 1 5 4 6 0 2 3 3 6 
4 3 6 3 7 6 6 6 7 4 6 8 4 4 4 4 7 3 7 5 7 4 3 7 7 4 4 4 2 4 0 7 4 0 2 6 7 5 2 7 2 6 2 6 3 1 7 1 0 5 3 0 6 4 4 3 0 6 7 5 3 4 4 2 6 6 4 2 4 6 7 3 5 4 2 0 2 4 6 1 6 8 7 3 0 7 1 2 5 3 4 4 8 4 5 3 7 2 1 6 2 3 1 2 1 6 8 0 2 2 3 0 6 0 3 0 4 6 3 3 6 4 3 6 2 8 5 5 6 0 7 0 5 5 2 4 1 4 4 2 8 6 1 3 5 0 5 0 7 3 1 4 0 3 1 6 2 2 4 6 6 5 7 0 0 4 6 2 2 6 6 2 4 5 0 7 6 3 3 2 4 2 4 7 6 0 3 2 5 7 4 6 4 8 7 4 4 5 6 2 1 1 6 3 3 2 3 3 0 4 6 4 3 1 7 4 1 5 4 3 7 1 6 6 7 6 4 4 6 5 3 6 6 0 3 6 6 7 5 3 6 4 7 7 0 4 8 6 7 4 7 2 0 5 5 7 5 7 5 5 3 6 8 2 2 3 0 7 7 4 0 4 2 4 6 4 3 1 4 7 8 4 2 7 5 7 1 2 5 0 7 1 2 7 6 1 3 3 0 7 
6 7 9 4 10 9 8 10 6 4 6 8 5 4 1 8 10 5 11 8 7 8 5 9 9 1 1 2 6 8 3 9 4 2 5 9 10 9 3 9 6 9 6 7 6 4 10 3 3 8 2 3 5 1 8 2 4 6 7 6 6 0 7 4 10 9 8 1 8 6 11 7 7 8 6 3 6 2 8 0 7 8 11 7 3 8 2 6 5 7 8 4 8 4 5 7 7 1 2 7 4 3 1 6 4 8 8 4 6 2 6 3 6 3 6 3 3 9 4 5 9 2 6 9 6 9 8 8 8 4 7 1 7 9 6 4 1 2 8 4 11 9 2 4 4 3 5 2 10 4 1 8 2 2 5 7 6 6 0 10 9 6 8 4 2 8 10 6 5 9 8 6 6 7 3 8 8 4 1 5 8 1 8 10 7 1 7 3 5 10 5 9 8 10 10 7 1 8 10 1 2 2 8 8 3 3 6 7 3 1 5 2 3 1 10 5 1 5 6 6 8 4 6 6 7 9 8 6 6 9 6 9 9 4 7 9 7 10 9 0 6 0 8 6 4 0 8 5 7 8 10 4 4 3 3 10 5 10 6 8 7 10 9 2 4 5 2 9 9 2 2 8 1 8 6 3 6 4 6 8 11 4 1 6 9 10 5 4 5 3 8 1 6 7 9 3 1 6 5 10 
3 4 1 5 1 2 4 0 8 7 8 7 6 8 10 1 3 5 1 2 7 5 5 6 3 10 8 8 4 1 6 6 6 5 6 3 1 1 7 5 1 3 3 6 3 5 1 4 7 1 8 6 8 9 4 8 5 8 7 5 1 9 3 4 0 1 2 9 2 7 1 3 4 2 3 5 5 9 4 7 6 7 1 4 7 7 8 2 6 3 3 7 8 7 8 3 7 8 5 6 6 7 7 5 5 4 7 3 1 8 3 6 7 6 6 7 8 0 6 3 3 8 6 1 4 7 2 2 4 6 7 6 4 1 1 7 6 9 0 5 1 2 6 6 8 6 7 7 3 4 6 2 5 8 6 5 2 5 10 0 3 7 7 6 6 2 0 4 4 1 5 1 4 5 7 7 4 6 8 4 2 9 1 1 4 6 5 5 6 2 6 3 2 6 0 3 9 1 0 7 6 5 3 2 7 5 1 5 5 9 8 9 7 6 2 6 7 7 4 3 7 5 7 7 7 0 3 3 7 0 6 0 2 6 5 1 5 1 1 9 6 10 7 9 3 10 7 8 7 2 0 5 6 8 8 2 7 1 6 3 4 0 6 8 5 4 5 6 5 9 5 3 7 1 7 7 4 6 4 6 2 7 8 8 1 2 2 4 7 6 6 6 4 7 2 5 9 3 3 2 
65 48 41 27 24 23 51 37 51 21 33 76 65 26 32 38 47 37 64 71 61 42 65 23 65 26 61 64 25 51 34 65 51 69 34 63 30 71 38 70 41 31 53 48 22 39 66 48 18 42 17 34 53 38 55 41 39 69 65 62 39 63 30 73 73 21 30 54 58 19 72 69 43 12 33 65 55 74 75 49 70 40 60 36 24 21 31 36 43 69 53 23 26 41 24 29 45 19 20 63 27 32 57 64 19 45 26 57 48 53 60 68 69 66 29 71 27 55 74 67 63 50 23 44 49 44 33 69 28 52 29 54 38 15 19 49 67 42 32 29 54 46 64 60 18 58 58 31 65 69 42 32 67 31 62 30 43 52 48 67 27 26 35 55 69 30 15 63 34 40 20 41 34 63 34 47 17 38 17 61 30 20 27 30 31 36 58 51 39 51 49 39 16 73 19 69 74 46 53 16 30 50 33 64 69 45 30 62 61 18 31 41 45 28 39 23 27 68 60 24 22 68 59 58 36 61 47 69 33 71 17 33 48 33 58 61 56 54 54 55 58 66 53 24 25 36 32 77 57 28 53 25 15 68 22 71 66 64 38 22 32 64 71 42 44 15 58 51 72 20 65 31 68 51 39 23 49 18 35 23 57 25 71 53 54 23 28 37 52 52 33 32 57 21 48 70 53 22 35 21 
5 7 8 3 9 8 7 9 5 2 5 7 4 2 0 7 9 4 10 7 5 8 4 7 8 0 0 0 6 7 3 7 3 1 5 8 9 9 2 8 6 8 6 5 6 4 10 2 3 8 0 3 4 0 8 0 4 4 6 5 5 0 6 3 10 8 8 2 7 5 10 7 6 7 5 2 6 0 6 0 6 7 10 7 3 6 2 5 4 7 8 3 7 2 3 7 6 2 1 6 2 2 0 6 4 7 7 4 5 2 6 3 4 3 7 4 1 9 2 4 8 0 6 9 6 7 7 7 7 4 6 1 6 8 6 3 0 0 8 3 10 8 1 3 2 3 3 2 9 3 1 8 2 0 5 6 6 6 0 9 8 4 7 4 3 8 9 6 5 8 7 5 5 5 3 6 7 3 0 4 8 2 7 9 6 1 7 2 4 9 4 8 8 8 10 6 0 7 9 0 1 1 7 7 1 2 6 7 4 0 4 0 2 0 9 4 0 3 5 5 6 3 5 4 6 8 8 5 5 8 7 8 8 4 7 8 6 10 8 0 5 0 6 5 4 0 7 4 6 8 10 3 4 1 1 9 4 9 5 7 8 9 8 1 3 4 1 7 7 0 2 8 0 8 4 2 5 5 5 7 10 3 1 5 8 9 4 3 4 4 7 1 6 5 8 2 0 5 4 8 
0 7 5 0 5 3 2 6 2 1 1 3 0 2 5 4 4 2 6 4 2 8 2 2 3 5 3 3 6 5 4 2 1 3 7 4 5 6 3 3 5 3 4 0 3 4 6 1 5 5 4 5 2 5 7 4 4 1 2 0 3 5 3 0 7 5 6 6 5 1 6 6 2 6 3 3 7 3 2 3 1 2 6 7 5 2 5 3 0 6 7 1 2 1 2 6 2 5 2 1 2 2 3 7 4 2 2 3 3 6 3 4 1 4 7 6 3 5 2 0 3 3 8 4 6 3 3 4 2 6 2 3 2 4 4 1 2 4 6 2 7 4 2 2 1 5 1 5 4 0 3 6 2 4 6 1 5 7 5 6 3 0 2 6 5 6 6 6 3 4 2 4 2 0 5 2 2 1 2 3 6 6 5 5 1 4 7 1 0 5 0 3 6 3 6 3 3 5 6 2 2 2 3 6 3 0 2 8 5 5 1 4 2 3 5 0 3 1 0 3 2 3 1 1 2 5 7 0 1 5 7 5 4 5 8 5 1 6 5 5 0 5 2 2 4 5 2 1 2 6 6 2 6 2 2 4 1 5 0 3 7 6 3 4 3 2 2 2 2 4 3 7 2 5 1 1 2 6 2 2 7 1 5 2 5 4 3 0 1 5 2 3 6 2 5 1 4 3 4 4 
5 0 5 5 6 6 6 4 9 7 9 10 7 7 8 4 7 5 6 4 9 1 5 9 7 8 7 7 0 3 4 8 6 3 2 6 5 3 5 8 0 6 2 7 3 3 6 4 4 3 7 2 9 8 0 7 3 8 9 7 2 7 4 4 4 4 2 6 2 8 5 0 6 1 3 3 1 7 6 5 7 9 6 0 4 9 5 1 7 0 1 7 10 7 8 1 9 5 4 8 5 6 5 1 3 7 9 1 1 5 4 4 8 4 1 3 7 4 6 5 6 7 2 5 1 9 5 5 7 2 9 4 6 4 0 7 5 8 1 4 6 5 4 5 8 3 7 3 6 4 4 2 3 7 2 7 0 1 8 4 6 7 9 3 3 1 5 1 3 5 7 1 5 7 4 9 7 5 7 3 1 6 3 6 6 4 0 4 7 6 6 6 2 9 5 4 7 3 4 5 4 4 6 1 6 5 3 1 1 7 8 7 6 4 6 6 5 8 5 4 9 3 8 8 9 4 1 5 8 4 1 4 6 3 1 5 7 6 3 7 8 8 9 9 0 7 9 8 9 1 5 5 3 8 8 6 7 6 7 6 0 4 9 5 4 4 3 9 8 8 3 1 5 3 8 7 4 3 5 8 6 7 5 9 4 6 1 4 8 2 8 4 1 9 5 4 7 3 1 6 
127 97 79 50 43 40 96 70 94 36 58 143 124 44 56 74 88 70 123 138 114 84 126 38 124 44 116 120 49 100 64 122 96 136 66 120 55 141 70 133 82 56 104 89 41 76 128 93 32 81 27 66 98 68 110 75 76 130 123 117 76 119 57 142 142 38 60 102 116 30 139 138 80 23 64 128 109 140 144 93 133 71 116 73 44 34 57 71 80 138 106 40 43 76 41 59 83 34 37 118 50 59 109 127 36 85 43 114 95 101 118 132 130 129 57 140 48 106 143 130 120 92 45 83 98 79 62 134 49 103 50 105 71 26 38 92 130 76 63 54 103 87 125 114 29 112 109 59 124 134 81 63 132 55 122 53 86 103 88 130 48 45 62 107 135 59 27 126 65 75 33 82 63 120 64 87 28 71 27 120 59 34 53 56 56 68 117 97 72 96 92 72 32 139 34 134 140 89 102 26 57 97 60 127 131 86 57 124 122 28 54 76 83 53 72 40 50 129 115 45 35 133 110 109 63 118 94 134 58 138 33 62 91 64 116 119 105 103 105 103 109 124 98 39 50 64 55 146 106 55 103 46 27 129 37 136 125 123 69 40 65 125 135 78 85 26 112 94 137 33 128 62 130 100 69 40 94 34 66 38 108 44 138 98 106 40 55 70 97 102 58 61 114 34 91 137 100 41 70 36 
5 8 9 4 10 9 8 9 6 3 5 7 4 3 0 8 10 5 11 8 6 8 4 8 8 0 0 0 7 8 4 8 4 2 6 9 10 9 2 8 7 9 6 6 6 5 10 3 3 8 1 4 4 0 8 1 4 5 7 5 6 0 7 4 10 9 9 2 8 5 10 8 7 8 6 3 6 0 7 0 7 7 11 8 3 7 3 6 5 7 9 3 7 3 4 8 7 2 2 7 3 2 0 6 4 8 7 4 6 2 6 4 5 3 7 4 2 9 3 5 8 1 7 9 6 8 8 8 8 5 6 1 7 8 6 3 1 1 8 4 11 8 2 4 3 4 4 3 9 4 1 9 2 1 5 7 6 6 0 10 8 5 8 4 3 8 10 6 5 9 7 6 6 6 3 7 8 4 0 5 8 2 8 10 7 2 8 3 5 10 5 9 8 9 10 6 0 8 10 1 1 2 8 8 2 3 6 8 4 0 4 1 3 1 10 4 1 4 6 6 7 4 5 5 6 9 8 5 5 9 7 9 9 4 8 9 6 10 8 1 5 0 7 5 5 0 8 5 7 8 10 4 4 2 2 9 4 10 5 8 8 10 8 2 4 5 2 8 8 1 2 8 0 8 5 2 6 5 6 7 11 4 2 5 9 9 5 4 5 4 7 1 6 6 9 3 0 6 5 9 
5 6 8 3 9 8 7 8 6 3 6 8 4 3 2 6 9 4 10 7 7 6 3 8 8 2 2 2 5 6 2 8 4 0 4 8 9 8 2 8 5 8 5 6 5 3 9 2 1 7 2 1 5 2 6 2 3 5 7 6 5 1 5 3 9 8 7 0 6 6 9 6 6 6 4 1 4 2 7 0 7 8 9 6 1 7 0 4 5 5 7 4 8 4 4 6 7 0 1 7 3 2 0 4 3 7 8 3 5 0 5 2 5 2 5 2 3 8 3 4 8 2 5 8 4 8 7 7 7 3 7 0 6 7 4 4 0 2 6 3 10 7 1 3 4 2 4 0 8 3 0 7 1 2 3 7 4 4 1 8 8 5 8 2 1 6 8 4 4 8 7 4 5 6 1 7 7 3 2 4 6 0 7 9 7 0 6 2 5 9 5 8 7 9 9 5 2 7 8 1 0 1 7 6 2 3 5 5 2 2 5 2 3 0 9 4 0 4 5 5 7 3 6 5 7 8 6 5 6 8 5 8 8 2 5 8 6 9 7 1 6 2 7 6 3 1 8 5 7 6 9 3 2 3 3 8 5 9 6 7 6 8 8 0 3 4 1 8 8 2 1 6 1 7 5 3 5 3 5 7 10 4 0 6 7 9 3 3 5 2 8 0 4 7 8 2 1 5 3 8 
3 4 1 4 1 3 4 0 8 7 8 7 6 8 10 1 3 5 2 2 7 5 5 6 3 10 8 8 4 1 6 6 6 5 6 3 1 0 7 5 1 3 3 6 3 5 2 4 6 0 8 6 8 9 3 8 5 8 7 5 1 9 3 4 0 1 1 8 1 7 1 3 4 2 3 4 5 9 4 7 6 7 2 4 7 7 7 1 6 3 3 7 8 7 8 2 7 7 5 6 6 7 7 5 5 4 7 3 1 8 3 6 7 6 5 6 8 0 6 3 3 8 6 1 4 7 2 2 5 5 7 6 4 1 1 7 6 9 0 5 1 2 5 6 8 6 7 6 3 4 6 1 5 8 6 6 2 5 9 0 3 7 7 6 6 2 1 4 4 1 5 1 4 6 7 7 4 6 8 4 2 8 1 2 5 6 4 4 6 2 6 3 1 6 1 3 9 1 0 7 6 5 4 2 7 5 1 5 5 9 8 8 7 6 2 6 6 7 4 3 7 5 7 7 7 0 2 3 7 0 5 0 2 5 5 1 6 2 1 9 6 9 7 9 3 9 7 8 7 2 1 5 6 8 8 3 7 2 6 3 4 0 6 7 5 4 5 6 5 9 5 2 7 1 7 7 4 6 4 6 2 7 8 8 1 3 2 4 7 6 6 6 4 7 2 4 9 3 3 2 
2 8 7 1 7 5 4 7 0 2 0 2 1 2 5 6 6 3 8 6 1 10 3 3 4 5 2 2 8 7 5 3 2 4 8 5 7 8 4 4 7 5 6 2 5 6 8 2 6 7 4 6 0 4 9 4 6 0 1 1 5 5 5 2 8 7 8 6 7 0 8 8 3 8 5 4 8 2 4 3 2 2 8 9 6 2 6 5 0 8 9 1 2 1 1 8 1 5 3 2 3 3 3 8 5 4 2 5 5 6 5 5 0 5 9 7 2 7 3 2 5 2 9 6 7 3 5 6 4 7 1 3 4 6 6 1 3 4 7 4 9 5 3 3 0 6 1 6 6 2 4 8 3 3 8 2 6 8 4 8 5 1 3 7 6 8 7 7 5 6 3 6 4 2 6 2 4 3 2 5 8 6 7 7 3 5 9 2 1 7 2 5 8 4 8 5 2 6 8 2 3 3 4 8 3 1 4 9 6 5 0 3 2 4 7 1 3 1 2 4 2 5 0 0 1 7 9 2 0 7 9 7 6 6 9 6 2 8 7 5 0 4 2 0 6 4 2 0 1 8 8 3 7 1 1 6 1 7 1 4 9 8 3 5 4 4 3 3 4 4 4 8 2 7 0 0 4 8 4 2 8 1 5 0 7 6 5 2 0 7 3 4 7 1 6 2 4 5 5 6 
31 32 23 13 13 10 24 21 22 11 14 34 32 13 20 21 23 20 34 37 27 30 34 7 30 16 32 33 20 29 21 28 25 38 25 31 16 41 21 32 26 14 30 21 13 24 35 25 14 25 11 23 26 22 35 23 24 33 29 27 22 36 17 36 40 13 21 32 34 6 39 42 20 12 20 36 35 38 35 27 31 15 32 26 17 7 21 21 18 41 34 11 9 21 11 21 19 14 12 27 15 18 31 41 14 20 9 33 27 32 32 38 32 37 23 42 15 30 38 32 30 26 20 23 31 18 18 36 11 32 10 30 18 9 14 24 36 23 21 17 30 23 34 31 8 34 28 21 32 34 24 22 36 18 38 11 27 35 27 37 12 11 13 34 40 21 10 38 20 20 6 25 17 29 22 20 6 20 10 34 21 15 18 17 13 22 38 26 18 26 23 18 14 33 13 36 38 26 30 9 17 27 15 38 36 22 16 40 37 12 14 23 23 17 20 10 16 33 27 14 7 37 26 27 14 33 31 33 14 38 17 19 24 22 38 32 25 29 30 31 25 36 23 10 18 21 12 37 25 20 30 14 14 34 11 35 32 33 16 10 25 36 31 25 25 9 32 21 32 13 36 23 36 30 18 11 25 16 18 7 31 12 40 24 30 12 18 18 24 33 12 19 35 7 25 36 30 13 22 11 
6 1 6 6 7 7 7 5 10 7 10 11 8 8 8 5 8 6 7 6 10 0 6 10 8 8 7 8 1 4 4 10 7 4 2 7 7 4 6 9 1 7 3 8 5 3 7 5 4 4 7 2 9 8 1 7 3 9 10 8 3 7 5 5 5 6 3 6 3 9 6 2 7 2 4 3 1 8 7 5 9 10 7 0 4 10 5 2 8 2 1 8 11 8 9 2 10 5 5 9 6 7 5 0 4 8 10 2 3 5 5 4 9 4 1 3 8 5 6 6 8 8 1 6 2 10 6 6 8 3 10 4 7 5 2 8 5 8 2 5 7 7 5 6 9 4 8 3 8 5 4 3 4 7 2 8 1 0 8 5 7 8 10 3 3 2 6 2 4 7 9 2 6 8 4 10 8 6 7 4 2 6 4 7 8 4 0 5 8 7 7 8 3 10 6 5 8 5 5 6 5 4 7 2 7 6 4 0 1 8 9 8 7 5 7 7 5 8 7 5 10 4 9 9 10 5 2 6 9 5 1 5 7 3 0 6 8 7 5 7 9 8 10 10 1 8 10 9 10 2 6 5 3 8 8 7 8 7 8 7 0 5 10 6 5 5 4 10 9 8 3 2 6 4 9 8 6 2 6 10 7 8 6 10 5 7 2 5 9 2 10 4 2 10 7 5 7 5 1 7 
1 3 3 1 4 4 3 3 5 3 5 6 3 4 6 2 4 1 5 2 5 4 1 5 4 6 4 5 3 2 2 5 3 2 4 3 4 3 3 5 1 4 0 4 0 1 4 1 3 2 4 3 5 5 4 4 2 5 5 3 0 5 1 1 4 3 3 5 2 4 4 3 3 2 0 1 3 5 3 3 4 6 5 3 3 5 4 0 3 2 4 3 6 4 4 2 5 4 1 4 2 3 3 4 1 4 6 0 0 4 1 2 5 2 4 3 4 3 2 1 4 5 4 4 2 6 2 2 4 3 5 2 2 2 1 3 2 5 2 1 5 3 2 2 4 3 4 3 4 1 2 3 1 4 3 4 1 3 6 4 3 4 5 3 3 3 4 2 0 3 4 0 2 3 3 5 3 2 4 0 3 5 2 4 3 2 4 1 3 4 3 4 3 6 4 1 5 2 4 3 2 1 3 2 3 1 1 4 2 5 5 5 3 2 4 3 3 4 2 0 5 1 5 4 5 3 3 1 5 3 4 3 4 2 4 3 4 4 2 5 4 6 5 6 1 6 6 5 5 3 4 1 3 5 5 4 4 4 4 3 4 4 5 4 1 1 1 5 4 5 1 3 3 2 5 4 1 4 1 5 5 4 4 5 2 4 0 1 4 3 5 2 2 5 3 1 5 0 0 4 
1 6 1 3 1 0 1 2 5 5 5 4 4 6 9 1 1 3 2 1 5 7 4 3 0 8 7 7 6 3 5 3 4 5 7 0 1 3 6 2 3 0 3 3 2 5 2 3 7 2 7 6 6 8 6 7 5 5 4 3 1 8 2 2 3 1 4 8 3 4 3 5 1 4 3 4 6 7 1 6 3 4 2 6 7 4 7 2 3 5 5 5 5 5 6 4 4 7 4 3 5 6 6 7 5 1 4 3 2 8 2 6 5 6 7 7 6 2 5 1 0 7 8 0 5 4 1 1 1 6 4 5 1 1 3 5 5 8 3 4 3 0 5 4 5 6 5 7 0 2 5 4 4 7 7 3 3 7 8 3 0 4 4 7 6 4 2 5 3 0 2 3 2 3 7 4 1 4 6 4 4 8 3 1 2 6 6 3 4 1 4 0 4 3 3 2 7 2 2 5 5 4 1 4 6 3 0 7 6 8 5 7 5 6 1 4 6 5 1 2 4 5 4 5 4 2 5 1 5 2 7 2 0 6 7 1 3 2 2 8 3 8 4 6 4 8 4 5 4 4 2 4 6 6 6 0 5 1 4 1 6 3 3 7 4 3 4 3 2 8 4 5 6 3 5 5 2 7 2 3 3 5 7 5 2 0 3 2 5 6 3 6 5 4 1 3 8 3 4 0 
35 27 24 15 16 15 28 22 29 12 19 42 34 15 17 22 28 20 37 38 34 24 34 15 36 14 32 33 14 28 17 36 27 34 16 35 19 39 19 39 22 19 28 27 13 19 37 25 8 24 9 15 29 20 30 21 19 37 36 33 21 32 17 37 41 14 18 27 32 12 40 37 24 8 18 32 28 38 40 24 38 24 35 20 11 14 15 19 24 36 30 13 17 22 14 17 26 9 10 34 14 17 28 33 10 26 17 29 26 26 32 33 37 32 16 34 15 31 38 35 35 26 12 26 25 26 19 38 17 25 18 27 22 11 11 26 33 22 19 15 32 26 32 31 11 28 31 14 36 36 21 19 33 16 30 18 23 27 25 37 17 15 21 26 33 18 11 32 18 24 13 22 19 34 16 27 12 20 9 31 18 10 16 19 18 17 31 26 22 30 26 23 11 41 14 36 38 26 30 8 15 25 20 34 35 23 17 33 29 10 18 22 24 14 23 13 13 36 32 14 14 34 32 32 21 34 27 37 19 39 10 20 28 16 31 34 31 31 30 28 32 34 30 15 12 19 20 41 32 17 31 13 6 36 13 39 35 36 21 14 19 36 40 21 23 9 28 29 40 11 32 19 34 28 22 13 26 8 20 15 33 14 36 30 30 15 14 19 29 24 20 16 29 14 28 35 27 13 18 14 
1 6 1 3 1 0 1 2 5 5 6 5 5 6 9 2 0 4 2 1 5 7 4 3 1 9 7 7 6 3 6 3 5 5 7 0 0 3 6 2 3 0 3 3 3 5 1 3 7 2 7 7 6 9 6 7 5 6 5 3 1 9 2 3 3 1 4 8 3 4 2 5 2 4 4 4 7 7 2 6 3 4 2 6 7 4 8 2 3 5 5 5 5 6 6 4 4 7 5 4 5 6 6 7 5 2 5 4 2 8 2 6 5 6 7 7 7 2 5 1 1 7 8 0 5 4 1 1 2 6 4 5 2 1 3 5 5 8 3 5 3 0 5 5 6 7 6 7 0 3 6 4 4 7 7 3 3 7 9 3 0 5 4 7 7 4 1 6 4 0 3 3 2 3 7 5 1 5 7 4 4 8 3 1 2 6 6 3 4 1 4 0 4 3 2 2 7 2 2 6 5 5 1 4 6 3 0 7 6 9 6 8 6 6 0 4 6 6 1 3 5 5 4 5 5 1 5 1 5 2 7 2 0 6 7 1 3 1 2 8 4 9 4 6 4 9 5 6 5 4 2 4 7 7 7 0 5 1 4 1 6 3 4 7 5 4 5 4 2 8 5 5 6 3 5 5 3 7 2 4 2 5 8 5 1 0 3 3 5 7 4 6 6 5 0 4 8 3 4 0 
0 5 1 2 2 0 1 2 5 5 5 5 4 6 8 1 1 3 2 0 5 6 3 3 1 8 6 6 5 2 5 3 4 4 6 0 1 3 5 2 3 1 3 3 2 4 2 3 6 2 7 6 6 8 5 7 5 5 4 3 1 8 1 2 3 1 4 8 3 4 3 5 1 4 3 4 6 7 1 5 3 4 2 6 6 4 7 2 3 4 5 5 5 5 5 4 4 7 4 4 4 5 5 6 4 2 4 3 1 7 2 5 5 5 6 6 6 2 4 1 1 6 7 1 5 4 0 0 2 6 4 5 1 1 2 5 5 7 3 4 3 0 4 4 5 6 5 6 1 2 5 4 4 6 6 3 3 6 8 3 0 4 4 6 6 4 2 5 3 1 2 2 2 3 6 4 1 4 6 3 4 8 2 1 2 5 6 3 4 2 3 1 3 3 3 1 7 1 2 5 4 4 1 4 6 3 0 7 5 8 5 7 5 5 1 4 5 5 1 2 4 4 4 5 4 1 4 1 5 2 7 2 1 5 6 1 3 2 2 7 3 8 4 6 3 8 5 5 4 4 2 3 6 6 6 1 5 1 4 0 6 3 4 6 4 3 4 4 2 8 4 4 5 3 5 5 2 7 2 4 3 5 7 5 1 1 2 2 5 6 4 5 5 5 1 3 7 2 3 1 
0 4 2 1 3 2 2 3 5 3 4 5 3 4 6 1 3 1 4 1 4 5 1 4 3 6 5 5 4 2 3 4 3 3 5 2 3 3 3 3 2 2 1 3 0 2 4 1 4 2 5 4 5 6 4 5 3 4 4 2 0 6 0 0 4 2 3 6 2 4 4 4 1 3 1 2 4 5 2 3 3 4 4 5 4 4 5 0 2 3 4 3 5 4 4 3 4 5 2 3 2 4 3 5 2 2 5 1 1 5 0 3 4 3 5 4 4 3 3 0 2 5 6 3 3 5 1 2 3 4 4 3 1 2 1 3 3 5 3 2 4 2 2 2 4 4 4 4 3 0 3 3 2 5 5 3 2 5 6 4 2 3 4 4 4 3 3 3 1 2 3 1 0 2 4 4 2 2 4 1 3 6 2 3 2 3 5 1 3 3 2 2 3 4 4 0 5 2 3 3 2 2 2 3 4 1 0 5 3 6 4 5 3 3 3 2 3 4 1 0 4 2 4 4 4 3 4 0 4 3 5 3 2 3 5 2 3 4 2 5 3 6 4 5 2 6 5 4 4 3 4 2 4 5 5 3 3 3 3 1 5 4 4 4 2 1 2 4 3 6 2 4 3 2 4 3 0 5 0 4 4 3 5 5 2 3 1 0 4 4 4 3 4 4 2 1 5 0 2 3 
34 31 26 13 18 15 28 24 25 9 16 39 32 11 13 23 28 19 38 39 31 28 33 14 36 10 27 28 18 30 17 34 24 34 21 35 20 42 17 38 25 19 30 25 14 22 39 23 10 26 5 19 25 16 34 17 21 33 33 31 23 29 18 36 43 15 21 26 35 9 42 41 23 12 19 32 32 33 40 21 36 21 36 25 13 12 15 21 21 40 33 10 14 19 11 21 23 8 8 32 13 14 25 38 11 25 14 31 28 26 33 35 34 33 20 37 11 33 36 35 35 21 17 27 29 24 20 39 16 29 15 25 21 12 14 23 30 17 22 14 34 27 30 29 7 30 27 16 37 34 19 22 33 12 35 16 26 32 21 40 17 13 19 30 35 21 13 36 19 25 12 25 18 33 17 25 11 18 5 33 21 9 19 20 17 17 36 24 19 31 24 23 14 39 16 37 33 28 32 4 13 24 19 38 32 21 18 38 33 6 14 17 20 12 24 11 10 33 31 14 12 35 29 29 18 36 30 36 16 41 14 22 28 18 36 35 29 33 32 25 29 30 28 11 16 15 17 37 29 20 33 13 10 31 8 40 32 37 19 14 23 38 38 19 23 8 28 28 38 7 32 22 30 31 18 9 26 13 19 13 35 11 34 26 32 16 17 18 25 28 18 14 33 11 29 34 23 13 21 15 
1 5 1 3 1 0 1 2 5 5 5 5 4 6 9 1 1 3 2 0 5 6 4 3 1 8 7 7 5 2 5 3 4 5 7 0 1 3 6 2 3 0 3 3 2 4 2 3 6 2 7 6 6 8 5 7 5 5 4 3 1 8 2 2 3 1 4 8 3 4 2 5 2 4 3 4 6 7 2 6 3 4 2 6 6 4 7 2 3 4 5 5 5 5 6 4 4 7 4 4 5 6 6 6 5 2 5 3 2 7 2 5 5 5 7 6 6 2 5 1 1 7 7 0 5 4 0 0 2 6 4 5 1 1 2 5 5 8 2 4 3 0 4 4 5 6 5 6 1 2 5 4 4 7 6 3 3 6 8 3 1 4 4 6 6 4 1 5 3 0 3 2 2 3 6 5 1 4 6 4 4 8 2 1 2 6 6 3 4 1 4 1 3 3 2 2 7 1 2 5 5 4 1 4 6 3 0 7 5 8 5 7 5 5 1 4 5 5 1 2 5 4 4 5 5 1 4 1 5 1 7 2 0 5 6 1 3 2 2 8 4 8 4 6 4 8 5 6 5 4 2 4 6 6 6 1 5 1 4 1 6 3 4 7 4 3 4 4 3 8 4 4 5 3 5 5 2 7 2 4 3 5 7 5 1 1 2 2 5 6 4 5 5 5 0 3 7 2 3 0 
3 7 7 1 8 6 5 7 3 0 2 4 1 0 3 6 7 2 8 6 3 8 2 5 5 3 1 0 6 6 3 5 1 2 6 6 7 7 1 5 5 6 5 3 4 4 8 1 4 7 1 4 1 2 8 1 4 2 4 2 4 3 4 1 8 7 7 4 6 2 8 7 4 7 4 2 6 1 4 1 4 4 8 7 4 4 4 4 2 6 8 0 4 0 1 7 4 3 1 3 1 1 1 7 3 5 4 3 4 4 4 3 2 3 7 5 0 7 1 2 6 0 7 7 6 5 5 6 5 5 3 1 4 6 5 0 0 2 7 2 9 6 1 1 0 4 1 4 7 1 1 7 1 1 6 3 5 7 3 8 6 2 4 5 4 7 7 6 4 6 4 5 3 3 4 4 5 1 0 4 7 4 6 7 4 2 7 0 2 7 2 6 7 6 8 4 1 6 8 0 1 1 5 6 0 0 4 8 4 2 2 1 0 1 7 1 1 1 3 4 4 3 2 2 3 7 7 2 2 7 7 7 6 4 7 6 3 8 6 3 2 2 4 3 4 3 4 2 3 7 8 2 5 0 0 7 1 7 2 5 7 8 5 2 3 3 1 5 5 2 2 7 0 7 2 0 3 6 3 4 9 0 3 3 6 7 4 1 2 4 4 1 6 3 7 1 2 4 4 7 
1 4 4 1 5 4 3 4 5 2 4 6 2 3 5 3 5 0 6 3 5 5 0 5 4 5 3 4 3 3 1 5 2 1 4 4 5 4 2 5 2 4 1 3 1 1 5 0 2 3 3 3 4 4 4 3 1 4 5 3 1 4 1 0 5 4 4 4 3 4 5 4 3 3 1 0 3 4 3 2 4 5 6 4 3 5 3 1 3 3 4 3 6 3 4 3 5 3 0 4 1 2 2 4 1 4 5 0 1 4 1 2 4 2 4 3 3 4 2 1 4 4 5 4 3 5 3 3 4 3 5 1 2 3 1 3 1 4 3 0 6 3 1 1 4 2 3 3 5 0 1 4 0 3 3 3 2 4 5 5 4 3 5 3 2 4 4 3 0 4 4 1 1 3 2 5 4 1 3 0 4 4 3 5 3 2 4 0 2 5 2 4 3 6 5 1 4 3 5 2 1 0 3 3 3 0 1 5 2 4 4 4 2 1 5 2 2 3 2 1 5 0 4 4 5 4 4 1 4 4 4 4 4 2 4 4 3 5 3 4 3 5 5 5 1 5 5 4 5 4 5 0 3 4 4 5 3 5 3 3 4 5 5 3 0 0 0 5 4 4 0 4 2 3 4 3 1 4 1 5 6 3 3 5 3 5 0 0 4 3 5 1 3 5 4 0 4 1 1 4 
2 9 4 3 4 1 2 5 3 5 4 1 4 6 9 5 3 5 5 4 2 10 5 1 0 9 7 6 8 6 7 1 5 6 9 3 3 7 7 0 6 1 6 2 5 7 4 4 8 6 7 8 5 9 9 8 7 4 2 1 4 9 4 3 6 5 7 9 6 2 6 8 2 7 6 6 9 7 2 7 2 1 4 9 8 2 9 5 2 8 8 5 2 5 5 7 1 8 5 2 6 6 7 10 7 1 2 6 5 9 4 7 3 7 10 9 6 5 5 2 2 6 10 3 8 1 4 4 1 8 1 6 3 4 6 5 6 8 6 6 6 3 6 5 4 8 5 8 3 3 6 7 6 7 9 2 6 9 9 6 2 3 1 9 8 8 5 8 6 3 1 5 3 2 8 2 1 5 6 6 7 9 6 4 2 7 9 4 4 3 4 2 7 0 6 4 7 5 6 6 6 5 2 7 6 4 3 10 8 9 4 7 6 7 3 4 6 5 1 4 2 6 2 4 2 5 8 2 3 5 10 5 2 8 10 4 2 5 5 9 2 8 2 4 7 9 2 4 2 7 5 5 9 6 6 3 4 3 3 2 9 6 0 8 6 5 6 1 0 8 6 8 6 6 4 4 4 9 4 1 5 5 9 3 5 3 5 3 4 8 1 7 8 2 4 4 8 5 6 3 
34 24 22 16 14 14 28 20 30 13 20 42 35 16 20 20 26 20 34 37 35 22 35 15 35 17 34 35 13 26 19 36 28 36 18 34 17 36 21 38 20 18 27 27 12 21 35 26 11 22 12 19 30 23 27 24 21 38 37 34 20 35 16 38 38 12 15 30 29 13 38 34 24 6 18 34 29 40 40 27 38 24 32 18 14 14 18 18 25 34 26 15 17 24 16 14 27 12 12 35 16 19 31 33 11 25 17 29 24 29 31 36 38 35 16 38 17 29 40 35 34 28 13 24 25 26 18 36 17 28 18 29 21 9 9 28 36 25 16 16 29 25 34 32 13 31 32 17 35 36 23 16 35 19 33 18 21 27 28 35 16 16 21 29 36 15 9 32 18 22 13 20 19 35 19 28 11 21 12 32 15 13 14 17 18 20 30 27 23 27 27 22 8 40 11 36 40 24 28 10 17 27 19 32 37 24 16 33 32 13 19 24 25 16 22 14 16 37 32 14 15 35 33 33 22 32 23 36 20 36 10 18 26 18 30 32 31 29 28 31 32 37 30 16 12 22 20 42 32 14 28 14 9 38 15 38 36 34 22 13 16 33 40 24 24 9 30 29 39 14 34 15 37 26 23 15 26 11 19 15 31 16 39 31 28 14 14 20 30 27 20 18 29 15 26 37 30 12 17 13 
66 55 45 26 28 25 52 41 48 17 30 74 62 21 24 42 50 37 69 74 58 50 64 22 67 18 55 57 30 56 33 64 48 68 37 65 34 77 34 71 46 33 56 46 24 40 70 47 17 46 11 35 49 30 62 35 40 65 63 60 42 56 32 72 78 25 36 49 64 16 76 75 43 17 35 64 60 67 75 44 69 38 65 43 23 19 28 39 41 75 60 20 24 37 20 35 43 15 18 61 25 28 52 70 20 46 24 60 52 50 62 67 65 65 34 71 22 59 71 67 64 43 28 47 54 42 36 72 28 54 27 51 39 18 24 46 63 35 38 28 59 48 61 58 13 57 54 30 67 68 39 38 66 25 65 29 48 58 40 72 28 23 34 56 68 36 19 68 35 43 20 46 34 62 33 45 18 36 11 63 36 15 32 34 31 33 65 49 37 54 47 41 22 73 24 70 67 50 58 11 27 48 34 69 64 43 32 69 63 10 27 35 41 25 42 21 22 64 60 26 19 68 56 55 33 65 54 69 30 75 22 37 51 34 65 65 55 58 58 48 56 58 51 20 28 28 30 73 55 34 58 24 16 62 16 73 63 68 36 24 39 70 71 37 44 15 56 50 72 13 64 38 63 56 35 19 49 21 36 22 61 22 67 50 58 25 31 36 49 53 32 29 62 18 51 69 47 24 38 23 
3 5 1 5 0 2 4 1 8 7 8 7 7 8 11 2 2 5 0 2 7 6 6 6 3 10 9 9 6 2 7 6 7 6 7 2 0 2 8 4 3 2 4 6 4 6 0 5 8 2 9 7 9 10 5 9 6 8 7 5 2 10 3 4 1 1 3 10 3 7 0 4 4 4 4 5 7 9 4 8 6 6 0 6 8 7 9 3 6 5 4 7 8 8 8 4 7 9 6 6 7 8 8 7 6 4 7 4 2 9 4 7 8 7 7 8 9 1 7 4 3 9 7 0 5 7 2 2 4 7 7 7 4 2 3 7 7 10 1 6 0 2 6 6 8 7 8 8 2 4 7 3 6 9 7 6 3 6 10 1 3 7 6 7 7 4 0 6 5 0 5 3 4 6 8 7 4 7 8 5 4 10 2 1 5 7 6 5 6 0 6 3 3 6 0 4 9 2 0 7 7 6 3 4 8 5 2 7 6 10 8 9 8 7 2 6 7 8 4 4 7 6 7 7 7 1 4 3 8 1 7 1 1 7 6 1 6 0 2 10 6 10 7 9 4 10 7 8 7 3 0 6 7 9 9 2 7 0 6 3 5 1 6 8 6 5 6 6 5 10 6 4 8 2 8 7 4 8 4 6 0 8 9 8 1 2 3 4 7 7 6 7 6 7 1 5 10 4 4 2 
2 7 6 0 7 4 4 7 2 1 1 3 0 1 4 5 6 2 7 5 2 8 2 3 4 4 2 2 7 6 4 3 0 3 7 5 6 7 2 4 5 4 5 2 4 4 7 1 5 6 3 5 1 4 8 3 4 1 2 1 4 4 4 1 8 6 7 5 6 1 7 7 3 7 4 2 7 2 3 2 2 3 7 7 5 2 5 4 0 6 8 0 3 0 0 7 2 4 1 2 2 2 2 7 4 3 3 4 4 5 4 4 1 4 7 5 2 6 1 1 4 2 8 6 6 4 4 5 4 5 2 2 3 5 5 0 1 3 6 2 8 5 2 2 0 5 0 5 5 1 2 7 2 3 6 2 5 7 4 7 4 1 3 6 5 7 7 6 4 5 3 5 3 2 4 2 4 1 1 4 7 5 6 6 3 3 8 0 0 6 1 5 7 4 7 4 2 5 7 1 2 1 4 6 2 0 3 8 5 4 1 3 1 2 6 0 2 0 2 3 2 3 1 0 2 6 7 1 1 6 8 6 5 4 8 6 2 7 6 4 1 4 3 2 4 4 3 1 2 7 7 2 5 1 1 6 0 6 1 4 8 7 4 3 3 3 2 3 4 3 3 7 1 6 1 0 3 6 3 3 8 0 4 2 6 6 4 1 0 5 3 3 6 2 6 1 3 4 4 6 
33 34 25 13 16 12 26 24 20 11 13 33 32 13 19 23 26 21 37 39 25 32 35 9 33 16 31 32 21 31 22 30 25 39 26 33 18 43 21 34 27 16 32 22 15 25 37 26 15 27 11 24 24 21 37 23 25 32 27 27 23 35 19 37 43 15 23 32 36 4 41 43 22 14 21 36 36 37 37 27 33 15 34 28 18 7 21 23 18 43 36 11 8 20 11 23 17 14 12 28 16 18 31 42 15 22 9 34 29 32 33 39 30 38 24 42 15 33 38 34 33 25 22 25 32 19 20 38 13 33 9 30 20 12 16 24 36 23 23 17 33 25 35 31 7 35 28 22 35 35 24 24 37 18 39 13 28 36 27 40 15 11 14 34 41 23 12 40 21 23 8 27 18 30 22 19 9 20 9 35 23 15 20 19 15 23 39 26 19 28 24 21 16 35 15 37 37 28 32 9 18 27 17 39 36 23 18 42 38 12 13 23 23 18 22 11 16 32 29 15 5 38 24 27 12 35 32 35 13 40 18 21 26 22 39 35 26 32 32 31 25 35 23 8 19 20 12 36 24 22 32 15 14 33 10 38 31 36 17 12 26 39 33 25 26 10 32 23 35 12 37 24 35 32 17 10 27 17 19 8 33 12 40 21 32 14 19 19 24 33 13 20 37 5 27 37 29 15 24 13 
32 27 22 12 14 12 26 20 26 10 17 39 32 13 17 20 25 17 35 36 31 25 31 13 34 14 31 32 15 26 16 33 25 34 19 32 17 38 18 36 22 16 26 24 10 18 35 22 9 22 9 18 27 20 31 21 19 35 34 31 19 33 15 35 39 12 17 28 31 10 38 37 21 8 15 31 30 37 37 24 35 21 33 21 12 11 16 17 21 36 30 11 14 20 12 17 24 10 9 32 13 16 28 35 8 23 14 28 24 27 29 33 35 32 18 36 14 29 36 33 32 25 15 23 26 23 17 35 14 27 15 26 19 8 10 24 33 21 18 13 30 24 31 29 9 29 29 16 34 33 20 19 32 15 33 15 22 29 25 36 14 13 19 28 35 17 9 33 15 21 10 21 16 32 17 25 9 18 8 29 17 11 15 17 16 18 33 24 19 27 24 20 10 38 12 34 37 24 28 7 14 23 17 34 34 21 14 35 31 10 16 21 22 14 21 11 13 34 30 11 12 32 30 29 19 32 26 34 17 37 12 18 25 16 33 32 28 29 28 28 29 34 27 13 12 19 17 39 29 16 29 11 8 34 11 37 33 34 19 11 20 35 37 21 20 6 27 27 37 11 31 18 33 27 19 11 23 11 17 12 31 12 36 27 28 13 13 17 26 27 17 15 30 11 25 33 27 10 17 12 
65 53 43 25 26 24 51 39 49 18 30 74 63 22 27 40 48 36 67 72 59 47 63 22 66 21 57 59 28 53 31 64 48 66 35 63 32 75 34 70 44 32 54 46 22 38 68 46 14 44 13 32 50 33 59 36 38 66 64 60 40 58 31 71 76 23 34 49 61 16 74 73 42 15 34 63 57 69 74 44 69 38 63 40 20 19 26 37 41 72 57 20 24 38 21 33 44 15 17 61 25 29 52 67 18 45 24 58 50 48 61 65 66 63 32 69 23 57 71 66 63 45 25 46 51 43 34 71 27 52 27 50 38 17 22 46 63 37 36 27 57 47 61 57 15 55 55 27 66 67 38 36 65 26 62 29 45 55 43 70 27 24 34 53 66 33 18 65 33 42 19 43 33 62 30 46 17 35 13 61 33 15 30 32 30 31 62 48 37 53 47 40 20 73 22 69 69 48 56 12 27 47 33 67 65 43 31 66 61 13 28 37 41 24 40 21 23 65 59 24 20 66 57 56 33 63 51 69 30 73 20 35 50 31 62 63 54 57 56 50 56 61 52 21 26 31 30 74 55 32 56 23 13 64 18 72 63 66 36 23 37 68 71 37 42 14 54 50 72 15 62 35 64 54 36 20 48 18 35 22 59 22 67 51 57 24 28 35 50 50 32 28 59 19 49 68 48 22 36 22 
4 1 4 5 4 5 5 3 9 7 9 9 7 8 9 3 6 5 4 4 9 2 5 8 6 9 8 8 2 2 4 8 7 4 3 5 4 1 6 7 0 5 2 7 3 3 4 4 5 2 7 4 9 8 0 8 4 8 9 7 2 8 3 4 3 3 0 7 1 8 4 0 6 0 3 3 3 8 6 6 7 9 4 1 5 8 6 1 7 1 0 7 9 7 8 0 9 6 5 8 6 7 6 2 4 6 9 2 1 6 3 4 8 5 3 5 8 3 6 4 6 8 3 4 2 9 4 4 6 3 8 5 5 3 0 7 5 8 0 5 4 4 5 5 8 5 8 4 5 4 5 0 4 7 4 7 0 2 9 3 5 7 8 4 4 0 3 2 3 4 7 0 5 7 5 9 6 6 7 3 0 7 2 5 6 5 1 4 7 5 6 6 1 8 3 4 8 2 3 6 5 4 5 0 7 5 3 2 3 8 8 8 7 5 5 7 6 8 5 4 9 4 8 8 9 3 0 4 8 3 3 3 5 4 2 4 7 4 2 8 7 9 9 9 1 8 9 8 9 0 4 5 4 8 8 5 8 4 7 5 1 2 8 6 4 4 4 8 7 9 4 0 6 1 8 7 4 4 5 8 5 7 6 9 3 5 1 4 8 3 8 5 2 9 4 4 8 3 1 5 
33 31 25 12 17 14 27 23 25 8 15 38 31 10 14 23 27 18 38 39 30 28 32 12 35 11 27 28 18 30 17 33 23 34 21 34 19 41 17 37 25 18 30 24 13 21 38 23 10 25 6 20 24 17 34 18 21 32 32 30 22 30 17 35 42 15 21 27 34 8 41 41 22 11 19 32 33 34 39 22 35 20 35 25 13 10 16 21 20 40 33 9 13 18 10 20 22 9 8 31 12 13 26 38 11 24 13 31 27 27 32 35 33 33 20 38 10 32 35 34 34 21 17 26 29 23 19 38 15 29 14 25 20 11 14 22 31 18 21 14 33 26 30 28 6 30 26 17 36 33 20 22 33 12 35 15 26 32 22 39 16 12 18 30 36 21 12 36 18 24 11 24 18 31 18 24 10 17 5 32 21 10 18 20 16 18 36 23 18 30 23 22 14 38 15 36 34 27 32 4 13 23 18 37 31 20 17 38 34 7 13 18 19 13 23 10 11 32 30 14 11 35 28 28 17 35 30 35 15 40 14 21 28 18 36 35 28 32 31 26 28 31 27 10 16 16 16 36 28 20 32 12 10 31 8 39 31 37 18 13 23 38 37 20 22 8 28 26 37 7 32 22 30 30 17 8 25 13 19 12 34 10 35 25 31 15 16 17 24 29 17 15 33 10 28 34 24 13 21 14 
6 2 7 5 8 8 7 6 9 6 8 10 6 7 6 5 8 5 8 6 9 2 5 9 8 6 6 6 1 5 3 9 6 2 0 8 7 5 4 9 2 8 3 8 4 2 8 4 2 5 5 0 8 6 3 5 2 8 9 7 4 5 5 4 7 6 4 4 4 8 7 3 7 3 4 2 0 6 7 3 8 10 8 2 2 9 3 3 7 2 3 6 10 6 7 3 9 4 3 8 5 5 3 0 3 8 10 1 3 3 5 2 8 3 1 1 6 6 5 5 8 6 0 7 2 10 6 6 8 1 9 3 7 6 2 6 4 6 4 4 8 7 3 5 7 2 7 1 8 5 3 4 2 5 0 8 2 0 6 6 8 7 9 1 1 3 7 1 4 7 8 2 6 7 2 9 8 5 5 3 3 4 5 8 7 2 2 4 7 8 7 8 4 10 7 5 6 5 6 4 3 3 7 3 5 5 5 1 0 6 8 6 6 3 8 6 4 7 6 5 9 3 8 8 9 6 3 6 8 6 1 6 7 2 1 7 8 8 5 5 8 6 9 9 1 6 10 8 9 4 7 4 1 7 7 8 7 8 7 7 2 6 10 4 4 4 2 9 9 6 2 3 4 5 8 6 5 0 6 9 8 7 4 9 6 8 2 4 8 0 9 3 1 9 7 3 5 4 1 8 
3 2 2 4 3 3 4 2 7 6 7 8 6 7 8 1 4 4 3 2 7 3 4 6 4 8 7 7 3 0 4 6 5 4 4 3 3 1 5 5 0 4 1 5 2 3 3 3 5 0 7 4 8 8 2 7 3 7 7 5 0 8 2 3 2 2 0 7 0 7 3 1 4 1 2 3 3 7 4 5 6 7 3 3 5 7 6 0 5 2 2 6 8 6 7 1 7 6 4 6 5 6 5 4 3 5 7 1 0 6 2 4 7 4 4 5 7 1 5 3 4 7 4 3 2 7 2 2 5 4 7 4 4 2 0 6 5 8 0 4 3 3 4 5 7 5 6 5 4 3 4 0 3 7 4 5 0 3 8 2 4 6 7 4 4 1 2 3 2 3 5 0 3 5 5 7 4 5 7 3 1 7 0 3 5 4 3 3 5 3 5 4 0 7 2 2 7 1 2 5 4 4 4 0 6 4 1 4 3 8 7 7 6 5 3 5 5 7 4 2 7 3 7 7 7 2 1 3 7 1 4 1 3 4 3 2 5 3 1 7 6 8 7 8 1 8 7 7 7 1 2 4 4 7 7 4 6 3 6 4 3 1 7 6 4 3 4 7 6 8 3 1 6 0 7 6 3 5 3 7 3 6 6 8 1 4 1 3 7 4 7 5 3 7 3 3 7 2 1 3 
