60 
300 
186 1537
726 2982
615 2480
739 2851
198 1482
68 920
422 2171
453 2292
229 1593
602 2665
851 3139
583 2693
528 2524
633 2596
211 1600
335 1997
907 3197
795 3021
900 3260
844 3069
894 3153
664 2691
105 1123
397 2229
820 2972
105 1077
528 2495
465 2330
285 1810
422 2208
639 2697
205 1537
229 1662
826 3112
826 3000
335 1986
478 2306
857 3079
329 2020
590 2680
844 3071
254 1718
217 1546
745 2929
186 1492
776 2944
465 2312
161 1350
335 2040
646 2750
236 1615
509 2497
888 3121
223 1564
118 1161
925 3342
646 2643
459 2249
180 1450
236 1578
23 6 12 15 15 30 26 13 27 33 17 25 20 22 20 5 21 33 12 11 32 32 6 24 21 7 14 13 6 10 28 19 23 19 22 21 5 11 20 7 13 30 25 22 21 20 33 23 23 25 19 28 24 22 20 7 17 11 23 23 26 33 22 11 14 11 31 20 33 22 16 5 31 33 11 32 7 15 34 21 20 25 25 17 19 15 8 34 34 11 8 14 31 26 5 15 25 12 25 23 30 25 22 16 14 18 28 30 31 12 31 24 11 29 12 33 20 32 27 21 20 29 25 25 32 26 31 19 15 26 11 6 29 21 32 32 24 34 30 13 22 6 6 18 15 20 19 5 33 32 20 17 33 16 32 6 32 8 13 33 10 22 29 18 24 20 31 23 26 6 19 34 32 13 8 21 7 12 28 29 33 15 23 12 24 13 10 6 29 29 13 5 14 6 22 22 15 26 6 17 22 31 21 24 15 22 27 24 30 29 28 22 23 22 11 14 7 5 7 11 18 8 8 21 14 28 28 27 18 8 14 20 16 22 29 31 6 28 5 20 18 16 20 10 17 30 28 17 8 6 32 5 8 31 28 12 32 7 20 6 26 15 24 16 27 6 29 24 16 24 10 33 25 19 32 20 20 17 23 26 5 20 9 31 27 29 18 8 7 27 34 5 34 14 23 7 32 16 20 8 
47 17 28 36 33 64 55 28 54 70 38 58 45 48 46 13 45 70 32 27 68 68 18 54 43 20 36 33 16 24 60 41 48 41 48 47 12 25 45 19 28 67 52 51 48 41 70 48 50 53 44 55 51 52 40 17 37 25 52 45 58 67 50 23 30 28 69 43 69 46 33 14 63 70 21 71 18 34 69 46 40 53 55 39 46 37 19 69 71 28 16 34 65 52 13 35 52 25 55 50 62 54 49 38 29 42 59 62 63 29 65 47 25 60 30 71 46 67 62 44 43 59 49 52 68 55 65 39 35 61 28 15 60 46 64 67 51 69 60 32 46 11 15 39 29 43 42 15 71 69 43 38 66 39 68 18 68 19 30 73 23 43 63 39 51 42 70 50 57 12 43 72 68 29 18 44 19 27 60 65 70 35 52 31 49 32 26 19 63 58 31 13 32 14 48 44 34 59 17 39 47 65 43 48 32 48 58 52 62 61 60 49 46 50 26 29 20 14 15 25 37 17 20 48 32 62 60 57 40 20 30 39 36 48 61 65 15 64 17 44 43 36 43 24 41 63 56 39 19 19 68 10 24 67 57 25 68 19 43 19 52 35 51 36 57 19 61 50 37 54 26 72 53 41 64 41 41 35 49 55 14 45 19 65 58 63 43 19 15 60 72 16 71 32 49 14 67 39 48 20 
4 6 2 3 3 1 0 6 4 6 2 6 1 6 3 5 5 6 6 5 1 2 5 2 0 7 5 5 5 1 6 3 5 1 1 5 2 6 6 2 5 5 6 4 5 0 1 3 1 6 3 3 4 6 2 5 1 1 3 2 6 2 8 0 5 4 6 1 2 4 0 1 0 2 1 6 4 4 2 1 3 2 2 2 6 5 0 5 4 3 1 6 0 3 6 2 0 2 2 6 5 1 7 2 0 7 2 1 0 3 6 2 7 5 4 1 5 1 5 4 6 4 2 5 5 2 6 1 2 6 5 5 5 5 2 2 2 3 1 6 5 2 1 2 1 6 2 3 2 7 4 2 3 5 2 5 4 2 0 9 5 2 5 6 6 3 5 4 6 1 2 2 3 2 0 1 6 2 6 6 1 6 2 8 0 3 7 6 6 4 6 0 0 2 4 4 2 3 6 2 1 6 5 2 4 6 6 6 5 6 3 6 2 3 6 2 2 1 4 6 5 0 4 3 6 7 6 7 3 1 0 3 0 2 4 1 0 5 8 1 7 1 1 2 7 1 1 5 0 5 1 1 5 1 3 5 5 2 6 5 3 7 6 1 3 8 6 2 2 6 7 7 6 4 1 5 0 3 6 6 2 2 4 7 1 1 8 5 4 3 1 3 6 3 6 4 0 9 9 2 
9 6 2 2 5 6 6 10 8 6 8 0 4 6 0 6 7 7 0 5 4 7 3 6 5 5 0 1 6 4 8 5 7 7 6 5 5 7 6 5 10 1 10 3 1 4 3 9 5 8 3 8 6 0 8 7 5 7 3 7 5 8 7 5 8 2 3 7 9 5 4 6 6 8 7 1 4 4 8 2 7 8 7 5 0 1 5 8 6 3 6 3 6 9 9 1 4 6 3 7 10 2 7 6 5 5 5 4 6 1 9 8 12 8 0 5 2 5 1 5 8 9 6 8 7 5 7 7 3 1 2 7 8 4 8 2 8 7 6 3 9 7 2 2 7 9 9 1 3 7 6 1 7 0 2 2 4 2 6 7 7 8 3 11 11 6 0 2 5 7 5 4 2 9 6 8 6 8 8 1 6 5 7 7 6 1 5 3 5 8 6 5 6 5 4 8 2 4 5 6 7 11 8 8 5 7 7 8 10 9 1 7 8 3 6 8 6 6 8 7 10 6 4 1 7 5 7 12 9 7 6 8 6 8 5 5 6 1 7 4 5 2 7 8 5 7 7 5 6 1 6 6 0 6 5 10 6 5 10 0 6 7 9 6 5 7 9 6 7 5 5 5 11 5 7 10 6 7 9 10 2 3 9 11 7 4 7 7 8 1 7 0 7 2 11 8 6 8 8 8 
0 7 8 10 6 7 6 1 1 7 6 11 8 7 9 6 6 5 12 8 8 7 9 9 5 9 12 11 6 8 5 7 5 6 7 8 6 5 7 9 1 11 1 10 10 5 8 5 8 4 10 2 6 12 1 6 6 6 10 3 8 3 8 4 3 10 10 6 6 5 5 8 4 6 1 11 7 8 3 8 2 5 8 9 12 11 7 2 5 10 4 9 6 1 3 8 5 5 9 6 1 8 7 9 5 9 6 6 4 8 4 0 0 4 9 9 10 6 11 5 4 1 3 3 6 6 5 3 9 12 10 6 4 7 3 7 5 4 3 9 3 3 7 7 1 4 6 9 9 7 6 8 3 11 8 10 7 7 7 9 5 0 8 2 1 6 11 8 7 3 9 7 7 5 5 5 7 6 5 11 7 8 9 9 4 10 9 10 8 1 7 7 7 6 8 1 8 10 8 9 6 1 2 1 5 6 5 6 1 4 8 7 3 10 7 3 9 7 2 5 2 5 7 10 5 9 5 0 6 6 6 1 7 6 7 7 6 12 9 8 10 8 6 6 10 6 3 8 6 11 7 4 11 8 4 0 7 9 2 11 3 7 4 8 7 9 4 5 8 9 9 8 1 6 3 1 4 4 4 2 8 9 0 1 6 9 9 5 2 10 6 9 4 7 0 2 7 9 9 6 
53 14 26 34 33 67 57 34 60 68 42 53 46 47 43 13 45 69 28 23 68 72 13 56 46 15 31 29 15 24 61 40 50 45 51 43 14 26 43 20 34 62 58 49 44 43 69 54 52 54 43 61 51 48 46 17 38 29 50 51 53 73 47 26 33 26 62 47 74 46 35 17 67 74 28 65 16 32 75 45 45 57 58 41 42 32 21 73 72 27 20 28 68 59 16 32 54 28 55 50 68 53 48 39 32 38 60 63 67 25 68 54 31 63 25 72 41 68 58 44 44 65 55 56 67 55 65 44 35 56 23 15 64 42 71 65 56 73 65 26 50 17 14 37 36 46 46 12 71 67 43 37 70 35 65 13 66 17 33 69 24 50 57 44 56 44 65 45 53 18 44 71 64 34 22 49 17 32 61 59 73 31 54 27 54 29 21 12 59 64 29 15 34 16 45 50 32 58 13 41 51 70 47 55 32 47 58 52 68 64 57 47 52 49 25 35 21 17 19 26 43 21 18 46 31 57 60 63 45 23 34 46 38 52 60 66 19 60 13 45 37 35 47 28 36 67 62 35 22 15 71 14 19 69 59 32 66 20 48 15 56 33 53 38 57 15 64 53 40 49 21 68 58 41 70 48 44 39 51 59 12 45 25 71 62 64 39 20 19 57 76 13 72 28 55 19 70 36 44 24 
118 35 62 78 77 152 130 70 138 169 88 130 103 114 103 28 109 170 66 59 162 163 34 124 104 40 75 70 34 52 145 97 118 97 113 109 25 59 105 38 69 155 130 114 109 99 166 118 117 129 99 142 123 116 102 39 85 57 118 116 135 167 116 54 73 59 160 102 168 112 79 27 155 168 56 165 37 78 172 106 102 127 128 88 101 80 41 173 173 59 40 75 156 133 29 77 124 61 128 119 154 126 115 83 69 96 141 150 155 62 160 122 61 148 63 168 105 160 140 107 104 148 125 129 164 131 159 96 78 136 59 34 149 109 162 161 123 171 150 70 114 31 31 92 76 105 98 28 168 165 103 87 166 85 162 34 163 41 67 172 53 112 148 95 125 101 160 118 134 31 98 171 162 68 40 107 40 63 145 150 168 79 119 67 120 69 55 35 150 148 70 25 72 30 113 113 77 134 34 88 112 160 108 122 77 115 140 125 154 150 142 115 116 114 59 72 39 27 38 59 94 40 43 109 74 146 144 141 94 43 70 102 82 113 147 155 32 145 31 102 96 81 102 53 91 152 141 89 42 35 162 25 45 158 141 64 164 38 105 35 131 80 124 82 137 37 150 120 83 125 55 170 130 98 161 104 99 86 120 135 26 103 48 161 138 148 97 44 38 139 173 28 174 72 120 37 162 87 108 43 
29 15 15 18 21 29 29 21 33 41 19 32 21 30 24 12 29 42 19 19 35 32 13 24 23 16 21 19 14 13 37 25 30 19 21 29 9 19 29 8 20 37 33 26 27 23 35 26 25 33 22 33 31 28 23 15 21 11 27 27 34 36 32 14 21 15 39 20 35 28 19 6 33 33 14 39 13 21 37 24 25 28 25 18 26 22 11 41 41 14 11 22 33 31 13 19 27 17 26 31 37 27 31 17 16 27 32 33 33 17 40 28 19 36 17 34 27 36 33 27 28 34 29 33 40 31 39 22 17 33 18 14 37 28 35 36 27 39 33 21 30 10 9 23 17 28 21 9 35 41 27 20 38 22 36 13 38 12 14 44 17 26 36 26 32 25 37 29 34 9 20 39 37 16 9 23 16 14 37 36 32 23 23 22 26 17 19 14 38 35 21 8 15 10 28 28 18 29 14 17 24 39 28 27 21 31 36 33 37 38 32 31 26 26 19 17 7 4 13 19 25 9 14 25 22 37 36 35 20 7 17 25 17 23 35 34 6 34 15 23 27 18 22 10 27 32 31 24 7 12 31 8 15 32 33 18 39 8 29 12 31 24 32 17 32 17 38 28 15 33 19 42 33 26 35 27 23 22 32 35 9 22 14 40 27 31 29 16 13 31 34 9 42 19 31 13 34 27 32 10 
4 3 1 3 0 4 2 5 3 2 5 4 4 3 3 2 2 3 5 2 2 5 2 5 1 4 4 4 2 2 4 0 2 4 4 2 1 3 3 4 5 4 5 4 3 0 2 5 3 3 4 3 2 5 3 2 1 4 3 2 3 4 4 1 3 4 3 4 5 1 0 4 2 5 2 4 0 1 4 1 2 4 5 4 5 4 2 3 2 4 1 3 3 4 4 2 1 1 3 3 5 1 4 5 1 4 0 0 2 1 5 3 7 3 2 4 3 1 4 1 3 4 2 4 3 0 3 3 3 5 3 2 4 2 3 0 5 2 1 3 4 2 0 0 2 4 5 2 3 4 1 1 2 4 0 3 1 0 4 5 2 3 1 6 6 1 4 1 2 3 4 0 0 5 2 4 3 5 4 3 5 2 5 5 2 3 3 3 3 3 3 2 3 1 1 3 1 4 2 5 4 6 3 3 1 3 3 4 5 4 1 3 3 4 3 4 5 4 3 3 5 2 1 4 3 4 3 7 6 5 2 3 4 5 1 1 4 5 5 2 4 1 4 5 4 4 3 2 3 3 4 1 4 4 1 5 2 4 5 4 1 4 4 4 0 5 4 2 5 3 3 3 6 1 2 5 1 2 4 5 1 3 4 6 5 3 5 3 3 3 5 2 3 0 6 3 3 6 6 5 
45 18 30 38 34 65 56 27 53 71 39 59 47 49 48 14 46 70 34 28 70 70 19 55 45 21 38 35 17 26 60 43 49 43 50 48 14 26 45 21 26 69 50 53 50 43 72 49 52 53 46 56 52 54 40 18 39 27 54 47 59 68 51 24 30 30 70 45 70 47 35 16 65 71 22 73 19 36 70 48 40 54 57 41 48 39 21 69 72 30 18 36 66 52 12 37 54 27 57 50 60 56 49 39 31 44 60 64 64 30 65 47 23 61 31 73 48 69 63 45 43 58 51 52 69 56 66 40 37 63 30 16 60 48 65 69 52 71 62 34 46 13 17 41 30 43 43 17 73 69 45 40 67 41 70 20 69 21 31 74 24 43 64 37 49 44 72 52 58 14 45 73 69 30 19 46 20 28 60 67 72 36 53 32 50 34 27 20 64 57 32 15 34 16 50 43 36 60 18 41 48 63 43 48 33 49 58 52 60 61 62 49 47 52 27 30 21 15 14 25 36 19 21 50 32 64 60 55 41 21 32 40 37 49 63 67 16 66 17 46 44 38 45 25 42 64 57 40 21 21 70 12 25 69 58 23 69 21 41 21 53 36 51 38 59 20 61 51 38 55 28 73 51 43 66 40 42 37 49 54 16 47 18 64 59 65 44 20 14 62 73 17 71 34 47 14 69 40 48 21 
6 8 3 2 5 0 3 8 6 8 2 6 0 8 3 7 7 8 6 7 2 0 6 0 2 9 6 5 7 2 9 5 7 1 0 7 4 8 8 0 7 6 8 3 5 2 1 4 1 8 2 5 7 6 4 7 4 1 3 5 8 3 10 3 7 4 7 0 3 6 2 1 2 1 3 7 6 6 4 2 5 3 0 0 6 6 2 7 7 3 3 7 2 5 8 3 2 4 1 8 7 2 9 0 2 9 4 3 2 4 9 4 9 7 5 1 7 3 5 6 8 6 4 7 8 4 8 3 1 6 6 7 8 7 3 3 3 5 3 7 8 4 3 4 3 8 3 3 1 9 7 3 5 6 4 6 6 4 1 11 7 4 6 9 8 5 6 6 8 3 1 4 5 3 1 3 8 3 8 7 0 7 0 10 2 3 9 7 8 6 8 3 1 4 6 6 3 2 8 0 2 8 7 3 6 8 8 8 7 8 4 8 4 3 8 3 0 0 7 8 7 2 6 3 8 8 8 9 3 0 3 5 1 1 6 3 0 5 10 2 9 2 2 1 9 2 3 7 0 6 0 3 6 0 5 6 7 0 9 5 5 9 8 1 5 10 9 4 0 8 8 9 9 6 3 7 2 5 8 9 3 1 6 9 0 1 10 8 6 3 1 3 8 5 8 6 2 11 11 2 
1 6 7 9 5 7 6 0 0 5 7 10 8 5 9 4 4 3 11 6 7 8 8 9 4 7 11 10 5 8 3 6 3 6 8 6 5 3 5 8 1 10 1 10 9 4 7 5 8 2 10 1 4 11 1 4 6 6 9 2 7 4 6 4 2 9 8 6 6 3 5 8 4 7 1 9 6 6 3 7 1 6 8 9 11 10 7 0 4 10 3 8 6 2 2 8 5 4 8 4 1 7 5 9 4 7 5 5 4 7 2 1 1 3 8 8 9 6 10 3 2 1 2 2 4 5 3 4 9 11 9 4 2 6 3 6 6 4 3 8 1 2 6 6 2 2 7 8 8 5 5 7 2 10 6 9 6 6 7 7 4 1 6 0 0 5 10 6 6 3 9 6 6 6 5 6 5 6 3 9 8 6 9 7 4 9 7 8 6 0 5 6 7 5 7 0 7 10 6 9 6 1 0 2 3 5 3 4 1 2 7 5 3 10 5 4 9 7 0 3 1 5 6 9 3 8 3 1 7 7 6 1 7 7 5 6 6 11 7 7 8 7 6 7 8 6 3 6 7 10 7 3 10 8 3 1 5 9 0 10 2 5 2 7 6 8 2 5 8 7 8 6 0 5 3 2 4 3 2 0 7 8 1 0 7 8 7 4 0 9 7 8 2 6 2 0 7 7 8 7 
9 6 2 2 5 6 6 10 8 5 8 0 4 6 1 6 6 7 0 4 4 7 2 7 5 4 0 1 6 4 8 4 7 7 6 4 5 7 6 6 10 0 10 3 1 4 3 9 5 7 4 7 6 1 8 6 5 7 3 6 4 8 6 5 8 2 2 7 9 5 4 6 6 8 7 1 4 3 8 2 7 8 7 6 1 0 5 8 6 4 6 3 6 9 9 1 4 6 4 7 10 2 7 6 5 5 5 4 6 1 9 8 12 7 0 5 2 5 1 5 7 9 6 8 6 5 6 7 3 1 1 6 8 4 8 2 8 7 6 2 9 7 2 2 7 8 9 1 3 7 5 2 6 0 2 1 4 2 7 7 6 8 2 10 11 5 1 2 4 7 5 4 2 9 6 8 6 8 8 1 7 5 7 6 6 1 4 2 4 8 6 5 6 5 3 8 2 4 5 6 7 11 8 8 5 6 7 7 10 8 1 6 8 3 6 8 7 6 8 7 10 6 4 2 6 4 7 12 9 7 6 8 6 8 5 5 7 1 7 4 4 2 7 8 5 7 7 4 6 0 6 6 0 6 5 10 5 6 10 1 6 6 8 6 4 6 9 6 7 5 4 5 10 5 7 10 5 7 8 10 2 3 9 11 7 5 6 7 8 1 7 1 7 2 11 7 6 7 7 8 
3 3 6 8 3 7 5 2 1 2 7 8 7 2 7 2 1 1 9 4 6 8 5 8 4 5 8 8 2 6 0 4 1 7 7 4 4 0 2 8 3 7 3 8 7 3 6 6 7 0 8 1 2 9 3 1 4 7 7 2 4 5 4 3 1 8 6 7 7 1 4 7 4 7 2 7 4 4 4 5 1 6 8 8 9 7 6 0 2 8 3 5 6 3 0 6 4 3 7 1 3 6 2 8 4 5 4 3 4 5 0 2 4 1 6 8 6 5 9 1 0 3 2 1 2 4 0 4 7 9 6 1 0 3 4 4 6 3 3 5 1 3 4 4 3 0 7 6 7 2 2 6 1 8 4 6 4 4 7 4 1 2 4 2 3 3 8 4 3 4 8 5 4 6 5 6 3 7 0 7 8 3 9 4 4 7 4 6 3 1 2 5 7 4 4 2 5 8 3 8 6 3 0 4 1 2 1 1 3 0 5 2 4 8 2 5 9 7 0 0 3 4 4 8 1 5 0 4 7 7 5 2 7 7 3 5 6 9 4 6 5 6 6 7 5 6 4 4 6 7 7 3 8 8 1 3 2 8 2 8 1 2 0 7 4 5 0 4 8 4 5 3 2 3 4 3 3 3 0 1 5 7 3 3 7 7 5 1 0 7 7 7 0 4 4 1 6 5 5 7 
5 2 2 4 1 5 3 6 4 1 6 4 5 2 3 1 2 2 5 1 3 6 1 6 2 2 4 4 1 3 3 0 2 6 6 1 2 3 2 5 6 3 6 5 3 1 3 6 4 3 5 3 1 5 4 2 2 6 4 2 1 5 3 2 3 4 2 5 6 0 2 5 3 6 3 3 0 0 5 2 2 5 6 6 5 3 3 3 1 5 2 2 4 5 4 2 2 2 4 2 5 2 3 6 2 3 2 1 3 1 4 4 7 3 2 5 2 2 5 0 3 5 2 4 2 2 2 4 4 5 2 2 4 1 4 0 6 3 2 2 4 3 1 0 3 4 6 2 4 3 1 2 2 4 0 2 0 0 5 4 2 4 0 6 6 1 4 0 1 4 5 1 0 6 4 5 2 6 3 3 6 1 7 4 4 4 2 2 2 4 2 3 4 2 0 4 2 5 1 6 5 6 3 4 0 2 2 3 5 4 1 2 4 5 2 5 6 5 3 2 5 3 0 4 2 2 2 7 7 6 4 3 5 6 0 3 5 5 4 3 3 2 5 6 3 5 4 1 5 4 5 2 4 5 0 5 1 5 6 4 2 3 4 5 1 4 4 3 6 2 2 2 6 0 3 6 2 3 4 5 1 4 5 7 6 4 4 2 3 4 6 3 2 0 7 3 5 4 5 6 
51 16 24 32 32 63 54 33 59 70 39 53 42 48 41 14 46 71 27 25 65 68 14 52 43 18 31 28 16 21 62 40 50 42 47 45 12 27 45 17 33 63 57 46 44 41 66 51 48 55 40 60 52 47 44 18 35 26 47 49 56 70 50 23 33 24 65 43 71 46 33 13 64 70 25 67 16 32 72 42 43 54 54 37 41 33 17 73 72 24 18 31 65 57 16 30 51 26 52 50 66 50 49 35 29 41 57 60 65 24 68 52 30 62 25 68 42 65 57 44 45 63 53 55 68 53 67 41 32 56 24 16 63 45 68 63 53 71 62 29 50 15 11 36 33 46 43 10 68 69 43 34 69 35 64 14 66 16 29 73 24 48 60 43 55 42 65 48 56 15 41 69 65 31 18 46 19 29 61 61 70 33 50 30 51 27 24 15 62 63 30 11 30 14 46 49 29 55 16 37 48 69 47 52 32 49 59 53 66 64 56 49 50 46 26 33 18 13 19 27 42 18 18 44 33 60 61 62 41 20 30 44 35 48 60 63 15 59 16 41 41 32 44 25 39 64 60 37 19 14 67 12 19 65 58 30 67 17 47 14 55 35 54 35 55 18 64 50 36 52 24 71 57 41 67 46 42 37 52 59 9 41 24 70 58 60 42 20 18 55 72 11 73 29 54 18 67 39 47 20 
24 10 17 22 18 35 30 14 26 37 22 33 26 26 26 7 24 36 21 16 37 38 12 31 23 13 22 21 9 15 31 23 25 24 28 26 8 13 24 13 14 37 26 30 28 22 38 27 28 27 26 27 26 31 21 10 20 16 30 23 31 35 27 13 14 18 38 25 38 24 18 11 33 38 11 39 11 19 36 26 19 29 31 24 28 22 12 34 36 18 9 20 35 27 6 20 28 14 31 26 31 30 26 23 16 24 31 32 33 17 33 24 14 30 18 39 27 36 35 23 22 30 25 26 35 29 33 21 21 35 18 9 30 25 34 36 28 35 31 19 23 6 10 22 15 22 24 11 39 36 23 22 32 24 36 13 36 12 18 39 12 22 33 20 26 22 39 27 30 8 26 38 36 17 11 25 11 16 31 36 39 20 30 18 26 20 15 13 34 28 17 9 19 9 26 22 20 33 11 24 26 33 21 25 17 26 30 27 31 31 33 26 24 29 14 17 14 10 6 13 19 11 12 28 17 34 30 30 23 13 17 19 21 27 32 35 10 36 11 25 25 21 24 15 23 34 29 22 13 13 37 6 16 37 29 13 35 13 22 14 26 19 25 21 31 13 31 26 22 29 16 38 27 22 34 21 22 18 25 28 9 26 10 34 32 35 24 10 6 34 39 11 36 18 26 6 37 23 27 13 
3 8 5 5 5 1 3 5 3 7 1 8 3 7 6 6 7 7 9 8 4 1 7 3 1 9 8 7 7 4 7 6 6 0 2 7 4 7 8 4 4 8 5 6 7 2 4 0 3 7 6 3 6 8 0 7 4 0 6 3 8 0 9 2 5 6 8 0 0 5 2 3 1 0 0 8 6 6 0 4 3 0 2 4 9 8 3 5 6 6 2 8 2 2 6 5 2 4 4 7 4 4 8 4 1 9 4 3 0 6 7 1 5 5 7 4 8 4 8 5 7 2 2 6 7 4 7 0 5 9 8 6 6 7 0 4 0 4 2 8 6 2 4 5 0 7 0 6 4 8 6 5 3 8 5 8 6 5 2 10 6 1 7 6 5 4 8 7 8 0 4 5 6 0 0 1 8 0 7 8 2 8 3 10 0 6 9 9 8 3 8 3 3 4 6 3 4 6 8 3 1 5 5 0 5 8 7 7 4 7 5 8 1 6 7 0 3 1 4 7 4 1 6 6 7 9 7 5 0 1 2 3 2 0 6 4 0 8 10 4 10 4 1 0 10 1 0 7 1 8 1 2 8 3 4 3 7 4 6 8 3 8 6 3 5 10 7 3 2 9 9 9 6 6 0 4 1 4 7 6 5 4 2 6 0 4 10 6 4 6 0 6 7 6 5 4 2 11 11 1 
5 1 3 5 1 6 4 5 4 1 7 4 5 1 4 1 1 2 5 0 4 7 2 7 3 2 5 5 1 4 3 1 2 6 6 0 3 2 1 6 6 4 6 6 3 2 3 6 5 2 6 3 1 6 4 1 3 6 4 2 1 5 3 2 3 5 2 6 7 0 2 6 4 7 4 4 1 1 5 3 2 6 7 6 5 4 4 3 1 6 2 2 5 5 4 3 3 3 5 1 5 3 2 7 3 2 2 1 4 2 4 4 7 2 3 6 3 3 5 0 2 5 3 3 1 2 1 4 5 6 3 1 3 0 5 1 6 3 3 2 4 3 2 0 3 3 7 3 5 2 0 3 2 5 1 3 1 1 6 3 1 4 0 5 6 2 5 0 1 4 6 2 0 6 4 5 1 6 2 3 6 0 7 3 4 4 2 2 1 3 1 4 5 2 1 4 2 6 1 7 6 6 3 5 0 1 2 2 5 3 2 1 4 5 1 6 7 6 3 2 5 4 0 5 1 2 2 7 7 6 4 3 5 7 0 3 5 6 3 4 2 3 6 7 3 5 4 0 5 4 6 2 5 6 0 5 0 6 5 5 2 2 3 6 1 3 4 3 7 2 2 2 6 0 4 6 3 3 3 5 2 5 5 6 7 5 3 1 3 4 6 3 2 0 7 3 5 4 4 7 
6 7 1 1 4 1 2 8 5 6 3 5 0 7 2 6 6 7 5 6 1 2 5 1 1 7 5 4 6 1 8 4 6 2 1 6 3 7 7 0 7 5 7 2 4 1 0 4 0 7 2 5 6 5 4 6 2 2 2 4 6 4 8 2 6 2 6 1 3 5 1 1 1 2 3 5 4 4 4 0 4 3 1 0 5 5 1 6 6 2 2 6 2 5 7 2 1 4 0 7 7 0 8 1 1 8 3 2 2 3 8 4 8 6 3 0 5 2 4 5 7 5 3 7 7 3 7 3 1 5 5 6 7 6 3 2 3 4 3 6 7 3 2 3 3 8 3 2 0 8 5 1 4 4 2 5 4 2 1 9 6 4 5 8 8 4 4 4 6 3 0 3 3 3 1 3 7 3 7 5 1 6 2 9 2 2 7 6 7 5 7 1 1 3 5 5 1 2 6 1 2 8 6 3 5 7 7 7 7 8 2 7 3 2 7 3 1 1 6 7 7 1 5 2 7 7 7 8 4 1 2 5 1 2 5 2 1 4 9 1 8 0 2 2 8 2 3 6 0 4 1 3 5 0 4 6 6 0 8 4 4 8 7 0 4 9 8 3 1 7 7 7 8 5 2 7 2 4 7 8 2 0 5 9 2 0 9 6 6 2 2 2 7 4 8 5 1 10 10 3 
9 7 1 0 6 5 5 11 9 7 7 2 3 7 0 7 8 8 1 6 4 6 4 5 5 6 1 1 7 3 9 5 8 6 5 6 6 8 8 4 10 2 11 1 2 4 2 9 4 9 2 8 7 0 8 8 5 6 2 7 6 8 8 5 9 1 4 6 8 6 4 5 6 7 7 3 5 5 8 2 7 8 6 4 1 2 5 9 7 2 6 5 6 9 10 1 4 6 2 8 10 2 8 4 5 7 5 4 6 2 10 8 12 8 1 4 3 5 0 6 9 9 6 9 8 5 8 7 1 0 3 8 9 5 8 3 8 7 6 4 9 7 3 3 7 10 8 1 2 8 6 1 7 1 2 3 5 3 6 9 7 8 4 11 11 6 1 4 6 7 4 4 3 8 6 7 7 8 9 3 5 6 6 8 6 0 6 4 6 8 7 5 5 6 5 9 2 2 6 5 7 11 9 8 6 8 8 9 10 9 2 8 7 2 7 8 5 5 9 8 10 5 5 0 8 6 8 12 8 6 6 8 6 7 6 5 6 0 8 4 6 2 7 7 7 7 7 6 5 2 5 6 1 5 6 10 7 4 11 1 7 8 9 5 5 8 10 6 6 6 6 7 11 6 6 10 5 7 9 11 2 2 9 12 6 4 8 8 8 0 6 0 8 3 11 8 6 9 9 7 
7 2 6 8 5 10 8 7 6 2 10 7 9 2 7 4 3 1 8 3 7 11 4 11 6 2 8 8 3 8 3 5 4 10 10 3 6 2 2 10 8 6 7 9 6 6 7 10 9 2 9 5 4 8 7 3 6 10 8 5 2 8 0 6 5 8 4 9 10 2 6 9 7 10 6 6 4 4 8 6 5 9 10 10 8 6 8 4 4 9 6 4 8 7 5 6 6 6 9 3 7 7 2 10 6 2 6 5 7 5 5 7 9 5 5 9 5 7 8 2 2 8 6 5 3 6 1 8 8 8 5 3 5 1 8 5 10 6 6 4 5 6 5 4 7 4 10 6 8 2 3 6 5 7 4 5 4 4 9 0 3 7 2 7 8 5 8 3 0 7 10 6 3 10 8 9 2 10 3 5 10 2 11 0 7 7 0 4 0 5 2 7 9 6 4 6 6 9 2 10 9 8 4 8 2 2 1 3 7 4 5 2 7 9 2 9 11 9 5 2 7 7 4 8 1 2 1 9 11 10 8 6 9 10 4 7 9 8 0 8 2 7 9 10 2 9 7 3 9 7 10 6 7 10 3 7 3 10 7 7 4 0 4 9 5 0 4 7 11 2 2 0 7 4 7 8 6 6 4 6 5 8 8 8 10 9 0 3 4 7 10 6 2 3 9 5 9 0 0 10 
3 8 4 5 5 1 2 5 3 7 0 8 3 7 5 6 6 7 8 7 4 1 7 3 1 9 8 7 6 4 7 5 5 0 1 7 3 7 7 3 4 8 5 6 7 2 3 0 3 6 5 3 6 8 0 6 3 0 5 2 8 0 9 1 5 6 8 0 0 5 2 2 0 0 0 8 5 6 0 3 3 0 2 3 8 8 3 5 5 5 1 8 1 2 6 5 2 3 4 6 4 3 8 3 1 9 4 3 0 5 7 1 6 5 6 3 7 3 7 5 6 2 2 5 7 4 6 0 4 8 7 6 5 7 0 4 0 3 1 8 5 1 4 5 0 6 0 5 4 8 6 4 3 8 5 7 6 4 1 10 6 1 6 6 5 4 8 6 7 0 4 4 5 0 0 0 8 0 7 8 1 7 3 10 0 6 8 8 8 3 7 3 2 3 6 3 4 5 7 3 0 5 5 0 5 7 7 7 4 7 5 7 0 5 7 0 3 1 4 6 4 0 6 5 7 9 7 6 0 1 2 2 2 0 5 3 0 7 9 4 9 3 0 1 9 0 0 7 1 7 1 1 8 3 4 3 6 3 6 7 3 8 6 2 5 10 7 3 2 8 9 8 6 6 0 4 1 4 7 6 4 4 3 6 0 4 10 6 4 6 0 5 6 5 5 4 1 10 11 0 
69 24 43 54 50 96 83 39 81 105 57 85 67 71 68 19 67 103 46 39 103 102 26 80 66 29 52 48 23 37 88 62 72 62 72 69 20 37 66 29 39 99 75 75 72 64 105 73 76 78 66 84 76 77 60 25 56 38 77 70 85 101 73 36 44 42 101 65 104 69 52 22 96 104 33 105 27 51 104 69 61 79 82 59 68 54 30 103 106 42 26 50 98 78 17 52 79 40 83 73 90 81 71 56 46 62 89 94 96 43 96 71 34 90 44 106 69 101 91 67 63 87 77 77 101 83 97 59 53 89 41 22 89 69 98 101 76 105 92 47 68 20 24 60 46 63 62 22 107 102 65 58 100 58 102 26 102 30 45 107 34 66 93 55 72 64 103 75 84 20 65 108 102 43 28 68 27 41 88 96 105 51 77 44 75 48 37 26 94 87 45 21 48 23 72 65 51 87 24 59 71 93 64 73 49 71 85 76 90 90 91 72 71 75 38 45 29 21 21 36 54 28 30 72 46 92 88 82 59 30 47 60 54 71 92 98 23 94 22 67 62 54 65 36 59 95 86 57 30 27 102 17 34 100 87 35 101 29 61 28 80 51 75 55 86 26 90 76 55 79 38 106 76 62 98 60 63 54 72 79 21 68 27 94 86 94 62 28 22 90 107 23 105 48 70 21 102 56 68 29 
8 4 2 3 4 7 6 9 7 4 8 1 5 5 1 5 5 5 2 3 4 8 1 7 5 3 2 2 5 4 7 3 6 7 7 3 5 6 5 6 9 0 9 4 1 4 3 9 5 6 4 7 5 2 7 5 4 7 3 6 3 8 5 5 7 3 1 7 9 4 4 6 6 8 7 0 3 3 8 2 6 8 7 6 2 0 5 7 5 4 5 2 6 8 8 1 4 5 4 5 9 3 6 6 5 3 4 3 6 0 8 7 11 6 0 5 0 5 2 4 6 8 6 7 5 4 5 7 4 2 1 5 7 2 7 2 8 6 5 1 8 6 2 1 6 7 9 1 4 5 4 2 6 1 1 0 3 1 7 5 5 7 1 9 10 5 2 1 3 7 6 3 1 8 6 7 5 8 6 0 7 3 7 5 6 2 3 1 3 7 5 5 6 5 2 8 2 4 3 7 7 10 7 7 4 5 6 6 9 7 1 5 7 4 5 8 7 6 7 6 9 5 3 3 5 3 6 11 9 7 6 7 6 8 4 5 7 2 5 4 3 3 7 8 3 7 7 3 6 1 7 5 1 6 4 9 4 6 9 1 5 5 7 6 4 5 8 6 7 3 3 3 9 4 6 9 5 6 7 9 1 4 9 10 7 5 5 6 7 2 7 1 6 1 10 7 6 6 6 8 
0 6 7 9 5 6 5 0 0 6 6 10 8 5 8 4 4 4 11 6 7 7 8 8 4 8 10 10 5 7 4 6 3 5 7 6 5 3 5 8 0 9 0 9 9 4 6 4 7 3 9 0 4 11 0 4 5 5 8 1 7 3 7 3 2 9 8 5 5 3 4 7 3 6 0 9 6 6 2 6 1 5 7 8 11 9 6 1 4 9 3 8 5 1 2 7 4 4 8 4 0 6 5 8 4 8 5 4 3 7 2 0 1 3 8 8 9 5 10 4 3 0 2 2 5 5 3 3 8 11 9 4 2 6 2 5 5 3 2 8 2 2 6 6 1 3 6 7 8 5 5 7 1 10 6 8 6 6 6 8 4 0 6 1 0 4 10 6 6 3 8 6 6 5 4 5 6 5 4 9 7 6 8 8 3 9 7 8 7 0 6 6 6 5 6 0 7 9 6 8 5 0 1 1 4 5 4 4 0 3 7 5 2 9 5 3 8 6 0 3 0 4 6 9 4 8 4 1 6 6 5 0 6 6 5 6 5 10 7 7 8 6 5 6 8 5 2 6 6 9 6 2 10 7 3 0 5 8 1 10 2 5 3 7 5 8 3 4 7 7 8 7 0 5 3 1 3 3 3 1 6 8 0 1 6 8 8 4 0 9 6 8 3 6 1 0 6 8 8 6 
98 25 54 68 64 129 111 58 113 133 78 106 88 89 86 23 86 132 55 46 135 138 28 106 90 30 63 59 26 47 115 80 95 85 97 86 26 45 81 37 59 126 107 96 90 85 138 101 100 102 85 117 99 96 86 30 74 53 99 97 106 140 88 49 60 52 128 89 141 90 69 29 130 141 50 133 32 64 144 90 84 109 110 77 84 66 39 140 139 52 37 59 131 111 24 65 106 53 108 94 127 106 89 73 62 73 117 124 130 52 128 102 52 120 53 141 84 134 116 86 82 123 105 104 130 109 125 83 68 112 49 26 120 84 135 132 105 141 125 56 93 29 29 75 66 84 86 25 140 129 83 74 136 71 132 29 132 36 60 133 43 94 118 78 103 84 131 94 104 31 85 141 131 61 39 92 29 57 114 121 141 62 102 48 103 59 40 28 116 121 53 27 64 29 92 93 65 113 26 78 96 131 88 103 61 89 109 98 127 119 116 89 99 96 46 64 38 29 32 45 78 38 35 92 56 114 113 116 82 41 63 85 72 97 119 130 32 120 20 87 74 70 89 50 70 128 119 70 40 30 137 25 39 133 114 55 130 37 86 31 108 59 100 73 112 25 120 102 74 97 42 132 106 79 134 87 86 73 95 109 25 88 43 131 117 124 73 35 32 115 145 26 137 59 100 32 136 65 81 41 
0 6 7 9 5 6 5 0 0 6 6 10 7 5 8 4 4 4 11 6 7 6 8 8 4 8 10 10 5 7 4 6 3 5 7 6 5 3 6 8 0 9 0 9 9 4 6 4 7 3 9 0 4 11 0 4 5 5 8 1 7 2 7 3 2 9 8 5 5 3 4 7 3 5 0 9 6 6 2 6 1 5 7 8 11 9 6 1 4 9 3 8 5 0 2 7 4 4 8 4 0 6 5 8 4 8 5 4 3 7 2 0 1 3 8 8 9 5 10 4 3 0 2 2 5 5 3 3 8 11 9 4 2 6 2 5 5 3 2 8 2 2 6 6 1 3 5 7 8 6 5 7 1 10 6 8 6 6 6 8 4 0 6 1 0 4 10 6 6 2 8 6 6 5 4 5 6 5 4 9 7 6 8 8 3 9 7 9 7 0 6 6 6 5 6 0 7 9 6 8 5 0 1 1 4 5 4 4 0 3 7 6 2 9 5 3 8 6 0 3 0 4 6 9 4 8 4 1 6 6 5 0 6 5 5 6 5 10 7 7 8 6 5 6 8 5 2 6 6 9 6 2 10 7 3 0 5 8 1 10 2 6 3 7 5 8 3 4 7 7 8 7 1 5 3 0 3 3 3 1 6 8 0 1 6 8 8 4 1 9 6 8 3 6 1 0 6 8 8 6 
4 3 2 4 0 4 3 5 3 2 5 4 4 2 3 1 2 3 5 2 2 5 2 5 2 3 4 4 2 3 4 0 2 5 5 2 1 3 3 4 5 3 5 4 3 1 2 5 4 3 4 3 2 5 3 2 1 5 3 2 2 4 4 1 3 4 3 4 5 0 1 4 2 5 3 3 0 0 4 2 2 5 5 5 5 3 3 3 2 4 1 2 3 4 4 2 1 2 4 2 5 2 3 5 1 3 1 0 3 1 5 3 7 3 2 4 3 2 4 0 3 5 2 3 2 1 2 3 4 5 3 2 3 1 4 0 5 2 2 2 4 2 0 0 3 4 6 2 4 3 1 2 2 4 0 3 0 0 4 5 2 3 1 6 6 1 4 1 2 3 5 1 0 5 3 4 3 5 3 3 5 2 6 4 3 3 3 3 3 3 2 2 4 1 1 4 1 5 2 5 4 6 3 4 0 3 3 3 5 4 1 3 3 4 2 4 6 4 3 3 5 2 0 4 3 3 3 7 6 5 3 3 4 5 0 2 4 5 4 3 4 2 5 6 4 4 3 1 4 3 5 2 4 5 0 5 1 5 5 4 1 3 4 4 0 5 4 2 5 3 3 3 6 1 3 5 2 2 4 5 1 3 5 6 5 4 4 2 3 3 5 2 3 0 6 3 4 5 5 5 
28 16 17 20 22 30 30 21 33 42 18 34 23 31 26 13 30 42 21 20 37 31 15 26 24 18 23 21 15 15 38 26 31 19 22 30 10 20 30 10 20 39 32 28 29 24 37 26 26 34 24 33 32 31 23 16 22 11 29 28 36 35 33 14 22 17 41 20 35 29 20 8 33 32 13 41 14 23 37 25 25 27 27 20 28 24 12 41 42 17 12 24 34 30 14 21 28 17 28 32 37 29 32 19 17 29 34 35 33 18 40 27 19 37 19 37 29 37 35 28 29 34 29 33 41 32 40 21 19 35 19 15 37 30 35 38 26 40 34 22 30 10 11 24 17 29 20 11 37 42 28 22 38 24 38 15 40 14 15 45 18 25 37 26 32 26 39 31 35 9 22 40 39 15 10 24 17 14 37 38 33 24 25 24 26 19 21 16 39 35 23 9 17 11 30 28 20 31 15 20 24 39 28 26 22 32 36 33 37 38 34 32 26 28 20 16 9 5 14 20 25 10 16 27 23 39 37 35 19 6 18 25 19 21 37 36 6 36 17 25 29 20 22 9 28 32 31 26 9 14 32 9 17 34 34 18 41 10 28 14 32 25 33 19 34 18 38 29 16 34 20 43 33 27 35 26 23 23 32 35 10 24 14 40 25 33 30 17 14 33 34 11 43 21 30 13 35 28 33 9 
30 7 16 21 18 38 32 20 33 34 26 30 27 24 25 8 24 35 18 12 38 41 9 33 26 7 20 19 8 16 32 22 27 28 31 22 10 13 22 15 21 34 33 29 25 24 38 32 30 28 26 33 27 28 27 10 22 20 29 28 27 41 23 16 19 17 33 28 42 24 20 13 37 42 17 36 10 18 42 26 25 33 34 25 25 19 14 39 37 18 13 16 38 33 10 19 30 17 32 26 37 30 24 25 19 18 33 34 37 15 36 30 20 33 15 41 23 37 33 23 23 36 30 30 34 30 33 26 22 33 15 9 34 20 39 35 33 39 35 15 27 12 10 20 21 25 28 9 40 34 22 21 37 21 35 9 35 11 21 34 13 28 29 25 32 24 37 24 25 13 27 38 34 22 15 29 8 21 31 33 42 16 33 13 30 19 9 8 28 34 14 11 21 11 25 28 19 34 7 26 30 39 25 31 17 24 29 27 37 33 31 24 30 29 13 22 16 13 12 13 25 14 11 27 16 28 30 36 28 17 21 26 24 31 32 37 14 34 6 26 18 21 28 19 17 38 35 18 16 11 40 10 13 39 31 19 34 15 27 11 30 16 29 24 31 7 34 30 25 24 10 32 32 22 38 28 25 22 27 32 9 27 16 39 36 36 19 11 12 32 43 10 36 16 32 12 40 18 22 17 
5 5 0 2 2 2 1 6 4 4 4 4 2 5 2 4 4 5 4 4 0 3 3 3 0 5 4 3 4 0 6 2 4 3 3 4 1 5 5 2 6 4 6 3 3 0 0 4 1 5 3 3 4 4 3 4 0 3 2 2 4 3 6 1 5 2 4 2 4 3 0 2 1 3 2 4 2 2 3 0 3 3 3 3 4 4 0 5 4 2 1 4 2 4 6 1 0 2 2 5 6 0 6 3 0 5 1 0 2 1 6 3 7 4 2 2 4 0 4 3 5 5 2 5 4 1 5 2 2 5 3 4 5 4 3 0 4 3 1 4 5 2 0 1 2 6 4 1 1 5 3 0 3 4 1 3 2 0 2 7 4 3 3 7 7 2 4 2 4 2 2 1 1 4 1 3 5 4 5 4 3 4 4 7 2 2 5 4 5 4 5 0 2 1 2 4 0 3 4 3 3 7 4 3 3 5 5 5 6 6 1 5 3 2 4 4 3 2 4 5 6 1 2 2 5 5 5 7 4 3 1 3 2 3 3 0 2 4 7 0 6 0 3 4 6 3 3 4 2 3 2 1 4 2 2 5 4 2 7 3 2 6 5 2 2 7 6 2 3 5 5 5 7 3 2 6 1 3 6 6 0 1 5 7 3 1 7 4 4 2 3 1 5 2 7 4 2 7 8 3 
52 18 24 30 34 62 54 34 60 72 38 53 41 50 40 15 48 73 27 27 65 67 15 51 44 20 31 28 18 20 63 41 52 42 46 47 13 29 46 16 34 63 58 45 44 41 65 51 47 57 39 61 53 47 45 20 36 25 46 50 57 71 51 24 34 23 66 43 71 48 33 12 64 70 26 68 17 33 73 41 45 54 53 36 41 33 17 74 73 23 19 32 65 58 17 30 51 28 50 52 67 49 51 34 30 42 59 61 65 25 70 53 31 64 25 67 44 66 56 46 47 64 54 57 70 55 68 42 30 55 25 18 65 47 68 65 53 72 63 30 51 16 12 38 34 47 43 10 66 71 45 33 70 35 65 15 67 17 29 74 26 49 62 44 56 44 65 49 57 16 39 70 66 31 18 46 20 28 63 62 69 35 49 32 51 27 26 16 64 64 32 12 30 15 47 50 30 53 17 36 48 70 48 52 34 50 61 55 67 65 57 50 50 45 28 33 17 12 20 28 43 18 20 43 34 62 62 63 41 19 31 45 34 48 62 64 15 58 18 41 42 31 44 24 40 64 60 38 18 15 67 13 19 64 60 31 69 16 48 14 56 37 55 34 57 20 66 51 35 54 26 72 58 42 67 47 42 38 53 60 10 40 24 71 57 59 44 22 20 55 71 10 74 30 54 20 67 40 49 20 
47 17 31 39 35 67 58 26 54 71 41 60 48 48 48 14 45 69 34 28 71 72 19 57 46 21 38 35 16 27 58 43 49 44 52 48 15 24 44 22 28 69 51 54 50 44 73 51 53 51 47 57 51 55 42 17 39 29 54 48 58 70 50 26 29 31 70 46 72 47 36 18 66 73 24 73 19 36 72 49 41 56 58 43 48 39 22 68 71 31 19 35 68 54 11 37 55 28 58 49 61 57 48 41 32 43 61 64 66 31 63 49 24 60 32 74 48 70 64 45 42 60 52 51 68 57 64 42 38 63 30 15 59 47 67 69 54 71 63 33 45 14 18 41 32 41 45 17 74 68 44 41 67 42 70 20 69 21 33 73 23 45 64 36 49 44 72 52 57 16 47 74 69 32 21 48 19 30 59 67 74 36 55 30 52 35 26 20 63 58 31 16 35 17 50 45 37 61 18 43 50 63 42 51 33 48 57 51 61 60 63 48 49 53 26 32 23 17 14 24 37 21 21 51 31 63 58 56 43 23 33 41 39 51 63 68 18 66 16 47 43 39 46 27 41 66 59 40 23 21 71 13 26 70 58 25 68 22 40 21 54 34 49 39 59 19 59 52 40 54 27 72 50 42 67 42 44 37 48 52 16 48 20 63 61 66 43 19 14 63 75 18 70 34 48 14 71 39 47 23 
5 0 4 6 2 7 5 5 4 0 7 5 6 0 5 1 1 1 6 0 5 8 2 8 4 2 6 5 0 5 2 2 2 7 7 0 3 1 0 7 6 4 6 6 4 3 4 7 6 2 7 3 1 6 5 1 4 7 5 3 1 6 2 3 3 6 3 7 7 0 3 7 4 7 4 4 1 2 6 4 3 7 8 7 6 4 5 3 1 6 3 2 5 5 3 4 3 3 6 1 5 4 1 7 4 2 3 2 4 3 4 4 7 2 3 6 3 4 6 0 2 5 3 3 1 3 1 5 6 7 4 1 3 0 5 2 7 3 3 2 4 4 2 1 4 3 8 4 6 1 1 4 2 5 2 3 1 2 6 3 1 4 0 5 6 2 6 1 0 5 7 3 1 7 5 6 0 7 2 4 7 0 8 2 5 5 1 3 1 3 0 5 6 3 2 4 3 7 0 7 6 6 3 5 0 1 1 2 5 3 3 0 5 6 0 6 8 6 3 1 5 4 1 6 1 2 1 7 8 7 5 4 6 7 1 4 6 6 2 5 2 4 7 8 2 6 5 1 6 5 7 3 5 7 1 5 0 7 5 5 2 1 3 6 2 3 3 4 8 1 2 1 5 1 4 6 3 3 3 5 3 6 5 6 7 6 2 1 3 5 7 4 1 1 7 3 6 3 3 7 
7 4 1 3 3 6 5 8 6 4 7 1 4 4 1 4 4 5 2 2 3 7 0 6 4 3 2 2 4 3 6 2 5 7 6 2 4 5 4 5 8 1 8 3 0 3 2 8 5 5 4 6 4 3 6 4 3 7 3 5 2 7 5 4 6 3 1 6 8 3 3 6 5 7 5 0 2 2 7 2 5 7 7 5 2 1 4 6 4 4 4 1 5 7 7 1 3 4 4 5 8 2 5 6 4 3 3 2 5 0 7 6 10 5 0 5 0 4 2 3 5 7 5 6 4 3 4 6 3 3 0 4 6 2 6 1 7 5 4 1 7 5 1 0 5 7 8 0 3 5 3 1 5 1 0 0 2 0 6 5 4 6 0 8 9 4 2 0 2 6 5 2 0 7 5 6 4 7 6 0 6 3 7 5 5 2 3 1 3 6 4 4 5 4 1 6 1 4 3 6 6 9 6 6 3 5 5 5 8 6 0 4 6 4 4 7 6 6 6 5 8 4 2 3 4 3 5 10 8 6 5 6 5 7 3 4 6 3 5 4 3 2 6 7 3 6 6 2 5 1 6 4 2 5 3 8 3 5 8 2 4 4 6 5 2 5 7 4 7 3 2 3 8 3 5 8 4 5 6 8 1 3 7 9 7 4 4 5 6 2 7 1 5 0 9 6 5 5 6 7 
29 6 16 21 17 37 31 19 32 33 25 30 27 23 25 7 23 34 18 11 37 40 8 32 25 8 20 19 7 15 31 21 26 27 30 22 9 13 21 14 20 34 31 29 25 23 38 31 30 27 26 32 26 28 25 9 21 19 29 27 26 40 23 15 18 17 33 27 41 23 20 12 36 41 16 36 9 17 40 25 23 32 33 25 25 19 14 37 36 18 12 16 37 32 9 19 29 16 31 25 36 29 23 24 18 19 32 33 36 15 35 29 19 32 15 40 23 36 33 22 22 35 29 29 33 30 32 25 21 33 14 8 33 20 38 34 32 38 34 15 26 10 9 20 20 24 27 9 39 33 21 21 36 21 34 9 34 10 20 35 12 27 29 24 31 23 37 24 25 12 26 37 33 21 14 28 7 20 30 33 41 15 32 13 29 18 10 8 29 33 13 10 21 10 24 27 19 33 6 25 29 38 24 30 15 23 28 26 36 32 31 23 29 29 12 21 15 12 11 12 24 13 10 27 15 29 29 35 27 16 20 25 23 30 31 36 13 34 6 26 19 20 27 18 18 37 34 18 15 11 40 9 13 38 29 18 33 14 26 11 29 16 28 23 30 8 33 29 24 24 11 33 31 21 37 27 24 21 26 31 8 26 15 38 35 36 20 10 10 32 42 9 36 15 31 11 39 18 23 16 
3 2 5 7 2 6 4 3 1 2 6 7 6 2 6 1 1 1 8 3 5 7 4 8 3 4 7 7 1 5 1 3 0 6 7 3 3 1 2 7 3 6 3 7 6 2 5 5 6 0 7 1 1 8 3 1 3 6 6 1 3 4 3 2 1 7 5 6 6 0 3 6 3 6 2 6 3 3 4 4 1 5 7 7 8 6 5 0 1 7 2 4 5 3 1 5 3 2 6 1 3 5 2 7 3 4 3 2 3 4 1 2 4 0 5 7 5 4 8 0 0 3 1 1 1 3 0 4 6 8 5 1 1 2 3 3 6 2 2 5 1 2 3 3 2 1 6 5 6 2 2 5 0 7 3 5 3 3 6 4 0 2 3 3 4 2 7 3 2 3 7 3 3 6 4 5 2 6 1 6 7 3 8 4 4 6 3 5 3 1 2 4 6 3 3 2 4 7 3 7 5 4 0 3 0 1 1 1 3 1 4 2 3 7 1 4 8 6 0 0 3 4 3 7 1 4 1 5 7 6 4 2 6 6 2 4 5 8 4 5 5 5 6 7 5 5 3 3 6 7 6 2 7 7 0 3 2 7 3 7 0 2 1 6 3 4 1 3 7 4 4 3 3 2 3 3 3 2 1 2 4 6 3 4 6 6 4 0 0 6 6 6 0 3 4 0 5 5 5 6 
3 2 5 7 2 6 5 3 2 1 7 7 7 1 6 0 0 0 7 2 5 7 4 8 3 3 7 7 1 5 1 2 0 6 7 2 3 0 1 7 4 6 4 7 6 3 5 6 6 0 7 2 0 8 3 0 4 6 6 1 3 5 3 3 1 7 5 6 6 0 3 7 4 7 3 6 2 3 4 4 1 6 7 7 8 6 5 1 0 7 2 4 5 4 1 5 3 3 7 0 4 5 1 8 3 4 3 2 4 4 2 3 5 1 5 7 5 4 7 0 0 4 2 1 0 3 0 4 6 8 5 0 1 2 4 3 6 2 2 4 2 2 3 2 3 1 7 5 6 1 1 5 1 7 3 5 3 3 6 4 0 3 2 3 4 2 7 2 2 4 7 3 2 6 4 5 2 6 0 6 7 2 8 3 4 6 3 5 2 2 1 5 6 3 3 2 4 7 2 7 6 4 1 4 0 1 0 0 4 1 4 1 4 7 1 5 8 6 1 0 3 4 2 7 0 4 0 5 7 7 4 2 6 7 2 4 6 8 3 5 4 5 6 7 4 6 4 2 6 6 7 2 7 7 0 4 1 7 3 7 0 2 1 6 3 4 1 3 7 3 4 3 3 1 3 4 3 2 1 3 4 6 4 4 7 6 4 0 1 6 7 5 0 3 5 1 6 4 4 7 
28 11 12 17 17 32 27 20 31 38 21 29 21 27 21 9 25 38 16 15 32 35 9 27 22 12 18 16 10 10 34 21 27 22 24 25 6 16 25 9 19 34 31 24 24 20 33 27 24 30 21 32 28 26 23 12 18 14 24 26 31 37 29 12 19 13 35 22 37 25 16 7 32 36 14 36 9 17 38 20 23 28 28 19 23 19 8 39 38 13 9 18 33 30 11 16 25 14 26 28 36 25 28 18 15 24 29 30 33 13 37 27 19 33 14 35 24 33 30 24 26 34 27 30 37 27 36 22 16 31 14 10 34 25 35 32 28 37 32 17 28 8 6 19 17 26 23 6 34 38 23 17 36 20 33 9 34 9 15 40 14 25 32 25 31 22 35 26 30 8 21 35 34 17 9 24 12 16 34 33 36 19 26 19 26 15 15 10 34 33 18 5 15 7 25 26 15 28 10 20 25 38 26 27 18 27 32 30 36 35 29 27 26 24 16 18 10 7 12 16 24 9 11 23 19 33 33 35 22 11 16 24 18 25 32 31 8 32 12 20 24 15 23 14 23 33 31 21 10 9 34 7 12 33 30 18 36 9 27 9 29 21 30 18 29 13 35 26 19 29 15 38 32 22 34 26 21 20 29 33 5 21 14 39 30 30 25 13 11 29 37 6 39 16 30 11 34 24 28 11 
7 2 4 6 3 8 6 8 6 2 9 4 7 2 4 3 3 3 5 1 5 9 2 9 5 0 5 5 3 6 4 3 4 8 8 1 5 3 2 7 8 3 8 6 3 4 5 9 7 4 7 5 3 5 7 3 5 8 5 5 0 8 2 5 5 6 1 8 9 2 4 8 6 9 6 3 3 2 8 4 5 8 9 8 5 3 6 5 3 6 5 1 7 7 6 3 5 5 6 3 8 4 3 8 5 0 4 3 6 2 6 6 9 5 3 7 2 5 5 2 4 8 5 5 3 4 3 7 6 6 3 3 5 0 7 2 8 5 5 1 6 6 3 2 6 5 9 3 6 2 2 4 4 4 2 2 2 2 7 2 3 6 0 7 8 4 5 0 0 6 7 4 1 9 6 8 2 9 4 3 8 1 9 2 6 5 0 1 0 6 2 6 7 5 2 6 3 7 1 8 8 8 5 7 2 3 3 4 8 5 2 2 7 6 2 8 9 8 5 3 7 6 2 5 2 0 3 9 9 8 6 6 7 9 3 5 7 6 2 6 0 4 8 9 0 8 7 1 7 4 8 5 4 8 3 8 2 7 7 4 4 2 5 7 3 2 5 5 9 0 0 0 8 3 6 8 5 5 5 7 3 6 7 8 9 7 2 3 5 5 8 4 3 1 9 5 7 3 3 9 
9 6 1 1 5 6 5 10 8 6 8 1 3 7 0 6 7 7 0 5 4 7 3 6 5 5 0 0 6 3 8 4 7 7 6 5 5 8 7 5 10 1 10 2 1 4 2 9 5 8 3 7 6 0 7 7 5 7 2 7 5 8 7 5 8 2 3 6 8 5 4 6 5 7 7 2 4 4 8 2 7 8 6 5 0 1 5 8 6 3 6 4 6 9 9 1 4 6 3 7 10 2 8 5 5 6 5 3 6 1 9 8 12 8 0 4 2 5 0 5 8 9 6 8 7 5 7 7 2 0 2 7 8 4 7 2 8 7 6 3 9 7 2 2 6 9 8 0 2 7 6 1 6 0 2 2 4 2 6 8 7 7 3 10 11 5 0 3 5 7 5 4 3 8 6 7 7 8 8 2 6 5 6 7 6 0 5 3 5 8 6 5 5 5 4 8 1 3 5 5 7 11 8 8 5 7 7 8 10 9 1 7 7 2 6 8 6 6 8 7 10 5 4 1 7 5 7 12 8 6 6 8 6 7 5 4 6 0 7 4 5 2 7 7 6 7 7 5 5 1 6 6 0 5 5 10 6 5 10 0 6 7 9 5 4 7 9 6 6 5 5 6 11 5 6 10 5 7 9 10 1 2 9 11 6 4 7 7 8 0 7 0 7 2 11 8 6 8 8 7 
29 12 12 16 18 32 28 21 32 38 21 29 21 28 21 10 26 39 16 16 32 35 9 27 23 13 17 15 11 10 35 22 28 22 24 26 7 17 26 8 20 33 32 23 24 21 32 28 24 31 20 33 29 25 24 13 19 14 24 27 31 37 29 13 20 12 35 22 37 26 17 7 33 36 14 36 10 18 38 20 24 29 28 19 23 18 9 40 39 12 10 19 33 31 12 15 26 15 25 29 37 24 29 18 15 24 30 31 33 13 39 28 20 35 14 34 24 34 30 25 27 35 28 31 38 28 37 22 15 30 14 11 35 25 36 33 28 38 33 17 29 9 6 20 18 27 23 6 33 39 24 17 37 19 33 9 35 9 15 41 15 26 33 26 32 23 34 26 31 9 20 36 34 17 10 24 13 16 35 33 35 20 26 20 26 14 16 11 35 34 19 6 16 9 25 27 15 27 11 19 25 39 27 28 19 28 33 31 37 36 29 28 27 23 17 18 9 7 13 17 25 10 11 22 20 34 34 36 23 11 16 25 18 25 33 32 8 31 13 20 24 15 23 14 23 33 32 21 10 9 34 8 11 33 32 19 37 8 28 9 30 22 31 18 30 14 36 27 19 30 16 39 33 23 35 27 22 21 30 34 5 20 15 40 30 30 26 14 12 28 37 6 40 16 31 12 34 24 29 12 
53 13 29 37 34 69 59 33 60 68 44 55 48 46 46 13 45 68 30 24 71 74 15 58 48 15 34 32 14 27 60 42 50 47 53 44 16 24 42 23 34 65 58 52 47 45 72 55 54 53 46 61 51 51 47 17 40 31 53 51 53 74 45 27 33 29 65 49 76 46 37 19 68 75 28 68 17 33 76 47 45 59 60 43 45 35 23 73 72 30 21 30 70 59 15 35 55 29 58 49 68 56 46 41 34 36 61 64 69 28 67 55 31 63 28 74 44 70 61 44 43 66 55 55 67 57 64 45 37 59 26 15 63 42 71 68 57 74 66 29 49 18 16 39 36 45 48 15 73 66 43 39 70 38 67 16 67 19 34 67 23 50 59 43 56 45 68 47 51 19 47 73 66 35 23 50 15 33 59 62 75 32 56 24 55 32 19 15 57 64 28 17 36 17 47 50 35 60 13 43 53 70 47 55 32 46 56 51 68 62 60 46 53 52 24 36 24 19 19 24 43 23 19 49 29 57 58 63 46 25 35 46 40 54 61 68 20 63 11 47 37 38 49 30 35 68 63 36 24 17 73 15 22 71 59 32 66 23 47 18 56 31 53 40 58 12 63 54 42 49 21 65 57 41 71 48 46 39 50 58 14 47 26 70 64 66 36 19 19 60 77 15 70 30 55 19 72 33 41 25 
7 6 0 0 4 3 3 9 6 6 5 3 1 6 0 6 6 7 3 5 1 4 4 3 3 6 2 2 6 1 8 4 6 4 3 5 3 7 7 2 8 3 9 0 2 2 0 6 2 7 0 6 6 2 5 6 3 4 0 5 5 5 8 3 7 0 4 3 5 5 2 3 3 4 5 4 4 4 5 0 5 5 3 2 3 3 2 7 6 0 3 5 3 6 8 0 2 4 0 7 8 0 7 2 2 7 3 2 4 1 8 5 10 6 1 2 4 3 2 4 7 7 4 7 6 3 7 4 0 3 3 6 7 5 5 1 5 5 4 4 8 4 1 2 4 8 5 0 0 7 5 0 5 2 1 3 4 2 3 8 6 5 4 9 9 4 2 3 5 4 2 3 2 5 3 4 7 5 7 4 3 5 3 8 4 0 6 5 6 6 6 2 2 4 4 6 0 0 6 3 4 9 7 5 5 7 7 7 8 8 1 7 5 0 6 5 3 3 7 7 8 3 4 0 7 6 7 10 6 3 3 6 3 4 5 2 3 2 8 1 6 0 4 4 7 4 5 5 2 2 3 4 3 2 4 8 6 2 9 2 5 7 8 3 3 8 8 4 3 6 6 6 9 5 4 8 3 5 8 9 0 0 7 10 4 1 8 6 6 0 4 0 7 2 9 6 3 9 9 5 
51 14 30 38 34 69 59 31 58 68 43 57 49 45 47 13 44 65 32 25 71 74 17 58 48 17 36 34 14 27 57 42 49 47 53 45 16 22 41 23 32 67 56 53 49 45 73 54 54 50 47 60 51 53 45 16 40 31 54 50 55 73 45 27 31 30 67 48 75 46 37 19 68 75 27 70 18 34 75 48 43 58 60 43 47 37 23 70 71 31 21 32 69 58 13 36 56 29 58 48 66 56 44 42 33 39 61 64 68 29 65 53 29 61 30 75 46 70 63 44 40 64 54 53 66 57 62 44 38 61 28 14 61 44 70 68 56 73 65 31 47 17 17 40 35 42 47 16 74 65 43 40 69 40 69 18 68 20 34 68 22 49 61 41 54 44 70 49 53 18 47 73 67 34 23 50 15 33 57 64 75 33 56 26 54 34 22 17 59 62 27 17 36 17 48 48 36 61 14 44 52 68 44 54 31 45 53 49 66 60 61 45 52 53 24 35 24 19 17 22 41 22 20 50 27 59 55 61 46 25 35 44 40 53 61 68 20 65 11 47 39 38 48 29 37 68 62 37 24 19 73 15 24 71 58 30 66 23 45 20 55 29 51 41 58 14 61 54 42 51 23 67 55 41 70 46 45 39 48 56 15 48 24 68 63 66 38 18 17 62 77 17 68 32 53 17 72 34 42 25 
2 3 5 7 3 6 4 2 1 3 6 8 7 2 6 1 1 1 8 3 5 7 5 8 3 5 8 7 2 6 1 3 0 6 7 3 3 1 2 7 3 7 3 8 6 3 5 5 6 0 8 1 1 9 2 1 4 6 7 1 4 4 4 2 0 7 6 6 6 0 3 6 3 6 2 7 3 4 4 5 0 5 7 7 8 7 5 0 1 8 2 5 5 3 0 5 3 3 7 1 2 5 2 8 3 5 3 3 3 5 1 2 4 0 6 7 6 4 8 1 0 3 1 0 2 3 1 3 7 9 6 1 0 3 3 3 5 2 2 5 0 2 4 3 2 0 6 5 7 2 2 5 0 7 4 6 3 3 6 5 1 2 3 2 3 2 8 3 3 3 7 4 3 5 4 5 3 6 1 7 7 3 8 5 3 7 4 6 3 1 3 5 6 3 4 1 5 8 3 7 5 3 0 3 1 2 1 1 2 1 5 2 3 8 2 4 8 6 0 0 2 4 3 7 1 5 1 4 7 6 4 1 6 6 2 4 5 8 4 6 5 5 6 7 5 5 3 4 6 7 6 2 8 7 0 2 2 7 2 7 0 3 0 6 3 5 1 3 7 4 5 4 2 2 3 3 3 2 0 1 4 7 3 3 6 7 5 1 0 7 6 6 0 3 4 0 6 5 5 6 
3 4 6 9 4 7 6 2 1 3 8 9 8 3 8 2 2 1 9 4 7 8 6 9 4 5 9 9 3 7 1 4 2 7 8 4 5 0 3 8 3 8 3 9 8 4 6 6 8 0 9 1 2 10 3 2 5 7 8 2 5 5 4 4 1 9 7 7 7 2 4 8 4 7 3 8 4 5 5 6 1 6 9 9 10 8 6 0 2 9 3 6 6 3 0 7 5 4 8 2 3 6 3 9 4 5 5 4 4 6 0 2 4 1 7 8 7 5 9 2 0 3 3 1 2 5 1 4 8 10 7 2 1 3 4 5 6 3 3 6 1 3 5 4 3 0 7 7 8 3 3 6 1 9 5 7 5 5 7 5 2 2 4 2 3 4 9 5 3 4 9 5 4 6 5 6 3 7 1 8 8 4 9 5 5 8 5 7 4 1 3 6 7 4 5 2 6 9 4 9 7 3 0 4 2 2 1 1 3 0 6 3 4 9 3 5 9 7 0 0 2 5 4 9 1 6 1 4 8 8 6 2 7 7 4 6 7 10 4 7 6 6 7 8 6 6 4 5 7 8 8 3 9 8 2 3 3 8 2 9 1 2 0 8 5 5 0 4 8 5 6 4 2 3 4 3 4 3 0 1 6 8 3 3 8 8 5 2 0 8 7 7 0 5 4 1 7 5 5 7 
53 15 25 33 33 66 56 34 60 69 41 52 44 48 41 14 46 70 26 24 67 71 12 54 46 17 30 28 16 23 62 40 51 44 50 44 13 27 44 19 34 61 58 47 43 42 68 53 50 55 42 61 52 47 46 18 37 28 48 50 54 72 49 25 34 25 63 46 73 47 35 15 66 73 27 65 16 31 74 44 45 57 56 39 41 31 20 74 72 26 20 29 67 59 16 31 53 28 54 50 68 52 49 37 31 39 59 62 67 24 69 54 31 63 24 71 40 67 57 44 45 65 54 56 68 55 66 43 33 55 22 16 64 44 70 64 55 73 64 27 50 17 13 36 35 46 45 10 69 68 43 35 70 34 64 12 66 16 31 71 24 50 58 44 56 43 64 46 54 17 43 70 64 33 21 48 18 31 61 59 72 32 53 29 53 28 23 13 61 64 30 14 33 15 45 50 31 56 15 40 50 71 48 54 32 48 59 53 68 64 56 48 52 47 26 35 20 15 20 26 43 20 18 45 32 59 61 63 44 22 33 46 37 51 61 65 17 59 15 43 39 34 46 27 37 66 61 36 21 13 70 14 18 67 59 31 67 19 48 14 56 34 54 37 56 17 65 52 38 51 22 69 58 41 69 48 44 39 52 59 10 43 25 71 60 62 40 20 19 56 74 11 73 28 55 19 69 37 46 23 
29 6 16 22 18 38 32 19 31 33 25 31 27 22 25 7 22 33 18 12 38 41 9 33 26 8 20 19 7 16 30 22 25 27 30 22 9 12 20 15 19 35 31 29 26 24 38 31 30 26 27 32 26 29 25 8 21 19 29 26 27 39 23 15 17 18 34 27 41 23 20 13 36 41 16 37 9 18 40 26 23 32 34 25 26 20 14 37 36 18 12 17 37 32 8 19 29 16 32 24 36 30 23 24 18 19 32 33 36 16 35 29 18 32 16 40 24 37 34 21 21 35 29 28 33 30 31 25 22 33 15 7 32 21 38 35 32 38 34 16 26 10 9 20 20 23 27 9 40 32 21 22 36 22 35 10 34 11 20 35 12 27 30 23 30 23 37 24 26 11 27 38 34 21 14 28 7 20 30 33 41 16 32 13 29 19 11 9 29 33 13 10 21 10 24 26 19 34 7 25 29 37 24 30 15 22 27 25 36 32 31 22 29 29 11 21 16 12 10 12 24 13 10 28 14 30 28 34 27 16 20 24 23 30 31 36 13 35 6 26 20 21 27 18 19 37 33 18 15 11 40 9 14 39 29 18 33 15 25 12 28 15 27 23 30 8 32 29 25 25 12 33 31 21 37 26 24 21 26 31 9 27 15 37 35 36 20 9 10 33 42 10 35 16 30 10 39 18 22 16 
8 3 2 4 3 7 5 8 6 3 8 2 5 4 2 4 4 4 3 2 4 8 0 7 5 2 3 3 4 4 6 3 5 7 7 2 4 5 4 6 9 1 9 4 1 4 3 8 6 5 5 6 4 3 7 4 4 7 4 5 2 7 4 4 6 4 0 7 8 3 4 7 5 8 6 1 2 2 7 3 5 8 7 6 3 1 5 6 4 5 5 0 6 7 7 2 4 5 5 4 8 3 4 7 4 2 4 3 6 1 7 7 10 5 1 6 0 4 3 3 5 8 5 6 4 4 4 6 4 4 1 4 6 1 7 1 8 5 5 0 7 6 2 1 6 6 8 1 5 4 3 2 5 2 1 1 2 1 7 4 4 6 0 8 9 4 3 0 2 6 6 3 0 8 6 7 3 8 5 1 7 2 8 4 6 3 2 0 2 6 3 5 6 4 2 7 2 5 2 7 7 9 6 7 3 4 4 5 8 6 1 4 7 5 4 8 7 7 6 4 8 5 2 4 4 2 4 10 9 7 6 6 6 8 3 4 7 4 4 4 2 3 7 8 2 7 6 2 6 2 7 5 2 6 3 8 3 6 8 2 4 4 6 6 3 4 7 5 8 2 2 2 9 3 6 8 5 5 6 8 2 4 8 9 8 5 4 5 6 3 8 2 5 0 10 6 6 5 5 8 
51 22 29 35 37 60 56 34 60 75 35 58 42 53 45 18 50 75 32 31 68 63 20 50 45 24 36 33 21 24 66 45 54 38 44 51 15 31 49 17 33 68 58 49 50 44 69 49 49 59 43 61 56 52 43 22 39 22 51 51 61 69 55 25 36 28 71 40 68 51 35 12 64 66 25 73 21 37 71 46 46 53 51 37 46 38 20 75 76 27 20 37 65 57 19 35 53 29 53 55 67 54 54 35 31 47 61 64 64 30 71 52 30 66 31 69 49 69 61 49 49 63 54 58 73 58 71 41 34 60 30 20 66 51 67 69 51 74 64 35 52 16 17 42 32 49 40 16 69 74 48 39 71 40 70 20 71 22 28 78 28 47 66 45 56 46 70 53 61 15 41 74 70 29 18 45 24 26 65 67 66 39 47 35 50 31 30 21 68 64 35 14 31 17 52 50 35 57 21 36 46 70 49 50 37 53 63 57 67 67 62 54 49 49 31 30 16 10 21 31 43 18 23 47 37 66 65 62 38 14 32 45 34 44 65 66 12 63 21 44 47 36 42 19 45 62 59 43 16 20 64 14 24 64 62 30 72 17 49 20 58 40 57 34 60 24 67 53 31 58 30 76 58 46 67 47 43 40 55 61 15 43 23 71 52 61 48 24 21 59 67 16 77 35 53 20 66 44 53 17 
5 7 2 2 4 0 1 7 4 6 2 5 1 6 3 5 6 7 6 6 1 1 5 1 0 7 5 4 6 1 7 4 5 1 1 6 2 7 7 1 6 5 6 3 4 1 1 3 0 6 3 4 5 5 3 6 2 1 3 3 6 3 8 1 5 3 6 1 3 4 1 0 0 2 2 6 4 4 3 1 4 2 1 1 6 5 0 5 5 3 1 6 1 4 7 2 0 3 1 6 6 1 7 1 0 7 2 1 1 3 7 3 7 5 4 1 5 2 5 4 7 4 2 6 6 2 6 2 2 6 5 6 6 5 2 2 2 3 2 6 6 2 2 3 2 7 2 3 1 7 5 2 3 5 3 5 4 2 0 9 5 3 5 7 7 3 5 4 6 2 1 3 3 3 0 2 7 2 7 6 1 6 2 8 1 3 7 6 7 4 6 1 0 2 4 4 1 3 6 1 1 7 5 2 4 7 7 7 6 7 3 7 2 3 6 2 2 0 5 6 6 0 4 3 6 7 6 7 3 1 1 4 0 2 4 1 0 5 8 1 7 1 1 2 8 1 2 5 0 5 1 2 5 1 4 5 5 1 7 5 3 7 6 0 3 9 7 2 1 7 7 7 7 5 1 6 1 4 7 7 2 1 4 8 1 1 9 6 5 3 1 3 6 4 7 4 0 9 10 2 
3 4 2 4 1 4 2 4 2 3 4 6 4 3 4 2 2 3 6 3 2 4 4 5 0 5 6 5 3 3 4 1 2 4 4 3 0 3 3 4 4 5 4 5 4 0 2 4 3 3 5 1 2 6 2 2 1 4 4 0 4 2 5 0 2 5 5 3 4 1 0 4 1 4 1 5 2 2 2 2 1 3 4 4 6 5 2 2 2 5 0 4 2 2 3 3 0 0 4 3 3 2 4 5 0 5 1 0 1 3 4 2 5 2 4 4 4 1 6 1 3 3 0 3 3 1 3 2 4 7 4 2 3 3 2 1 3 0 0 4 3 0 1 1 1 3 4 3 4 4 2 3 0 5 2 4 2 1 3 6 2 1 3 4 4 0 6 2 3 1 4 1 2 3 2 3 4 4 3 5 4 3 5 6 1 4 5 5 4 2 3 2 3 0 2 2 2 5 3 4 3 5 2 2 1 3 3 3 4 3 2 3 2 5 3 3 5 3 2 3 3 1 2 5 3 5 3 5 4 4 2 1 3 4 2 1 3 6 5 3 5 2 3 4 5 3 1 3 3 5 4 0 6 4 0 3 2 4 4 5 0 4 3 3 1 6 4 0 4 4 5 4 4 2 1 4 0 0 3 4 2 4 3 5 4 4 6 2 2 4 4 4 3 2 5 1 3 6 7 4 
52 18 24 31 33 62 54 33 59 72 37 54 40 50 41 15 47 72 28 27 64 67 16 50 43 20 32 29 17 20 63 41 51 41 46 47 12 28 46 15 33 64 57 46 45 41 65 50 47 56 39 60 53 48 44 20 36 25 47 49 57 70 51 24 34 24 67 42 70 48 33 11 64 69 25 68 17 33 72 41 44 53 52 35 42 34 17 74 73 23 18 33 64 57 17 31 50 27 50 52 67 49 51 34 29 43 58 61 64 26 69 52 30 63 26 67 44 66 57 46 46 63 53 56 70 54 68 41 30 56 25 17 64 47 68 65 52 72 62 31 50 15 12 38 33 47 42 11 66 71 44 34 70 36 65 16 67 17 28 74 25 48 62 44 56 43 66 49 57 15 39 70 66 30 18 45 20 28 63 62 68 35 49 32 50 27 26 17 64 63 32 11 29 14 47 49 30 53 17 36 47 70 48 52 34 50 60 55 67 65 57 50 50 45 28 32 16 11 19 28 43 17 20 43 34 62 62 62 40 18 30 44 34 47 62 63 14 59 18 40 43 31 43 23 41 63 59 39 17 15 66 12 20 63 59 30 69 15 48 15 56 37 55 33 57 20 65 51 34 54 26 72 58 42 67 47 42 38 53 59 11 40 24 70 57 58 44 22 19 55 71 11 74 31 54 19 66 41 49 19 
77 22 37 48 48 96 83 48 88 103 59 76 65 70 61 19 68 104 38 36 100 103 19 79 67 24 44 41 22 34 90 60 74 64 72 66 19 38 64 26 48 90 84 70 64 63 102 77 74 81 61 90 76 69 67 26 55 40 72 74 80 106 71 37 48 36 94 66 107 69 51 21 98 106 39 96 24 47 109 65 65 82 82 57 59 46 28 108 106 37 29 43 99 85 22 46 78 41 79 74 98 77 71 54 46 57 88 93 98 36 100 79 43 93 36 104 60 100 83 66 66 95 80 82 101 82 98 63 48 81 33 23 94 65 103 97 80 107 95 40 73 23 19 55 51 67 65 16 103 101 63 52 104 49 96 18 98 25 45 104 35 72 88 63 81 64 95 69 80 24 62 105 97 47 29 70 25 44 90 87 106 48 76 41 78 41 33 19 90 93 43 19 47 22 68 73 46 82 21 57 73 102 69 79 48 71 86 78 98 94 84 70 76 70 37 49 28 21 27 38 62 29 26 66 47 87 89 91 62 31 47 66 54 73 90 97 24 87 20 64 57 50 67 38 54 97 90 53 30 19 102 20 25 99 87 44 100 26 69 20 83 50 79 54 84 23 94 77 55 75 32 102 84 60 102 69 64 56 75 86 16 63 35 103 88 92 58 29 27 83 109 16 107 42 79 27 102 53 66 32 
1 7 8 10 6 7 6 1 1 6 7 11 9 6 9 5 5 4 12 7 8 8 9 9 5 8 11 11 6 8 4 7 4 6 8 7 6 4 6 9 1 11 1 11 10 5 8 5 8 3 10 2 5 12 1 5 6 7 10 3 8 4 7 4 3 10 9 7 6 4 5 8 5 7 2 10 7 7 3 8 2 6 9 9 12 11 7 1 5 10 4 9 6 2 3 8 6 5 9 5 1 8 6 9 5 9 6 6 4 8 3 1 0 4 9 9 10 7 11 4 3 1 3 3 5 6 4 4 9 12 10 5 3 7 3 7 6 4 4 9 2 3 7 7 2 3 7 9 9 6 6 8 3 11 7 10 7 7 7 8 5 1 7 1 0 5 11 7 7 4 9 7 7 6 5 6 7 6 4 10 8 7 9 8 5 10 8 9 7 1 6 7 8 6 8 1 8 10 7 9 6 0 1 2 5 6 4 5 1 3 8 6 3 10 6 4 9 7 1 4 1 5 7 10 5 9 4 0 7 7 6 1 7 7 6 7 6 12 8 8 9 8 7 7 9 6 3 7 7 11 8 4 11 9 4 0 6 9 1 11 3 6 3 8 7 9 3 5 8 8 9 7 1 6 4 2 4 4 4 2 8 9 1 0 7 9 9 5 1 10 7 9 4 7 1 1 7 8 9 7 
5 0 4 6 2 7 5 5 3 0 8 6 7 0 5 1 1 0 7 1 5 8 3 8 4 2 7 6 0 6 2 2 2 7 8 1 4 0 0 7 6 5 5 7 5 3 5 7 7 1 7 3 1 7 5 1 4 7 6 3 2 6 1 3 3 6 4 7 8 0 3 7 5 8 4 5 2 2 6 4 3 7 8 8 7 5 5 2 1 7 3 3 6 5 3 4 4 3 7 0 5 5 0 8 4 2 4 3 5 4 3 4 7 2 4 7 4 4 7 0 1 5 3 3 0 3 0 5 6 8 4 1 3 0 5 3 7 3 3 3 3 4 3 2 4 2 8 4 7 0 1 4 2 6 3 4 2 2 7 2 1 4 1 5 6 3 6 1 0 5 7 3 2 7 5 6 0 7 1 5 8 1 9 2 5 6 1 3 1 3 0 5 6 4 2 4 4 7 1 8 7 6 2 5 0 0 0 1 5 2 3 0 5 7 0 6 8 7 3 0 5 5 2 7 0 2 0 7 8 8 5 4 7 8 2 5 7 7 2 6 3 5 7 8 2 7 5 1 6 6 7 3 6 7 1 5 0 7 5 6 2 1 2 7 3 2 3 4 8 2 2 1 5 1 5 6 4 3 2 4 4 6 5 6 8 7 2 1 2 6 7 5 0 2 7 3 6 3 3 8 
7 3 2 3 3 6 5 8 6 3 8 2 5 4 2 4 4 4 2 2 4 7 0 7 4 2 2 2 4 4 6 2 5 7 6 2 4 5 4 6 8 1 8 4 1 3 3 8 5 5 4 6 4 3 6 4 4 7 3 5 2 7 4 4 6 3 0 6 8 3 3 6 5 7 6 0 2 2 7 2 5 7 7 6 3 1 4 6 4 4 4 1 5 7 7 1 3 4 4 4 8 2 5 6 4 3 3 2 5 0 7 6 10 5 0 5 0 4 3 3 5 8 5 6 4 3 4 6 4 3 0 4 6 1 7 1 8 5 5 0 7 5 1 1 5 6 8 1 4 4 3 2 5 2 0 0 2 1 6 5 4 6 0 8 9 4 2 0 2 6 6 3 0 8 5 7 4 7 5 0 7 2 7 4 5 2 2 1 2 6 4 4 5 4 1 7 1 5 2 6 7 9 6 7 3 4 5 5 8 6 0 4 6 4 4 7 7 6 6 5 8 5 2 3 4 2 5 10 8 7 5 6 6 7 3 4 6 3 4 4 2 2 7 8 3 7 6 2 6 1 6 4 2 6 3 8 3 6 8 2 4 4 6 6 3 4 7 5 7 2 2 3 8 3 5 8 4 5 6 8 1 4 8 9 7 5 4 5 6 2 7 1 5 0 9 6 6 5 5 7 
51 17 24 31 33 62 54 33 59 71 38 53 41 49 41 14 47 72 28 26 64 67 15 51 43 19 31 28 17 20 62 40 51 41 47 46 12 28 45 16 33 63 57 46 44 40 65 51 47 56 40 60 52 48 44 19 35 25 47 49 56 70 51 23 33 24 66 43 70 47 32 12 64 70 25 68 17 32 72 41 44 54 53 36 42 33 17 73 72 24 18 32 64 57 16 30 50 27 51 51 66 49 50 34 29 42 58 60 64 25 69 52 30 63 26 68 43 65 57 45 46 63 53 56 69 54 67 41 31 56 25 17 64 46 68 64 52 71 62 30 50 15 12 37 33 46 42 11 67 70 44 34 69 35 65 15 67 17 28 73 25 48 61 43 55 43 65 48 56 15 40 69 65 30 18 45 19 28 62 62 69 34 49 31 50 27 25 16 63 63 31 11 30 14 47 49 29 54 16 37 47 69 47 52 33 50 60 54 66 64 56 49 50 46 27 32 17 12 19 27 42 17 19 44 33 61 62 62 41 19 30 44 34 48 61 63 14 59 17 40 42 31 43 24 40 63 59 38 18 15 67 12 19 64 59 30 68 16 47 15 55 36 54 34 56 19 65 50 35 53 25 71 57 41 67 46 41 37 52 59 10 41 23 70 57 59 43 21 19 55 71 11 73 30 54 19 66 40 48 20 
55 18 26 32 35 66 58 37 62 72 42 50 44 51 40 17 49 73 24 27 68 71 15 54 47 19 28 27 19 24 65 43 53 45 50 47 16 30 47 19 36 61 61 47 44 45 69 55 51 58 41 64 55 44 48 21 39 29 49 53 57 74 51 27 36 24 65 47 75 49 37 16 68 74 29 66 19 34 76 44 47 58 57 39 38 31 21 76 75 25 22 32 68 61 19 31 54 30 53 53 70 52 52 37 33 42 61 64 68 25 72 56 34 66 24 71 42 69 55 47 48 67 57 59 71 57 69 45 32 52 24 19 67 46 72 67 57 75 66 29 53 19 15 39 37 49 47 11 69 71 46 36 73 32 66 14 69 19 33 74 27 52 61 47 59 46 62 49 57 19 43 72 67 35 22 50 21 32 64 60 72 35 53 31 55 27 25 15 63 66 32 15 34 18 48 53 32 55 17 40 51 73 50 56 35 51 61 56 70 67 57 51 54 47 29 36 20 16 22 29 46 22 21 43 35 61 63 66 45 23 34 48 38 52 63 67 18 57 17 44 41 34 47 28 39 67 64 39 22 13 70 16 16 68 62 34 70 19 51 13 58 37 57 38 59 19 67 54 39 53 25 72 61 44 71 50 46 41 55 62 12 43 27 74 61 63 43 23 22 55 75 11 76 31 58 22 70 40 48 24 
