60 
300 
142 1257
335 1964
162 1442
335 2014
338 1881
257 1673
423 2152
280 1861
43 686
128 1225
355 2079
538 2377
277 1833
433 2306
450 2240
321 1933
240 1664
121 1246
291 1762
247 1642
152 1323
467 2211
64 902
483 2201
453 2380
125 1216
423 2162
470 2255
43 728
209 1561
487 2316
477 2256
511 2380
33 691
402 2062
385 2096
236 1662
74 962
473 2260
389 1976
47 716
409 2179
341 1954
494 2466
439 2129
338 2027
250 1759
111 1201
511 2353
253 1680
118 1170
318 1817
142 1250
199 1548
64 844
436 2133
47 769
524 2408
135 1261
341 2042
13 10 24 10 23 20 18 26 31 8 8 26 9 29 17 10 6 16 27 29 5 29 14 17 29 9 34 23 24 17 24 34 33 23 17 17 19 31 14 27 28 11 34 26 29 29 16 8 12 10 5 18 18 6 15 31 23 29 31 5 33 6 22 29 24 18 25 7 32 27 11 16 19 10 34 6 16 24 26 14 12 31 13 7 27 19 25 30 22 13 17 34 16 15 25 17 17 24 8 33 5 25 23 14 5 5 11 28 13 23 14 32 9 32 12 25 30 17 12 9 12 24 20 23 9 7 12 32 15 16 15 13 27 7 14 17 32 23 29 12 22 20 6 18 7 29 29 9 32 31 14 29 29 20 25 27 27 31 9 22 32 16 9 31 32 34 13 23 34 22 17 25 9 12 21 30 12 7 8 19 20 18 7 27 11 12 21 16 34 16 26 8 9 9 7 32 17 26 22 12 21 31 13 8 13 19 15 27 8 19 10 29 28 31 20 12 12 34 31 11 18 11 13 6 23 28 34 29 29 30 30 9 14 28 24 27 26 12 10 10 33 27 6 22 17 22 31 7 5 28 34 9 25 5 26 27 14 19 21 16 6 12 26 31 25 20 26 30 32 22 7 31 12 9 25 21 14 18 22 25 6 25 34 32 24 32 19 7 20 12 16 32 11 13 27 14 6 19 18 11 
16 16 27 14 26 22 18 31 33 11 11 30 11 34 18 13 10 18 30 32 10 31 15 21 31 15 37 25 28 18 28 33 38 27 19 22 25 35 17 30 31 15 42 29 30 36 18 12 13 12 6 25 20 10 17 35 28 30 37 13 37 8 23 32 27 20 29 9 34 30 14 19 20 12 40 8 21 26 25 17 15 39 19 10 31 22 27 36 24 18 19 39 18 17 27 23 20 25 12 36 10 31 24 16 9 8 17 29 15 25 16 36 14 34 13 31 35 20 19 15 14 30 26 29 17 6 18 36 17 20 18 19 32 12 21 22 37 27 32 18 25 22 6 18 9 32 34 13 34 33 13 33 36 24 29 29 29 32 14 23 33 18 9 37 35 36 17 26 35 23 21 29 13 17 23 32 18 13 12 21 22 22 9 30 18 16 24 17 37 20 33 12 11 14 12 32 23 30 24 16 26 37 18 12 14 22 21 28 15 24 14 29 34 34 20 14 14 38 33 16 23 14 19 11 25 33 38 34 35 33 33 13 20 35 25 32 32 17 13 16 36 31 8 23 22 21 35 7 8 30 38 14 27 6 28 32 17 24 24 21 9 14 28 34 29 23 28 35 31 23 7 35 20 9 28 25 20 24 25 25 8 27 39 35 23 37 23 9 22 17 19 40 17 16 27 15 10 25 20 13 
8 3 3 3 6 9 7 8 10 10 2 4 8 8 8 10 4 5 4 10 2 8 8 11 9 3 2 5 3 7 5 7 5 3 8 2 4 6 6 6 7 12 0 8 6 0 5 12 9 5 5 0 5 4 5 9 7 8 2 0 5 9 9 5 3 3 5 6 5 11 10 4 9 10 2 6 3 7 6 4 11 0 1 10 3 11 5 0 7 8 6 2 5 9 5 2 6 6 4 8 6 1 5 3 6 4 1 6 4 6 6 3 4 4 8 5 2 11 0 5 4 5 3 5 0 6 7 8 10 11 6 3 2 2 0 7 0 3 10 2 5 9 7 7 3 11 8 3 9 5 5 3 0 2 5 5 10 7 4 7 8 8 5 5 10 9 3 10 8 7 4 8 3 4 9 5 6 1 8 5 5 4 6 11 1 5 2 7 11 3 1 4 7 3 4 6 7 3 10 3 3 2 6 11 8 2 7 6 0 1 7 5 6 9 8 6 10 3 5 2 3 4 1 3 7 7 3 0 2 9 4 2 1 0 6 7 3 4 4 2 4 3 9 9 2 7 3 7 6 9 5 5 7 9 9 0 4 1 7 6 9 6 9 5 5 8 3 7 7 7 7 6 0 6 5 11 3 1 10 7 4 7 6 1 6 2 6 8 9 3 8 1 2 6 7 8 4 5 6 8 
17 12 25 16 31 27 23 28 38 14 12 32 13 30 22 16 13 22 31 35 8 36 21 25 34 12 36 30 24 21 32 39 32 27 25 22 21 32 21 35 36 20 40 29 35 34 19 17 19 17 7 24 21 6 18 35 24 35 35 11 41 11 29 36 28 23 33 13 38 35 16 22 26 17 41 13 23 28 30 17 19 37 18 13 33 27 26 34 30 15 24 37 23 22 31 20 25 28 14 36 5 30 25 16 13 10 15 32 16 31 21 33 16 33 19 34 36 25 19 18 13 25 23 23 15 12 12 34 22 24 17 15 31 11 20 18 35 27 36 19 30 26 11 23 9 36 32 14 38 34 18 34 35 26 33 28 34 35 16 26 37 21 13 31 38 42 19 29 41 28 24 28 12 19 28 36 12 13 11 22 27 24 14 35 18 20 23 23 42 20 32 15 12 10 15 37 17 31 30 16 28 38 13 17 20 21 16 31 13 23 12 33 28 40 25 15 20 40 36 16 25 16 19 13 27 29 40 32 36 35 34 13 20 34 28 28 29 19 10 13 38 28 11 29 21 26 37 13 13 36 35 18 28 12 34 31 19 23 23 15 11 20 32 38 26 24 31 31 37 29 12 39 18 14 32 29 22 23 28 30 10 32 43 36 28 38 27 12 28 19 19 39 18 21 31 19 6 20 25 19 
7 3 2 2 4 7 6 7 8 8 0 2 6 7 7 8 3 3 2 8 1 6 6 10 7 3 1 4 2 6 3 5 5 1 6 0 3 5 4 4 5 10 2 6 5 1 3 10 7 4 4 1 3 3 4 8 6 7 2 2 4 7 7 3 2 1 4 4 4 9 8 3 7 8 2 4 2 6 4 3 9 2 1 8 2 9 3 0 6 7 4 2 3 8 4 2 4 5 2 7 6 0 4 1 4 2 0 4 3 5 4 2 3 3 6 4 1 9 1 4 3 5 2 5 2 5 6 7 8 10 5 3 1 1 1 6 0 1 9 1 4 8 5 6 2 9 7 1 8 4 4 1 1 1 3 4 8 5 2 5 6 7 3 5 8 7 1 8 7 5 3 7 1 3 8 3 6 0 7 4 4 2 4 9 1 4 1 5 9 1 1 3 5 3 3 5 6 1 8 1 2 2 5 10 6 1 7 5 1 0 6 4 6 7 6 4 8 2 4 0 2 2 0 2 5 6 2 0 1 8 2 1 0 1 5 6 2 2 3 1 2 2 7 7 0 5 1 5 5 7 4 4 5 7 8 0 2 0 5 5 7 5 7 4 4 7 1 6 5 5 6 5 2 4 3 10 3 0 8 6 3 5 5 0 5 1 4 7 8 2 6 2 1 5 5 7 3 4 4 6 
7 3 3 2 4 7 6 7 8 9 0 2 7 7 7 9 3 3 3 9 2 6 6 10 8 3 1 4 3 6 3 5 5 2 6 1 4 5 4 4 5 11 2 7 5 1 4 11 7 4 4 1 4 3 4 8 7 7 2 2 4 8 7 3 2 1 4 4 4 9 9 3 7 9 1 4 2 6 4 3 9 2 1 9 2 9 4 1 6 8 4 2 3 8 4 3 4 5 2 7 6 1 4 2 4 2 1 5 3 5 4 3 2 3 6 3 0 10 1 4 4 5 3 5 2 5 7 8 9 10 6 4 1 1 0 7 1 1 9 1 4 8 5 6 2 9 8 1 8 4 4 1 1 1 3 4 9 5 2 5 7 7 3 5 9 7 1 9 7 5 3 7 2 3 8 3 6 0 7 4 4 2 4 10 1 4 1 6 10 2 0 3 6 3 3 5 7 2 8 2 1 1 6 10 7 2 7 5 1 1 7 4 6 7 6 5 8 2 4 1 2 3 0 2 6 7 2 0 0 8 3 1 0 0 5 7 3 2 3 2 3 3 7 7 1 5 1 5 4 8 5 4 6 7 8 0 2 1 6 6 8 5 8 3 5 7 1 7 5 5 6 4 2 5 3 10 2 0 9 6 3 5 4 0 5 0 4 7 8 2 7 2 0 4 5 7 4 5 4 6 
5 3 1 2 4 5 4 5 6 6 0 2 4 5 5 6 2 2 0 6 2 5 4 8 5 3 0 3 1 4 3 3 4 0 5 1 3 3 3 4 4 8 4 4 3 3 1 8 5 3 2 3 1 2 2 6 5 4 2 4 4 5 5 2 0 0 3 2 2 7 6 1 5 6 3 3 3 4 2 1 7 4 2 6 1 7 1 2 4 5 3 2 2 6 2 2 4 3 2 5 4 2 2 0 4 1 2 2 1 4 3 1 3 1 4 4 2 7 4 4 1 4 2 4 4 2 5 5 6 7 3 3 1 1 3 5 1 0 7 3 3 6 3 4 0 7 5 0 6 2 2 0 3 1 3 2 6 3 2 3 4 4 1 4 6 5 1 6 5 3 2 5 1 3 6 2 5 2 5 2 3 2 3 7 4 4 0 4 7 0 3 3 3 2 3 2 5 0 6 0 2 3 4 7 4 0 5 3 3 1 4 2 5 6 4 2 6 2 2 1 3 1 2 3 3 5 1 1 3 6 0 0 2 3 3 5 3 3 1 2 1 1 5 5 1 3 1 3 4 6 3 4 3 5 6 1 0 1 4 4 5 4 5 3 3 5 0 5 3 4 3 4 4 3 2 7 3 2 6 4 1 3 5 0 3 1 4 5 6 3 4 4 3 4 3 5 2 4 3 4 
1 7 4 8 7 3 2 3 2 0 6 7 1 4 1 1 7 6 5 0 7 5 5 2 1 7 5 5 4 2 8 3 4 6 5 7 7 4 6 7 6 3 10 2 5 9 4 3 3 6 2 9 4 4 4 1 4 2 8 10 8 1 3 6 6 5 8 5 5 2 0 6 4 2 9 6 9 2 2 5 2 10 9 0 7 3 3 8 6 3 6 7 6 3 6 7 7 3 7 2 4 8 2 4 8 6 8 3 5 6 6 5 8 3 4 9 8 2 10 9 3 6 7 6 10 3 4 3 2 3 3 7 7 7 9 3 7 7 2 9 6 1 3 2 4 2 2 7 1 4 3 7 9 7 8 2 3 3 8 3 2 1 4 6 1 5 8 1 3 5 7 2 6 8 2 6 6 9 2 4 5 7 6 3 10 7 5 4 3 6 9 8 3 6 8 4 5 7 3 6 8 9 4 3 4 5 4 3 9 8 3 3 4 6 2 3 3 8 5 7 9 6 8 9 2 3 7 7 9 0 5 7 9 9 3 3 7 8 4 7 6 5 1 3 7 1 7 4 6 4 4 9 2 3 4 7 6 8 3 3 0 6 1 7 4 1 5 4 2 5 2 8 10 3 7 3 9 8 0 3 5 5 9 6 1 8 8 1 5 9 2 10 9 6 3 2 4 6 6 5 
4 8 5 5 3 0 2 7 2 3 4 5 4 7 3 3 4 2 4 4 7 0 0 3 3 8 5 0 6 3 5 0 7 5 0 6 8 6 3 2 2 4 9 5 2 8 4 4 0 1 3 8 4 6 4 5 7 0 8 9 4 3 0 3 5 3 4 2 3 3 4 4 0 2 7 2 6 3 1 5 3 9 8 4 5 3 4 7 1 7 1 7 2 0 3 8 2 3 5 5 7 7 3 4 4 5 7 3 4 1 1 6 6 4 0 6 6 3 9 6 5 8 7 8 9 0 8 6 2 3 5 8 6 7 8 7 7 6 2 7 2 3 2 0 4 3 6 5 3 5 1 5 8 6 5 4 2 3 5 3 3 3 1 8 3 0 6 3 0 2 4 6 6 5 1 2 8 7 6 4 1 5 1 3 8 3 5 0 3 6 8 5 4 7 5 2 8 5 1 5 6 7 7 3 0 5 8 3 8 7 6 1 8 1 0 4 1 5 3 7 6 4 7 6 4 7 5 7 7 4 4 6 8 8 3 7 8 5 5 7 4 6 4 0 7 1 5 0 2 0 6 6 4 0 0 7 5 7 5 7 4 1 2 4 6 5 3 7 1 0 2 4 10 0 4 3 6 7 4 2 4 1 5 5 1 6 4 3 0 6 5 9 7 2 3 2 6 8 1 0 
68 56 123 53 118 102 91 135 158 43 42 133 48 151 87 53 33 81 137 149 30 146 71 90 148 51 173 116 124 87 124 170 170 118 87 89 101 159 72 138 142 60 177 134 145 151 82 45 62 52 27 96 92 33 77 160 120 146 161 32 168 32 112 147 123 91 128 36 161 139 59 82 97 53 175 32 85 122 129 73 64 162 71 39 138 99 127 155 112 70 87 175 82 77 127 90 87 121 43 169 30 130 116 72 28 28 60 141 67 117 72 164 49 162 61 130 155 89 67 50 62 126 105 121 52 34 66 165 78 84 78 70 139 39 76 91 165 119 148 65 112 103 30 90 37 149 150 48 163 157 69 148 151 104 129 137 138 156 49 111 162 82 44 161 163 172 69 119 171 110 88 129 49 64 107 152 66 40 44 97 101 93 37 139 61 63 108 81 174 83 136 43 48 50 39 160 91 133 113 63 109 160 70 44 66 98 81 136 46 100 54 144 146 158 101 62 63 173 156 59 94 57 70 34 117 145 173 149 150 154 152 49 76 146 121 140 136 64 53 55 167 139 33 112 90 110 159 35 27 142 174 50 127 27 132 140 72 100 109 85 33 62 132 158 129 103 131 156 160 111 36 159 67 44 128 109 75 95 114 126 32 126 175 163 120 164 99 38 102 64 83 167 60 67 136 72 34 101 92 57 
29 27 52 25 50 41 37 57 63 18 20 56 20 64 35 22 16 34 57 61 16 59 29 37 59 25 72 48 52 35 53 67 71 51 36 39 45 67 31 57 59 26 76 56 60 65 35 19 25 22 12 44 39 16 33 66 51 58 69 18 71 13 45 61 52 39 55 16 66 56 25 36 39 22 75 15 38 50 52 32 26 70 33 17 59 40 53 67 46 31 37 74 35 31 53 41 37 50 21 69 15 57 48 31 15 14 28 58 29 49 30 69 24 67 24 56 66 37 32 24 27 55 46 52 27 13 30 69 32 35 34 32 60 20 35 40 70 51 60 31 47 41 13 35 17 60 63 23 66 65 28 63 65 45 55 56 55 64 23 46 65 33 19 68 66 70 31 48 68 45 38 54 23 29 43 63 31 21 20 41 42 41 16 57 30 28 46 33 71 37 60 21 21 24 19 65 41 57 45 29 48 69 31 19 26 42 36 55 24 44 24 58 62 65 39 27 25 73 64 28 42 26 33 18 48 61 73 64 65 63 63 23 35 64 49 59 59 29 24 26 70 59 14 44 40 43 67 14 13 57 73 24 52 11 54 60 32 44 46 37 14 27 53 66 55 43 55 66 63 45 15 67 33 18 54 45 34 42 47 51 15 52 74 68 48 70 43 16 42 30 35 73 29 29 55 29 16 45 38 24 
2 4 1 6 7 5 3 1 4 3 4 6 1 1 3 4 6 5 4 3 4 5 5 5 3 4 3 5 2 2 7 3 1 4 6 5 4 1 6 7 6 6 7 0 4 6 3 6 5 6 0 7 2 1 2 1 1 4 5 7 7 3 5 6 4 4 7 5 4 5 3 5 5 4 7 6 7 1 2 3 4 7 6 3 6 5 0 5 6 1 6 4 6 5 5 5 6 2 6 0 1 6 0 2 7 5 5 3 3 6 6 2 7 1 5 8 6 5 8 8 0 3 4 3 8 3 2 1 4 6 0 4 5 5 7 1 5 4 5 7 6 3 3 3 2 5 1 5 3 2 2 5 7 6 7 0 5 2 7 2 2 2 3 3 4 6 6 3 5 4 6 0 4 7 5 5 3 7 0 2 6 6 6 5 8 7 3 5 5 4 7 7 0 3 7 3 3 5 5 4 7 7 1 6 5 2 2 2 7 5 0 3 2 7 3 1 5 6 4 5 7 5 6 7 1 1 6 5 7 2 4 5 7 7 2 1 4 7 1 5 5 2 2 4 5 2 6 4 6 5 1 8 1 5 6 5 4 5 0 1 2 6 3 6 1 1 4 2 2 5 3 8 8 3 6 6 8 6 3 3 3 5 8 4 2 6 7 2 6 7 0 8 7 6 2 3 1 3 6 6 
5 2 1 7 8 8 6 2 7 7 4 6 5 2 6 7 7 7 5 7 3 8 8 9 6 2 3 8 0 5 8 6 0 4 9 5 2 1 7 9 8 10 5 4 7 5 4 10 8 8 2 5 4 0 4 4 2 7 4 6 8 6 8 7 4 5 8 7 6 8 6 6 8 8 7 8 8 5 5 4 8 6 5 6 6 8 2 4 9 3 8 3 7 8 7 3 8 5 7 4 0 5 2 2 9 6 4 5 4 8 8 1 8 2 7 9 6 9 7 9 1 0 3 0 6 6 1 3 8 9 3 2 4 4 6 1 3 5 8 7 8 7 6 6 2 8 3 5 6 3 4 5 5 6 8 2 8 5 7 5 6 5 5 0 7 9 6 7 8 7 7 4 3 8 8 7 0 6 3 4 8 7 8 9 7 8 2 8 9 4 6 8 3 0 8 5 0 5 8 5 7 7 1 9 7 2 1 5 5 5 3 5 0 9 6 3 8 7 6 5 8 6 6 8 4 2 6 3 7 6 5 5 6 6 5 1 3 7 1 3 6 1 5 8 4 5 6 7 8 8 1 9 4 8 9 3 5 4 3 0 6 8 6 8 2 4 5 1 5 8 6 9 6 6 7 9 8 5 6 6 5 8 10 4 5 6 9 6 9 7 4 7 7 8 5 6 0 0 8 8 
9 4 4 4 6 9 8 9 10 11 2 4 9 9 9 11 5 5 5 11 3 9 8 12 10 4 3 6 4 8 5 7 7 4 8 3 5 7 6 6 7 13 1 9 7 1 6 13 10 6 6 1 6 5 6 10 8 9 3 1 6 10 9 5 4 4 5 6 6 11 11 5 9 11 2 6 3 8 7 5 11 1 2 11 4 11 6 1 8 9 6 3 5 10 6 3 6 7 4 9 7 2 6 4 6 4 2 7 5 7 6 4 4 5 9 5 2 12 0 5 5 6 4 6 0 7 8 9 11 12 7 5 3 3 1 8 1 3 11 2 6 10 8 8 4 12 9 4 10 6 6 3 1 3 5 6 11 7 4 7 9 9 5 6 11 9 3 11 9 7 5 9 4 4 10 5 7 1 9 6 6 4 6 12 1 6 3 8 12 4 1 5 8 4 5 7 8 4 11 4 3 2 7 12 9 3 8 7 1 2 8 6 7 9 8 7 11 4 6 3 3 5 2 4 8 8 4 1 2 10 5 3 1 1 7 8 4 4 5 3 5 4 9 9 3 8 3 7 6 10 7 5 8 9 10 1 4 2 8 7 10 7 10 5 6 9 3 8 8 7 8 6 0 7 5 12 3 2 11 8 5 7 6 2 7 3 6 9 10 3 9 0 2 6 8 9 5 6 6 8 
0 5 2 6 6 3 1 2 2 2 4 5 0 3 1 2 6 4 4 2 5 4 4 4 1 6 3 4 3 1 6 2 3 4 5 5 5 3 5 6 5 5 8 1 3 7 2 5 3 5 0 7 2 2 2 1 3 2 6 8 6 1 3 5 4 4 6 4 4 3 2 5 4 3 7 5 7 0 1 3 3 8 7 2 6 3 1 6 5 2 5 5 5 3 4 6 5 1 6 1 3 6 0 2 6 5 6 2 3 5 5 3 7 1 3 8 6 4 8 8 1 5 5 4 8 2 3 2 3 4 1 5 5 5 7 3 5 5 3 8 5 2 2 2 2 3 2 5 1 2 1 5 7 6 7 0 3 1 6 1 1 0 2 4 2 4 6 2 3 3 6 1 4 7 3 5 4 7 1 2 4 5 5 4 8 6 3 4 4 4 8 6 1 4 7 2 4 5 3 5 7 7 3 4 3 3 3 1 7 6 2 2 3 5 1 1 3 6 3 6 7 4 7 7 0 2 5 5 7 1 4 5 7 7 1 3 6 6 2 5 4 3 0 3 5 0 6 3 5 4 3 8 1 3 4 6 4 6 1 3 1 5 1 6 3 0 4 3 1 4 1 7 8 2 5 4 7 6 2 1 3 4 8 4 0 6 7 1 4 7 0 9 7 5 1 1 2 5 5 5 
4 3 1 2 3 4 3 5 5 5 0 1 4 5 4 5 2 1 0 6 3 4 3 7 4 4 1 2 2 3 3 2 4 1 4 2 4 3 2 3 3 7 5 4 2 4 1 7 4 2 1 4 1 2 2 5 5 4 3 5 3 4 4 2 0 0 3 1 1 6 5 1 4 5 3 2 3 3 1 1 6 5 3 6 2 6 1 3 4 5 3 3 2 5 1 3 3 2 2 4 5 3 1 0 3 0 3 2 1 3 3 2 3 1 3 4 2 6 4 4 2 5 3 4 5 2 5 5 5 7 3 4 2 2 3 5 2 1 6 3 3 5 2 3 0 6 5 1 5 2 1 1 4 2 3 2 5 2 2 2 3 4 0 4 5 4 2 5 4 2 2 5 2 3 5 1 5 3 5 1 2 1 3 6 4 3 1 3 6 1 4 2 3 3 3 2 5 1 5 1 2 3 4 7 4 1 5 2 4 2 4 1 5 5 3 2 5 2 1 2 3 0 3 3 3 5 1 2 3 5 0 1 3 4 2 5 3 2 2 3 0 2 4 4 2 2 1 2 3 5 3 4 3 4 5 2 0 2 4 4 5 3 4 2 3 4 0 5 2 3 3 4 5 2 2 7 3 3 6 3 0 3 4 0 2 2 3 4 5 3 4 5 3 3 2 4 2 4 3 4 
7 4 3 1 3 7 6 7 8 8 0 1 7 8 7 8 2 2 2 9 3 6 6 10 7 4 1 3 4 6 2 5 6 2 5 1 4 5 3 3 4 10 3 7 4 2 4 10 7 3 4 2 4 4 4 8 7 6 3 3 3 7 6 3 2 1 3 3 3 9 8 2 6 8 0 3 1 6 4 3 9 3 2 9 1 9 4 2 5 8 3 3 2 7 3 3 3 5 1 7 7 2 4 2 3 2 2 4 3 4 3 3 1 3 6 2 0 9 2 3 4 6 4 6 3 4 7 8 8 9 6 4 2 2 1 7 2 2 8 0 3 8 5 5 2 9 8 1 8 4 4 1 2 0 2 4 8 5 1 5 6 7 3 6 8 7 0 8 6 4 2 7 3 2 7 2 7 1 7 4 3 1 3 9 1 3 2 5 9 2 1 2 6 4 2 4 7 1 8 2 0 1 6 9 6 2 8 5 2 2 7 3 7 6 6 5 8 1 3 1 1 2 1 1 6 7 1 1 0 8 2 1 1 1 5 7 4 1 4 3 2 3 7 7 2 5 1 4 3 7 5 3 5 7 7 1 2 2 6 6 8 4 7 2 5 7 1 8 5 4 6 3 3 4 2 9 1 1 9 6 3 4 3 0 5 0 3 7 7 1 7 2 0 3 5 7 4 6 3 5 
7 6 4 0 1 5 5 8 7 7 1 1 6 8 6 7 0 0 2 8 4 4 4 8 6 6 3 1 5 5 0 3 7 3 3 2 6 6 1 1 2 9 5 7 3 4 4 9 5 1 4 4 4 5 4 8 7 5 5 5 1 6 5 1 3 0 0 2 2 8 8 1 5 7 2 1 1 6 3 4 8 5 4 8 1 7 4 4 3 8 1 5 0 5 1 5 1 4 0 7 7 4 4 3 1 1 4 4 3 2 1 4 0 4 4 1 2 8 4 1 4 7 5 7 5 3 8 8 7 8 6 6 3 3 3 8 3 3 7 2 1 7 4 4 3 8 8 2 7 5 3 2 4 2 0 4 7 5 0 5 6 6 2 7 7 5 1 7 5 3 0 7 4 0 6 0 8 3 7 4 1 1 1 8 3 1 3 3 8 3 3 0 6 5 0 4 8 2 6 2 1 2 7 8 5 3 8 4 4 3 7 2 8 4 5 5 6 0 2 3 1 1 3 1 5 8 1 3 2 8 2 3 3 4 4 8 5 0 5 4 2 4 7 5 3 4 1 3 1 5 6 1 5 5 5 3 2 3 6 7 7 2 6 0 6 7 0 8 4 2 5 1 5 3 0 8 1 3 8 5 3 2 2 2 4 2 1 6 5 1 7 4 2 1 4 6 5 7 1 3 
21 15 28 11 26 27 24 34 39 17 9 28 16 37 24 19 8 19 30 38 8 35 20 27 37 14 36 26 28 24 26 39 40 26 22 19 24 37 18 30 32 22 37 34 34 31 20 19 19 13 10 20 23 11 20 40 31 36 35 8 36 14 29 32 27 19 28 11 36 36 20 18 26 19 34 9 16 31 31 18 22 34 16 16 28 28 30 32 27 22 20 38 18 22 28 21 20 30 10 41 12 27 28 17 8 7 13 33 17 27 17 36 10 36 18 27 30 27 14 11 17 31 24 29 12 12 20 40 24 26 22 18 30 10 16 25 34 25 38 12 25 28 12 24 10 39 38 11 40 36 18 31 31 21 27 32 35 37 10 28 39 23 12 38 41 41 14 32 41 27 19 33 12 14 29 32 20 8 16 24 23 20 10 37 12 15 23 21 44 19 27 10 15 14 9 37 25 28 30 14 21 31 20 18 19 22 23 33 11 21 18 33 36 38 26 18 20 35 35 13 19 13 14 7 29 36 35 31 29 39 33 11 15 30 30 35 30 13 14 13 36 31 14 29 19 28 32 12 8 35 40 11 31 12 33 29 16 21 28 23 14 16 34 34 31 28 27 38 38 27 13 34 15 13 27 31 15 20 31 31 10 29 37 33 29 33 22 15 27 13 24 34 11 16 33 21 11 25 21 16 
8 5 4 1 3 7 6 8 9 9 1 2 8 8 8 9 2 3 3 9 4 6 6 10 8 5 2 3 4 7 2 5 7 3 6 2 5 6 4 3 5 11 3 8 5 2 4 11 7 3 5 2 5 5 5 9 8 7 4 3 3 8 7 3 3 1 3 4 4 10 9 2 7 9 0 3 0 7 5 4 10 3 3 9 1 9 5 2 5 9 3 4 2 8 3 4 3 6 2 8 8 2 5 3 3 2 2 5 4 4 3 4 1 4 6 2 1 10 2 3 5 7 4 7 3 5 8 9 9 10 7 5 3 3 2 8 2 2 9 0 3 8 6 6 3 10 9 2 9 5 4 2 2 1 2 5 9 6 1 6 7 8 3 7 9 7 1 9 7 5 2 8 3 2 8 2 8 1 8 5 3 2 3 10 1 3 3 5 10 3 1 2 7 5 2 5 8 2 8 2 1 0 7 10 7 3 8 6 3 2 8 4 8 7 7 6 8 1 4 2 1 3 1 1 7 8 2 2 0 9 3 2 2 2 6 8 4 1 5 4 3 4 8 7 2 6 1 5 3 7 6 2 6 7 8 2 3 2 7 7 9 4 8 3 6 8 1 8 6 5 6 3 3 5 2 10 1 2 9 6 4 4 3 1 6 1 3 8 8 1 8 2 0 3 6 7 5 6 3 5 
14 15 26 17 30 25 21 26 35 11 13 32 10 30 20 14 13 22 32 32 10 35 20 22 32 14 38 29 26 19 32 38 34 28 24 23 23 33 20 35 35 17 42 26 34 36 19 14 17 17 6 25 21 8 18 32 24 33 37 13 41 9 27 35 29 23 33 12 37 32 14 22 25 14 42 12 24 26 29 17 16 39 20 10 34 24 26 36 29 13 24 39 22 20 31 22 24 27 15 33 6 32 24 17 13 11 17 31 17 30 21 35 17 33 17 34 37 22 20 18 13 28 25 26 17 10 13 32 20 22 16 17 33 13 22 18 37 28 34 20 29 23 10 22 9 34 29 15 35 33 17 35 36 26 33 27 32 34 17 25 35 18 13 34 35 40 20 26 39 27 24 25 14 20 26 36 15 14 8 22 26 25 14 32 20 20 25 21 39 21 34 15 10 12 15 36 20 32 27 17 29 39 15 14 18 22 16 30 15 25 10 32 30 38 23 14 17 41 36 17 26 17 20 14 25 29 40 34 37 32 35 14 21 36 27 28 31 20 12 15 38 30 8 27 23 24 37 12 12 34 36 18 27 10 32 33 19 25 22 17 8 19 29 38 27 21 31 31 35 28 10 39 21 13 32 27 23 25 25 28 10 31 43 37 26 39 27 9 26 20 16 41 19 20 30 17 8 23 25 17 
16 15 26 14 26 22 19 30 34 11 10 29 11 34 19 13 9 18 29 32 10 31 16 21 31 14 36 25 27 18 28 34 37 26 20 21 24 35 16 30 31 16 41 29 30 35 17 13 14 12 6 24 20 9 16 35 27 30 36 12 37 8 24 31 27 19 29 8 33 31 14 18 21 13 39 8 21 25 25 16 16 38 19 11 31 23 26 35 25 18 19 39 18 18 27 22 20 25 11 36 9 30 24 16 9 8 16 28 15 25 16 35 13 33 13 30 35 21 19 14 14 29 25 28 16 7 17 36 18 20 18 18 31 11 20 22 37 26 32 18 25 23 6 18 9 33 33 12 35 33 13 32 35 24 29 28 30 32 13 23 33 18 9 36 35 37 17 26 36 23 20 29 13 16 23 32 18 12 12 20 22 21 9 31 17 15 23 17 38 19 32 12 11 13 11 32 23 29 25 15 25 36 17 12 14 22 20 27 14 24 14 28 33 34 21 14 15 38 32 15 23 13 18 11 24 32 37 33 34 33 32 13 20 34 24 32 31 16 13 15 35 30 8 24 21 22 35 8 8 31 38 14 26 7 29 32 16 24 24 20 9 15 28 34 28 23 28 35 32 24 7 35 19 9 28 25 19 23 26 25 8 27 39 35 24 36 23 9 23 17 19 39 16 16 27 15 9 24 20 13 
7 5 3 0 2 5 5 7 7 7 0 0 6 7 6 7 0 1 2 8 3 4 4 8 6 5 2 2 4 5 1 3 6 2 4 2 5 5 2 2 3 9 4 6 3 3 3 9 6 2 4 3 3 4 4 7 7 5 4 4 2 6 5 1 2 0 1 2 2 8 8 1 5 7 1 2 1 5 3 3 8 4 3 8 0 8 3 3 4 8 2 4 1 6 2 4 2 4 0 6 7 3 4 2 2 1 3 4 3 3 2 4 1 3 5 2 1 8 3 2 4 6 4 6 4 3 7 7 7 8 5 5 2 2 3 7 2 2 7 2 2 7 4 4 2 8 8 1 7 4 3 1 3 1 1 4 7 4 0 4 5 6 2 6 7 5 0 7 5 3 1 7 3 1 6 1 7 2 7 3 2 0 2 8 3 2 2 3 8 2 3 1 5 4 1 4 7 1 7 1 0 1 6 8 5 2 7 4 3 2 7 2 7 5 5 4 7 0 2 2 1 1 2 1 5 7 0 2 1 7 2 2 2 3 4 7 4 0 4 3 1 4 6 5 2 4 0 3 2 6 5 2 5 5 6 2 1 2 6 6 7 3 6 1 5 6 0 7 4 3 5 2 4 3 1 8 1 2 8 5 2 3 2 1 4 1 2 6 6 1 6 4 2 2 4 6 4 6 2 4 
46 31 73 33 75 68 60 84 101 32 25 81 33 93 58 38 22 52 84 95 15 94 49 61 94 28 102 74 73 57 77 107 102 71 58 52 59 96 47 87 90 43 104 84 92 88 51 34 44 35 18 55 57 20 49 100 74 94 93 17 104 25 74 91 74 56 80 26 100 90 41 51 64 38 105 23 52 77 82 45 45 95 39 29 84 66 78 90 73 45 56 102 52 53 79 51 57 77 28 105 19 75 72 43 21 18 33 88 42 75 47 97 31 98 43 80 92 60 38 33 38 75 61 72 29 26 41 102 53 58 49 41 82 21 43 56 95 70 96 39 71 68 23 60 22 96 93 29 104 96 46 89 88 62 80 84 89 98 31 71 102 54 30 96 104 110 41 77 109 71 55 81 28 40 71 94 40 23 30 61 65 57 27 90 36 41 63 54 111 49 80 28 32 28 26 101 56 80 75 38 66 96 43 34 46 57 50 86 25 57 35 91 88 101 66 40 44 105 97 34 58 36 40 22 74 89 105 86 90 98 93 28 43 86 77 86 79 40 32 30 102 82 25 73 51 71 96 27 21 92 105 32 80 22 86 80 44 57 68 52 25 42 85 98 78 66 80 95 101 72 27 99 38 32 79 73 46 55 74 81 21 81 108 96 77 98 63 28 68 40 54 99 36 45 86 49 20 60 59 40 
6 5 3 1 1 4 4 7 6 7 1 0 6 7 5 7 0 0 2 7 4 3 3 8 6 5 2 0 4 5 0 2 6 3 3 2 6 6 1 1 2 8 5 6 2 4 3 8 5 1 4 4 4 4 4 7 7 4 5 5 1 6 4 0 2 0 1 1 1 7 7 0 4 6 2 1 2 5 2 3 7 5 4 7 1 7 4 4 2 8 1 4 0 5 1 5 1 4 0 6 7 4 4 2 1 1 4 3 3 1 1 4 1 3 4 2 2 7 4 2 4 7 5 6 5 2 7 7 6 7 5 5 3 3 4 8 3 2 6 3 1 6 3 3 3 7 7 2 6 4 2 2 4 2 1 4 6 4 1 4 5 5 1 7 6 4 1 7 4 2 0 7 3 1 5 0 7 3 7 3 0 0 1 7 4 1 2 2 7 3 4 0 5 5 1 3 8 2 6 2 1 2 6 7 4 3 8 4 4 3 7 1 7 4 4 4 6 1 1 3 1 1 3 1 5 7 1 3 2 7 2 2 4 4 4 7 5 1 4 4 1 4 6 4 3 3 1 2 1 5 6 2 5 4 5 3 2 3 6 7 6 1 5 0 5 6 0 8 3 2 4 1 5 2 0 7 2 3 7 4 2 2 2 1 3 2 1 6 5 1 6 5 3 1 4 5 5 7 1 3 
8 7 5 2 0 5 6 9 8 8 2 2 8 9 7 8 1 1 4 9 6 4 4 9 7 7 4 0 6 6 1 4 8 4 3 4 7 8 2 0 2 9 6 8 4 5 5 9 6 0 6 5 5 6 6 9 9 5 6 6 1 7 5 2 4 2 1 3 3 8 9 2 5 8 3 1 2 7 4 5 9 6 5 9 2 8 6 5 3 9 0 6 0 6 2 6 1 6 2 8 9 5 5 4 1 3 5 5 5 2 0 6 1 5 5 0 3 8 5 0 6 9 7 8 6 4 9 9 8 8 7 7 5 5 5 9 5 4 8 3 0 8 5 5 4 9 9 3 8 6 4 3 5 3 0 6 7 6 1 6 7 7 3 8 8 5 3 8 5 4 1 9 5 1 6 0 9 4 9 5 0 2 1 8 4 0 4 3 8 4 4 1 7 7 1 5 9 3 7 4 2 2 8 8 5 5 10 6 5 5 8 3 9 4 5 6 7 2 3 4 1 3 4 1 7 9 2 4 3 9 4 4 4 5 5 9 7 1 6 6 3 6 8 5 5 5 3 3 0 5 8 0 6 5 6 5 3 5 8 9 8 1 7 1 7 8 2 10 5 2 6 0 6 3 1 8 1 4 9 6 4 2 0 3 5 3 0 7 6 2 8 5 3 0 6 7 7 8 0 3 
28 25 50 27 54 46 40 52 67 20 21 59 20 58 38 24 19 38 59 62 15 65 34 40 62 23 72 53 50 37 56 72 67 51 41 40 42 64 35 62 63 29 76 53 64 65 36 23 30 27 11 43 39 14 33 63 47 63 68 18 74 16 50 65 53 41 58 20 70 60 25 38 44 25 76 19 40 51 55 32 29 70 33 18 61 44 51 66 51 26 41 73 39 36 56 39 42 51 23 67 10 57 47 31 18 16 28 60 30 53 35 67 26 66 30 59 67 40 32 27 25 51 45 49 26 18 25 64 35 38 31 30 60 20 36 34 69 51 64 32 52 44 16 40 17 63 58 24 68 65 31 64 65 47 58 55 60 65 26 47 67 35 22 65 68 75 33 50 74 50 41 51 23 32 47 67 26 21 16 41 47 43 21 60 31 32 46 38 74 37 60 24 20 21 22 68 36 58 50 29 50 70 27 23 32 41 31 57 23 44 20 62 57 70 44 26 30 75 67 28 44 28 33 20 48 56 75 63 66 63 65 24 35 64 51 54 57 32 22 25 72 56 15 49 40 47 69 19 18 62 70 27 52 16 59 59 33 44 43 32 15 31 56 69 52 42 57 60 67 50 18 71 32 23 57 48 37 43 47 54 16 56 78 69 51 71 47 17 47 32 33 73 30 34 58 32 13 41 43 29 
1 5 2 7 8 5 3 1 4 3 5 7 1 1 3 3 7 6 5 3 6 6 6 5 3 5 4 6 2 3 8 4 1 5 7 6 5 2 7 8 7 6 8 0 5 7 4 6 5 7 1 8 3 2 3 1 1 4 6 8 8 3 5 7 5 5 8 6 5 5 2 6 6 4 8 7 8 2 3 4 4 8 7 3 7 5 1 6 7 0 7 5 6 5 6 6 7 3 7 0 1 7 1 3 8 6 6 3 4 7 7 3 8 2 5 9 7 5 9 9 1 4 5 3 9 4 2 0 4 6 1 5 6 6 8 1 6 6 5 9 7 3 4 4 3 4 0 6 3 3 3 6 8 7 8 1 5 3 8 3 3 2 4 3 3 6 7 3 5 5 7 0 5 8 5 6 3 8 0 3 6 7 7 5 9 8 4 6 5 5 8 8 1 3 8 4 3 6 5 6 8 9 2 6 5 4 1 3 8 6 0 4 2 7 3 2 5 7 5 6 8 6 7 8 2 1 7 6 8 2 5 6 8 8 3 1 5 8 2 6 6 3 2 5 6 2 7 5 7 6 2 9 2 5 6 6 5 6 1 1 2 7 3 7 2 1 5 1 3 6 3 8 9 4 7 6 9 7 3 3 4 6 9 5 2 7 8 2 6 8 1 9 8 7 3 3 2 4 7 7 
8 6 4 1 2 6 6 9 8 9 1 2 8 9 7 9 1 2 3 9 4 6 5 10 8 6 3 2 5 7 1 5 7 3 5 3 6 7 3 2 4 10 4 8 4 4 5 10 7 2 5 4 5 5 5 9 8 6 5 4 2 8 6 2 3 1 2 4 4 9 9 2 6 9 1 2 0 7 4 5 9 4 4 9 1 9 5 3 4 9 2 5 1 7 3 5 2 6 1 8 8 3 5 4 2 2 3 5 4 3 2 5 0 5 6 1 1 9 3 1 5 7 5 7 4 4 9 9 8 9 7 6 3 3 3 9 3 3 9 1 2 8 6 5 4 9 9 2 8 6 4 2 3 2 1 6 8 6 1 6 7 7 3 7 9 6 1 9 6 4 1 8 4 1 7 1 8 2 9 5 2 1 2 9 2 2 3 4 9 3 2 1 7 5 1 5 9 2 8 3 0 1 7 9 6 3 9 6 4 3 8 4 8 6 6 6 8 1 4 3 0 2 2 0 7 8 2 3 1 9 3 3 3 3 6 9 5 0 5 4 3 5 8 7 3 5 2 4 2 7 7 1 6 6 7 3 3 3 7 8 8 3 8 2 6 8 1 9 5 4 6 2 4 4 2 9 0 3 9 6 4 4 2 2 5 2 2 8 7 0 8 3 1 2 6 7 6 7 2 4 
57 48 101 45 94 80 75 111 127 35 36 109 40 124 71 44 28 66 112 120 27 116 56 72 119 44 141 92 102 71 101 136 139 98 68 74 84 131 59 110 114 48 145 110 118 124 68 36 49 41 24 80 77 30 64 130 99 116 132 29 136 27 88 119 101 75 104 31 131 111 49 68 76 43 143 25 70 100 105 61 52 133 60 33 113 79 104 128 88 59 69 143 66 60 103 76 70 99 37 137 27 108 96 61 24 25 51 115 57 93 57 134 41 132 49 106 126 71 57 41 53 104 88 100 45 28 56 135 63 67 66 60 115 35 64 76 135 98 119 55 90 83 26 72 32 120 123 41 131 129 58 121 124 86 105 112 110 127 41 91 131 67 38 132 131 136 58 96 136 90 72 106 42 53 85 122 56 35 38 80 81 77 29 111 52 51 89 63 139 70 112 36 41 43 33 131 77 109 89 53 90 131 59 35 53 81 68 111 40 83 46 117 120 125 81 53 49 141 127 51 78 48 59 30 96 119 141 123 123 125 124 42 64 120 99 115 112 53 46 48 136 114 28 88 75 89 129 28 21 112 143 41 104 20 104 115 61 83 90 71 28 49 107 128 106 85 107 128 129 88 31 128 58 36 104 87 62 79 93 102 28 100 141 133 98 134 80 32 80 54 69 137 51 53 111 59 30 84 73 44 
20 17 29 12 22 24 23 35 38 15 11 28 16 38 23 17 8 16 31 37 11 32 17 25 36 16 38 22 30 23 25 37 41 28 19 21 27 38 15 26 29 19 41 34 32 35 21 16 17 9 10 24 23 12 20 40 32 33 38 12 33 12 26 31 28 20 26 9 35 34 19 18 23 17 38 6 19 30 29 19 20 38 19 15 30 26 30 36 23 22 16 40 16 20 27 24 16 29 10 41 14 31 28 18 5 8 17 33 18 23 13 38 11 37 16 27 34 24 18 10 18 33 27 31 16 10 21 41 22 23 22 20 32 12 19 26 37 27 36 16 21 27 10 22 11 37 38 13 39 37 17 33 35 24 26 32 33 36 11 27 38 22 11 40 39 38 16 30 38 25 19 33 14 13 26 30 21 12 16 24 19 20 6 34 16 11 25 18 41 21 31 9 16 16 8 36 26 29 27 16 24 35 21 15 17 24 24 32 14 24 18 31 37 34 24 18 17 36 34 16 20 14 18 8 29 37 37 34 33 38 34 13 19 34 29 36 33 14 16 16 36 33 13 26 22 26 34 9 4 32 41 10 31 9 30 32 17 24 28 24 13 12 32 32 32 27 28 39 36 23 12 31 19 11 27 28 17 23 30 30 10 26 35 35 28 36 19 14 24 15 23 38 15 12 32 20 13 27 17 13 
5 6 4 3 1 2 3 7 4 5 2 2 4 7 4 5 2 0 3 5 6 1 1 5 4 7 3 0 5 3 3 0 6 4 1 4 7 6 1 1 0 6 7 5 1 6 3 6 2 0 3 6 4 5 3 6 7 2 6 7 2 4 2 1 3 1 2 1 1 5 5 2 2 4 5 0 4 4 1 4 5 7 6 5 3 5 3 6 1 7 0 6 0 2 1 6 1 3 2 5 7 6 3 3 2 3 5 2 3 0 0 5 3 3 1 4 4 5 7 3 4 7 6 7 7 0 7 7 4 5 5 6 5 5 6 7 5 4 4 5 1 4 2 1 3 5 7 3 4 4 1 3 6 4 3 3 4 3 3 3 3 4 0 7 4 2 4 5 2 0 2 6 5 3 3 0 8 5 6 3 0 3 0 5 6 1 4 0 5 4 6 2 4 6 3 2 8 3 3 4 4 5 6 5 2 4 7 3 6 5 6 0 7 2 2 4 3 3 1 5 4 2 5 4 4 7 3 5 5 5 3 4 6 6 3 7 6 3 5 6 2 5 5 2 5 2 3 0 1 2 6 3 4 2 2 5 3 5 5 7 5 0 4 2 5 5 1 7 1 0 3 2 8 0 2 5 4 5 5 3 3 0 3 3 2 4 2 4 2 4 5 7 5 1 2 3 5 7 0 1 
8 4 3 3 5 8 7 8 9 10 1 3 8 8 8 10 3 4 4 10 2 7 7 11 8 3 2 5 4 7 4 6 6 3 7 2 4 6 5 5 6 12 1 8 6 1 5 11 8 5 5 1 5 4 5 9 7 8 2 1 5 8 8 4 3 2 4 5 5 10 9 3 8 10 1 5 2 7 5 4 10 1 1 10 2 10 5 1 7 8 5 3 4 9 5 3 5 6 3 8 7 1 5 3 5 3 1 6 4 6 5 3 3 4 7 4 1 11 0 4 4 6 3 6 1 6 7 8 10 11 6 4 2 2 0 8 1 2 10 1 5 9 6 7 3 10 9 2 9 5 5 2 0 2 4 5 9 6 3 6 8 8 4 6 10 8 2 10 8 6 4 8 3 3 9 4 7 0 8 5 5 3 5 11 0 5 2 6 11 3 0 4 7 3 4 6 7 3 9 2 2 2 6 11 8 2 8 6 1 1 7 5 7 8 7 6 9 3 5 1 2 3 1 3 7 8 3 0 1 9 4 2 0 0 6 7 3 3 4 2 4 3 8 8 2 6 2 6 5 9 6 4 6 8 9 0 3 1 7 6 9 6 8 4 5 8 2 8 6 6 7 5 1 6 4 11 3 1 10 7 4 6 5 1 6 1 5 8 9 2 8 1 1 5 6 8 4 5 5 7 
2 5 3 8 8 6 4 0 5 4 6 7 2 1 4 4 8 7 6 3 6 7 7 6 4 5 4 7 3 3 9 5 1 6 8 7 5 2 7 9 8 7 8 1 6 8 4 7 6 8 2 8 4 2 3 1 1 5 6 9 9 4 6 7 5 6 9 6 6 6 3 7 7 5 9 7 9 3 4 4 5 9 7 3 7 6 2 6 8 0 8 6 7 6 7 6 8 4 8 1 0 7 2 3 9 6 7 4 4 8 8 3 9 2 6 10 8 6 9 10 2 4 5 3 9 4 1 0 5 6 2 5 6 6 8 0 6 6 6 9 8 4 5 5 3 5 0 7 4 3 4 6 8 7 9 1 6 4 8 4 4 3 5 3 4 7 8 4 6 6 8 1 5 9 6 7 3 8 0 4 7 7 8 6 9 9 4 6 6 6 9 8 2 3 9 5 2 7 6 6 8 9 2 7 6 4 1 4 8 7 1 4 1 8 4 3 6 8 6 7 9 7 8 9 3 1 7 6 9 3 5 6 8 8 4 0 6 9 2 6 6 3 3 6 6 3 7 6 8 7 2 10 3 6 7 6 6 7 2 0 3 8 4 8 3 2 6 0 4 7 4 9 9 5 8 6 9 7 3 4 5 7 10 5 3 8 9 3 7 9 1 9 9 8 4 4 2 4 8 7 
71 55 123 50 116 105 94 137 162 47 40 130 51 152 91 57 30 81 137 152 29 149 74 93 151 50 172 116 124 90 120 173 171 117 88 87 100 161 71 137 142 64 175 136 148 149 83 49 65 51 29 94 94 34 79 162 122 150 159 29 166 36 115 146 122 90 126 37 162 142 62 81 100 57 172 31 81 125 133 73 68 160 69 43 135 102 129 153 113 73 86 174 80 80 126 89 86 124 40 171 32 128 119 72 26 26 58 144 68 117 71 164 46 163 64 126 151 93 64 47 64 127 105 121 50 38 67 167 82 88 81 70 138 38 73 93 163 117 152 62 111 106 34 94 37 153 153 46 167 159 72 146 148 101 126 139 141 159 45 114 165 86 46 161 167 175 66 122 175 113 85 132 48 60 111 150 67 37 47 99 101 90 37 143 58 61 107 83 178 82 133 40 50 50 35 163 92 131 116 62 106 157 71 48 69 98 83 139 44 98 57 147 147 160 104 64 66 170 157 57 91 56 67 31 120 147 170 148 147 157 152 47 73 143 124 142 135 60 54 54 166 139 36 115 88 114 156 38 27 145 176 47 130 30 135 138 71 98 111 87 37 62 136 156 130 106 130 158 164 112 39 157 65 47 125 113 71 93 118 129 32 127 172 161 124 161 96 41 105 61 86 164 57 67 139 75 35 101 91 58 
8 7 5 2 0 5 6 9 7 8 2 2 7 9 7 8 1 1 4 9 6 4 4 9 7 7 4 0 6 6 0 4 8 4 3 4 7 7 2 0 2 9 6 8 3 5 5 9 6 0 5 5 5 6 6 9 9 5 6 6 0 7 5 2 4 1 0 3 3 8 9 2 5 8 3 1 2 7 4 5 8 6 5 9 2 8 5 5 3 9 0 6 0 6 2 6 0 5 2 8 9 5 5 4 0 3 5 5 5 1 0 6 1 5 5 0 3 8 5 0 6 9 6 8 6 4 9 9 7 8 7 7 5 5 5 9 5 4 8 3 0 7 5 4 4 8 9 3 8 6 4 3 5 3 0 6 7 6 1 6 6 7 3 8 8 5 3 8 5 4 1 8 5 1 6 0 9 4 9 5 0 2 0 8 4 0 4 3 8 4 4 1 7 7 1 5 9 3 6 4 2 3 8 8 5 5 10 5 5 5 8 3 9 4 5 6 6 2 3 4 1 3 4 1 6 9 2 4 3 8 4 4 4 5 5 9 7 1 6 6 3 6 8 5 5 5 3 3 0 5 7 0 6 5 5 5 3 5 7 8 8 1 7 1 7 8 1 9 5 2 6 0 6 3 1 8 2 4 9 6 4 2 0 3 5 3 0 7 5 2 8 5 3 0 5 6 6 8 0 3 
2 5 2 4 4 3 0 3 3 3 3 4 1 4 1 3 4 3 2 3 4 3 3 4 2 5 2 3 2 0 5 1 3 3 4 4 5 3 3 4 4 5 7 2 2 6 1 5 3 3 0 6 1 2 1 3 3 2 5 7 5 2 3 3 3 2 5 2 2 4 3 3 3 3 6 3 6 0 0 2 4 7 6 3 4 4 0 5 4 4 4 4 3 3 3 5 4 0 4 2 3 5 0 1 5 3 5 0 2 4 3 3 5 1 2 6 5 4 7 6 1 5 4 4 7 0 4 3 3 4 2 4 4 4 6 4 4 4 3 6 4 2 0 1 1 4 3 4 2 1 0 4 6 4 5 0 3 0 5 0 1 1 0 4 3 4 4 3 2 2 4 2 3 5 3 3 5 6 3 1 3 4 3 4 7 4 2 2 4 3 6 4 1 4 5 0 5 3 3 3 5 6 3 5 2 2 4 0 6 5 3 0 4 4 1 1 3 4 2 4 5 3 5 5 0 3 4 4 6 3 2 4 6 6 0 4 5 5 2 5 3 3 2 2 4 0 4 2 4 3 3 6 0 3 4 5 3 5 2 3 2 4 2 4 3 2 2 4 0 3 0 5 7 1 4 4 6 5 3 0 2 3 6 3 0 5 5 1 4 5 2 7 6 4 0 1 2 5 3 3 
3 3 0 6 7 6 4 1 5 5 4 5 3 1 4 5 6 5 4 5 3 6 6 7 4 3 2 6 0 3 7 4 0 3 7 4 2 0 6 7 7 8 6 2 5 5 3 8 6 6 1 6 2 0 2 3 0 5 4 6 7 4 6 6 3 4 7 5 5 6 4 5 6 6 7 6 7 3 3 2 6 6 5 5 6 6 0 4 7 2 7 3 6 6 5 3 7 3 6 2 0 5 1 1 7 5 4 3 3 7 6 1 7 0 6 8 6 7 7 8 0 2 3 1 7 4 1 2 6 7 1 2 4 4 6 1 4 4 6 7 7 5 4 4 1 6 2 5 5 2 3 4 6 5 7 0 6 3 6 3 4 3 3 1 5 7 5 5 6 5 6 2 3 7 6 6 1 6 2 2 6 6 6 7 7 7 2 6 7 4 6 7 1 1 7 4 1 4 6 4 6 7 0 7 6 2 1 3 6 4 1 3 1 8 4 2 6 6 5 4 7 5 5 7 2 1 5 4 6 4 4 4 6 6 3 1 3 7 0 4 5 1 3 6 4 3 5 5 7 7 0 8 2 6 7 4 4 4 1 0 4 7 4 6 0 2 4 1 3 6 4 8 7 4 6 7 7 5 4 4 3 6 8 3 3 5 8 4 7 7 2 7 7 7 3 4 0 2 6 7 
42 36 76 34 72 61 55 83 95 27 27 82 30 93 53 33 22 49 84 91 21 88 43 55 89 34 106 70 76 53 76 101 104 73 52 56 63 98 44 84 86 37 110 82 88 94 51 28 37 32 17 61 57 22 48 98 75 87 100 23 103 20 67 90 76 56 79 22 97 84 37 51 58 33 108 20 53 74 78 45 39 101 46 25 85 60 78 96 68 45 53 108 50 46 77 57 53 74 28 103 21 81 71 45 19 18 39 85 42 71 44 101 32 99 36 80 95 54 44 32 39 79 66 75 35 20 42 101 47 51 49 45 86 26 49 57 102 73 90 42 68 62 19 53 24 90 92 31 99 96 42 91 94 65 79 83 83 95 31 68 98 50 27 99 99 103 44 72 103 66 54 79 32 40 64 92 43 27 29 59 61 58 23 84 40 39 67 48 105 52 85 28 30 32 25 97 58 82 68 40 68 99 44 27 39 61 51 82 31 63 35 87 90 95 60 39 38 106 95 38 59 36 45 23 71 89 106 92 93 94 93 31 48 91 73 87 84 41 34 36 102 86 21 67 56 66 97 21 17 85 107 32 77 16 80 87 45 63 67 53 21 38 80 96 80 64 80 96 96 67 22 97 44 26 78 66 48 60 70 76 21 76 107 100 72 101 61 23 62 41 52 104 39 41 82 43 22 64 56 34 
8 3 3 2 5 8 6 7 9 9 1 3 7 7 7 9 3 4 3 9 2 7 7 10 8 3 1 5 3 6 4 6 5 2 7 1 3 5 5 5 6 11 1 7 5 0 4 11 8 5 4 0 4 3 5 8 6 7 1 1 5 8 8 4 2 2 4 5 5 10 9 3 8 9 2 5 2 6 5 4 10 1 0 9 2 10 4 0 7 8 5 2 4 8 4 2 5 5 3 7 6 0 4 2 5 3 1 5 4 6 5 2 3 3 7 4 1 10 1 5 4 5 2 5 1 5 6 7 9 10 6 3 1 1 0 7 0 2 9 1 5 8 6 6 2 10 8 2 8 5 4 2 0 1 4 4 9 6 3 6 7 7 4 5 9 8 2 9 8 6 3 7 2 3 8 4 6 0 7 4 5 3 5 10 1 5 1 6 10 2 0 4 6 3 4 5 6 2 9 2 2 2 5 10 7 1 7 6 0 1 7 4 6 8 7 5 9 3 4 1 3 3 0 3 6 7 2 0 1 9 3 1 0 0 6 7 2 3 3 2 3 2 8 8 1 6 2 6 5 8 5 4 6 8 8 0 3 1 6 5 8 6 8 4 5 7 2 7 6 6 6 5 1 5 4 10 3 0 9 6 3 6 5 0 5 1 5 8 8 3 7 1 1 5 6 7 3 5 5 7 
8 7 5 1 1 6 6 9 8 8 2 2 8 9 7 9 1 1 4 9 5 5 5 9 8 6 4 1 6 7 1 4 8 4 4 3 7 7 2 1 3 10 5 8 4 5 5 10 6 1 6 5 5 6 6 9 9 6 6 5 1 8 6 2 4 1 1 3 3 9 9 2 6 8 2 2 1 7 4 5 9 5 5 9 2 9 5 4 3 9 1 5 1 6 3 6 1 6 1 8 9 4 5 4 1 3 4 5 5 2 1 6 0 5 5 0 2 9 4 0 6 8 6 8 5 4 9 9 8 9 7 7 4 4 4 9 4 4 8 2 1 8 5 5 4 9 9 3 8 6 4 3 4 3 0 6 8 6 1 6 7 7 3 8 8 6 2 9 6 4 1 9 5 0 7 1 9 3 9 5 1 2 1 9 3 1 4 4 9 4 4 1 7 6 0 5 9 3 7 3 1 2 8 9 6 4 9 6 5 4 8 3 9 5 6 6 7 1 3 4 1 3 3 1 7 9 2 4 2 9 4 4 4 4 6 9 6 1 6 5 3 6 8 6 4 5 2 4 1 6 7 0 6 6 6 4 3 4 8 8 8 2 7 1 7 8 1 9 5 3 6 1 5 4 2 9 1 4 9 6 4 3 1 3 5 3 1 8 6 1 8 5 2 1 6 7 6 8 1 4 
60 43 99 42 97 87 78 111 132 41 32 106 43 123 75 49 27 68 111 125 22 123 62 78 124 39 137 96 99 74 99 141 137 94 74 69 79 129 60 112 117 55 138 111 121 117 68 43 56 44 24 73 76 27 64 132 99 123 126 21 136 32 95 120 98 74 104 32 132 118 53 67 83 49 137 28 66 102 109 59 57 125 53 37 110 85 104 120 94 60 72 138 67 68 104 70 73 101 35 139 26 100 96 58 24 22 45 117 55 97 60 131 39 131 55 104 121 78 49 40 52 101 83 97 38 33 55 135 69 74 66 55 109 29 56 75 128 93 125 49 92 88 30 78 30 126 124 38 136 128 60 117 116 81 103 112 117 130 38 93 135 71 39 129 137 144 53 101 143 93 71 107 38 51 92 123 54 28 39 80 84 74 33 118 45 52 85 70 146 66 104 35 42 39 31 133 74 106 97 50 86 125 58 42 59 77 67 113 33 77 47 120 118 132 86 53 57 138 128 45 74 47 52 26 98 119 138 116 117 128 123 37 56 112 101 115 107 50 43 42 135 111 32 95 69 94 125 33 25 120 141 40 106 27 112 108 58 77 90 70 32 53 112 128 105 87 106 127 134 93 34 129 50 41 103 94 58 72 97 106 27 105 141 128 101 129 80 35 88 50 71 129 45 57 114 63 28 81 76 50 
5 9 6 6 2 0 3 8 3 4 5 5 5 8 4 4 5 2 5 5 8 1 1 4 4 9 6 0 7 4 5 1 8 6 0 7 9 8 3 1 2 4 10 6 3 9 5 4 2 1 5 9 6 7 5 7 8 1 9 10 4 4 0 4 6 4 4 3 3 4 5 5 1 3 7 2 6 5 2 6 4 10 9 5 6 3 5 8 0 8 1 8 2 0 4 9 2 4 5 6 8 8 5 5 4 5 8 4 5 1 1 7 6 5 2 6 7 4 9 5 6 9 8 9 10 1 9 8 3 3 6 9 7 7 9 8 8 7 3 8 1 4 3 1 5 4 8 6 4 6 3 6 9 6 5 5 3 4 6 4 4 4 2 9 3 0 6 4 0 2 5 7 7 5 1 3 9 8 7 5 1 5 0 4 9 3 6 0 4 7 9 5 6 8 5 4 9 6 1 6 6 7 8 3 2 6 9 4 9 8 7 2 9 0 1 6 1 5 4 7 6 5 8 6 5 8 6 7 7 5 5 7 8 9 4 8 9 6 7 8 5 7 5 0 8 2 6 0 1 0 8 6 5 0 1 8 5 8 7 8 5 0 4 4 7 6 4 9 2 0 3 4 10 1 4 3 7 8 5 3 5 0 5 6 2 7 4 4 0 6 6 10 8 1 4 3 7 9 1 0 
3 3 0 4 4 4 2 3 4 4 2 3 2 4 3 4 3 3 1 4 3 4 4 6 3 4 1 3 1 2 4 2 3 2 4 3 3 2 3 5 4 6 5 2 2 5 0 6 4 4 0 5 0 1 0 4 3 3 4 6 5 3 4 3 1 1 4 2 2 5 4 3 4 4 5 3 5 2 1 0 5 6 4 4 3 5 0 4 4 4 4 3 3 4 3 3 4 1 3 3 3 4 0 0 5 2 4 1 0 4 4 2 5 0 3 5 4 5 6 6 0 4 3 3 6 1 4 3 4 6 2 3 3 3 5 4 3 2 5 5 4 4 1 2 0 5 4 3 4 0 0 2 5 3 5 0 4 1 4 1 2 2 1 3 4 4 3 4 4 2 4 3 2 4 4 3 4 4 3 0 3 3 4 5 6 4 1 3 6 2 5 4 1 2 4 1 4 2 5 2 4 5 2 6 3 1 4 1 5 3 3 1 4 5 2 0 5 4 2 3 5 2 4 5 1 3 3 3 5 4 1 2 4 5 1 3 4 4 1 3 2 1 3 4 3 1 3 2 4 4 2 6 1 4 5 3 2 3 2 3 3 4 3 4 2 3 1 4 1 3 2 5 6 2 3 6 5 4 4 2 1 3 6 2 1 4 5 3 5 5 2 6 5 4 1 3 1 4 4 4 
4 10 7 8 6 1 3 7 1 0 7 8 4 7 3 2 8 5 7 2 9 4 4 0 3 10 7 4 7 4 8 2 7 8 3 9 9 7 6 5 6 0 12 5 5 11 6 0 2 5 4 11 6 7 6 5 7 1 10 12 7 2 1 7 7 6 8 5 5 0 3 7 3 1 10 5 9 4 3 7 1 12 10 3 8 0 5 10 4 6 5 9 6 0 6 10 6 5 8 5 7 10 4 6 7 7 10 5 6 5 4 8 9 6 3 9 9 0 11 9 6 9 9 9 12 3 8 6 1 0 6 9 9 9 11 7 9 8 0 10 5 2 4 2 6 1 6 8 2 6 3 8 11 9 8 5 1 4 8 4 3 3 4 9 0 3 9 2 1 4 7 5 8 8 0 6 9 10 6 6 4 8 4 0 11 6 7 3 0 8 11 8 5 8 8 5 9 8 0 8 9 10 7 0 3 7 7 4 11 9 6 4 8 4 1 6 0 8 6 9 9 7 10 9 4 7 8 9 10 3 7 8 10 11 4 7 10 9 7 9 7 8 3 1 9 2 8 3 5 1 7 9 5 1 2 9 7 9 6 7 3 4 2 7 7 4 6 7 2 4 4 8 12 3 7 0 9 10 3 3 6 4 9 8 2 9 8 3 2 9 5 12 10 5 4 3 7 9 4 3 
6 1 1 3 5 7 5 5 7 8 1 3 5 5 6 8 4 4 2 8 0 7 6 9 6 1 0 5 1 5 4 5 3 1 7 1 1 3 5 6 6 10 2 5 5 1 3 10 7 5 3 2 3 1 3 6 4 6 0 2 5 6 7 4 1 2 5 4 4 9 7 3 7 8 3 5 4 5 4 2 8 2 1 8 3 9 2 0 6 6 5 0 4 7 4 0 5 4 3 5 4 1 3 0 5 2 0 4 2 6 5 0 4 2 6 5 2 9 3 6 2 3 1 3 3 4 4 6 8 9 4 1 0 0 2 5 0 1 8 3 5 7 5 5 1 9 6 2 7 3 3 2 2 2 5 3 8 4 4 4 6 6 3 3 8 7 2 8 7 5 4 5 0 4 7 4 4 2 5 3 5 3 5 9 3 5 0 6 9 1 2 4 4 1 4 4 4 2 8 1 3 3 3 9 6 0 5 4 2 1 5 3 4 8 6 3 8 3 4 1 4 3 2 4 5 5 3 0 3 7 2 1 2 2 4 5 1 4 1 0 3 0 6 7 0 5 2 5 5 7 3 5 4 7 8 0 2 0 4 3 6 6 7 5 3 6 2 5 5 6 5 6 3 5 4 9 4 1 7 5 2 5 6 0 4 2 5 6 8 4 5 3 3 6 5 6 2 3 5 6 
5 5 3 2 1 3 3 6 4 5 1 1 4 6 4 5 1 0 1 5 4 2 2 6 4 5 2 0 4 3 2 1 5 3 2 3 5 5 0 2 1 7 6 5 0 5 2 6 3 1 2 5 3 4 3 6 6 3 5 6 2 4 3 0 2 0 2 0 0 5 5 1 3 5 4 1 3 3 1 3 6 6 5 6 2 5 3 4 2 6 1 5 0 3 0 5 1 2 1 5 6 4 2 2 2 1 4 2 2 1 1 4 3 2 2 3 3 6 6 3 3 6 5 6 6 1 7 6 5 6 4 5 4 4 5 7 4 3 5 4 1 4 2 2 2 6 6 2 5 3 1 2 5 3 2 3 4 3 2 3 3 4 0 6 5 3 2 5 3 1 1 5 3 2 4 0 7 4 6 2 0 2 1 6 5 1 2 1 6 3 5 2 4 5 2 2 7 2 4 2 3 4 5 6 2 3 7 2 5 4 5 0 6 3 2 3 4 2 0 4 3 1 4 3 3 6 2 4 4 5 2 3 4 5 2 6 5 2 4 5 1 4 4 3 4 2 2 1 1 3 5 3 3 3 3 4 2 4 5 6 5 1 4 1 4 5 0 7 2 1 3 2 6 0 1 6 3 4 6 2 2 1 3 2 2 3 2 4 3 3 5 6 4 1 2 3 4 6 1 2 
1 5 2 5 5 3 1 3 2 2 3 5 0 3 1 2 5 3 3 2 5 3 3 4 1 5 3 4 3 0 6 1 3 4 4 5 5 3 4 5 4 5 7 1 3 6 2 5 3 4 0 7 2 2 1 2 3 2 6 8 6 1 3 4 3 3 6 3 3 3 2 4 3 3 7 4 6 0 0 2 3 8 6 2 5 3 1 6 4 3 4 5 4 3 4 5 5 1 5 1 3 6 0 2 6 4 5 1 2 4 4 3 6 1 2 7 6 4 8 7 1 5 5 4 8 1 4 3 3 4 2 5 5 5 7 3 5 4 3 7 5 2 1 1 2 3 3 4 2 1 0 4 7 5 6 0 3 0 6 0 0 0 1 4 2 4 5 2 2 3 5 2 4 6 3 4 4 6 2 1 4 5 4 4 8 5 3 3 4 4 7 5 1 4 6 1 4 4 3 4 6 7 3 4 3 3 4 1 7 5 2 1 4 5 1 1 3 5 3 5 6 4 6 6 0 3 5 5 6 2 3 4 6 7 1 3 5 6 2 5 3 3 1 2 5 0 5 2 5 3 3 7 0 3 4 5 4 5 2 3 1 4 1 5 3 1 3 4 0 3 1 6 8 1 5 4 7 6 2 1 3 3 7 4 0 5 6 1 4 6 1 8 7 5 1 1 2 5 4 4 
33 28 54 24 46 42 40 61 67 22 20 55 24 67 39 26 15 32 58 65 17 60 30 40 64 26 73 44 55 39 51 70 74 51 34 40 46 70 30 53 57 28 76 59 60 65 37 23 27 18 15 44 41 19 35 70 55 61 70 18 68 17 46 60 53 38 52 16 67 60 29 35 41 25 73 11 36 54 55 33 30 70 33 21 58 43 55 67 44 35 32 75 32 33 52 42 34 53 19 73 19 57 51 33 12 14 29 60 31 45 26 71 22 69 27 54 65 40 32 21 30 57 48 55 26 16 33 72 35 38 37 34 60 20 35 43 71 51 63 30 43 45 16 38 19 64 67 23 70 68 31 63 65 45 53 59 59 67 22 49 69 38 20 71 70 70 31 52 70 46 37 58 24 27 45 61 34 20 24 43 38 40 12 60 29 24 47 32 74 38 59 19 24 26 17 68 44 56 48 29 46 67 34 21 29 44 39 59 24 44 28 60 65 63 43 30 28 72 65 28 40 26 32 16 52 65 72 64 64 67 64 23 35 63 52 63 60 28 26 27 70 61 18 47 40 47 66 15 9 58 76 21 56 13 55 61 32 45 49 40 19 23 57 64 57 47 55 69 67 44 18 64 33 19 53 48 32 42 51 54 16 50 71 69 51 69 40 20 43 28 39 72 28 25 58 33 19 47 34 22 
3 3 0 6 7 6 4 1 5 5 4 5 3 1 4 5 6 5 4 5 3 6 6 7 4 3 2 6 0 3 7 4 0 3 7 4 2 0 6 7 7 8 6 2 5 5 2 8 6 6 0 6 2 0 2 3 1 5 4 6 7 4 6 6 3 4 7 5 5 6 4 5 6 6 7 6 7 3 3 2 6 6 5 5 5 6 0 4 7 2 6 3 6 6 5 3 7 3 6 2 0 5 1 1 7 4 4 3 3 7 6 1 7 0 5 8 6 7 7 8 0 2 3 1 6 4 1 2 6 7 1 2 4 4 6 1 3 4 6 7 7 5 4 4 1 6 2 4 5 2 3 4 6 5 7 0 6 3 6 3 4 3 3 1 5 7 5 5 6 5 6 2 3 7 6 6 1 6 2 2 6 5 6 7 7 7 2 6 7 3 6 6 1 1 7 4 1 4 6 4 6 7 0 7 6 2 1 3 5 4 1 3 1 8 4 2 6 6 4 4 7 5 5 7 2 1 5 3 6 4 3 4 6 6 3 1 3 6 0 4 4 1 3 6 4 3 5 5 7 6 0 8 2 6 7 4 4 4 1 0 4 7 4 6 0 2 4 1 3 6 4 8 7 4 6 7 7 5 5 4 3 6 8 3 3 5 7 4 7 7 2 7 6 7 3 4 0 2 6 7 
3 9 6 8 6 1 3 6 0 0 7 7 3 6 2 1 7 5 6 2 9 3 3 0 2 9 6 4 6 3 8 2 6 7 3 8 9 7 6 5 5 1 11 4 4 10 5 1 2 5 4 10 5 6 5 4 6 0 9 11 7 2 1 6 7 6 7 5 5 0 2 7 3 0 10 5 9 3 2 6 0 11 10 2 8 0 4 9 4 6 5 9 5 1 6 9 5 4 7 4 6 9 4 6 7 7 9 4 6 5 4 7 8 5 3 9 9 0 11 9 5 8 9 8 11 2 7 5 0 0 5 9 8 8 10 6 9 8 0 10 5 1 3 1 5 0 5 7 1 5 3 7 10 8 8 4 0 4 8 4 2 2 4 8 0 3 8 1 1 4 7 5 8 8 0 5 8 9 5 5 4 7 4 0 11 6 6 3 0 7 10 7 4 8 8 4 8 7 0 7 8 9 7 1 3 7 7 4 10 9 5 3 7 4 0 5 0 8 5 8 9 6 9 9 4 6 7 8 9 2 6 8 10 10 4 6 9 8 6 9 6 7 2 1 8 1 8 3 5 1 7 9 4 1 2 9 7 9 5 6 2 4 1 7 6 4 6 6 1 3 3 7 11 2 7 0 9 9 2 3 6 4 8 7 2 8 8 2 2 9 4 11 10 5 3 2 6 8 4 3 
29 23 49 26 53 46 40 53 67 21 20 58 20 59 38 25 18 38 58 62 14 64 34 41 62 21 70 52 49 37 55 72 66 50 41 39 41 62 34 61 63 30 74 53 63 64 35 23 30 26 11 42 38 12 32 64 46 63 66 17 73 16 50 64 52 40 57 19 69 60 26 37 44 26 75 18 39 51 55 30 30 68 31 18 60 44 50 64 51 27 41 72 38 36 56 38 41 51 22 68 10 55 47 30 18 15 27 59 29 53 34 65 25 64 29 58 66 40 31 26 24 50 43 47 25 18 25 65 36 39 31 29 58 18 34 35 68 50 64 31 51 45 16 40 15 64 60 23 68 64 31 63 64 45 57 54 60 65 25 47 68 35 21 63 69 75 32 51 74 49 40 51 21 31 48 66 25 20 17 40 46 42 21 60 29 31 44 38 75 36 59 23 19 19 21 68 35 57 50 28 49 69 26 23 32 40 31 57 22 43 21 61 57 70 44 26 30 74 67 27 43 27 32 19 48 57 74 62 65 64 64 22 34 62 51 55 56 31 20 24 71 55 15 50 38 47 67 19 17 62 68 26 52 16 59 58 32 43 43 32 15 31 56 69 51 42 56 61 67 50 18 70 31 22 56 49 36 41 48 54 15 56 77 68 51 70 46 17 47 31 34 71 29 33 57 32 12 40 43 29 
6 0 1 4 7 8 6 5 8 8 2 4 6 5 7 8 5 5 4 8 1 8 7 10 7 0 1 6 1 6 6 6 2 2 8 2 0 3 6 7 7 11 2 5 6 2 3 11 8 6 3 2 3 1 4 6 4 7 0 3 7 7 8 5 3 3 6 6 5 9 8 4 8 9 4 6 5 6 5 3 9 3 2 8 4 9 2 0 8 5 7 0 5 8 5 0 7 5 5 6 3 2 3 1 7 4 2 5 3 7 6 0 5 2 7 6 4 9 3 7 2 2 0 2 3 5 4 5 9 10 4 0 2 2 3 4 0 2 9 4 6 8 6 6 1 9 6 3 8 3 4 3 2 3 6 3 9 5 5 5 6 6 4 2 8 8 4 8 8 6 5 5 1 6 8 5 3 3 5 4 6 4 7 10 4 7 1 7 10 2 3 5 4 0 6 5 4 3 9 3 4 5 3 10 7 0 4 5 2 2 5 5 3 9 7 4 9 5 5 2 5 4 3 5 5 5 4 0 4 7 3 2 3 3 5 4 0 5 1 0 4 0 7 8 2 5 4 6 7 8 3 7 5 8 9 0 3 2 4 3 7 7 7 6 3 6 3 4 6 7 6 7 3 6 5 10 5 2 8 6 3 7 7 1 5 3 7 7 9 5 5 4 4 7 5 7 1 2 7 8 
17 15 26 12 25 23 20 31 35 12 9 28 13 35 20 15 8 16 28 34 9 31 16 23 33 14 36 24 27 19 27 35 38 25 19 20 24 35 15 29 30 17 40 30 29 34 17 14 15 11 7 23 20 9 17 36 28 31 36 11 36 10 25 30 26 18 27 7 32 32 16 17 22 14 38 7 20 27 26 16 17 37 18 12 29 24 27 34 24 19 19 38 17 18 26 22 19 26 10 37 10 29 25 16 8 6 15 29 15 25 15 35 12 34 14 29 33 22 18 13 14 30 24 28 15 7 18 37 19 21 19 18 30 10 19 23 36 26 34 16 24 24 7 19 8 34 35 11 36 33 14 31 34 23 28 29 31 33 12 24 35 19 8 36 36 37 16 28 37 23 19 30 12 15 24 31 18 11 13 21 21 20 9 32 16 14 23 17 39 18 31 10 12 13 10 33 23 28 26 14 24 35 18 13 15 21 21 29 13 23 15 28 34 34 22 14 16 36 31 14 21 12 17 9 26 33 36 32 33 35 31 12 18 33 25 32 31 15 13 14 34 30 10 25 21 23 33 8 7 31 38 13 27 8 29 31 15 23 25 21 10 14 29 33 29 24 26 36 33 23 9 34 18 9 27 26 18 22 27 27 7 26 38 34 25 35 22 11 23 15 20 38 15 15 29 17 9 25 20 13 
18 11 24 16 30 28 24 29 39 15 11 31 14 32 23 17 12 22 31 36 7 37 21 26 35 10 35 30 24 22 31 40 34 26 25 21 19 33 21 35 36 21 38 30 35 33 19 18 20 17 7 22 21 6 18 36 26 36 33 9 40 12 30 35 27 22 32 13 37 36 18 21 27 18 40 13 22 29 31 17 20 35 16 14 32 28 27 32 30 17 24 36 22 23 31 18 24 28 14 37 7 28 25 15 13 10 14 33 16 30 21 31 15 33 19 33 35 26 17 17 13 24 21 23 14 12 14 36 23 25 18 13 30 10 18 20 34 26 37 18 29 27 11 24 8 37 33 13 39 34 18 33 33 24 32 29 35 36 15 27 38 22 13 31 39 42 18 30 41 28 23 29 11 19 29 36 13 12 12 23 27 23 14 36 17 19 22 23 43 19 31 14 13 8 14 37 19 30 30 16 27 37 15 17 20 20 18 32 12 22 13 34 30 40 26 15 20 40 36 14 24 16 17 12 27 31 39 31 34 36 34 12 18 32 29 30 27 18 10 12 38 27 12 30 20 27 36 13 12 36 36 17 29 13 35 29 18 22 24 17 12 20 33 38 27 25 30 33 37 29 12 39 17 15 31 30 21 22 29 31 10 32 42 34 29 37 27 13 29 18 20 37 16 21 32 20 6 19 25 19 
40 37 76 37 74 62 55 82 94 24 29 84 28 92 51 30 24 52 86 88 22 90 45 53 87 34 107 73 76 52 79 103 103 74 55 58 64 98 47 86 89 36 111 80 90 95 52 27 38 34 17 63 58 22 48 95 73 88 101 24 106 18 68 92 77 58 82 25 100 83 34 53 60 31 110 22 56 73 79 46 37 102 47 22 87 59 78 97 70 43 56 109 53 47 80 58 56 74 30 101 19 83 71 46 22 20 40 87 43 73 46 101 34 99 38 83 97 53 45 35 39 78 67 75 37 22 41 99 46 50 48 46 88 28 50 55 103 75 88 44 71 60 20 55 25 88 90 33 96 96 43 93 95 67 82 83 82 95 34 68 97 48 29 99 96 105 46 69 104 69 57 78 33 43 64 95 42 29 27 60 64 60 25 83 42 42 68 51 104 54 87 30 30 33 28 98 57 84 68 42 70 101 44 27 41 62 50 83 33 64 33 89 89 97 60 39 38 109 97 40 62 38 47 25 71 88 108 94 95 91 95 33 50 93 74 85 85 43 34 37 104 86 19 67 58 66 99 23 20 86 107 35 77 17 81 88 47 64 66 52 19 40 78 99 79 62 82 95 96 69 22 100 46 29 81 65 50 61 67 76 22 79 110 101 72 103 64 21 63 44 50 106 41 44 83 42 22 63 58 37 
3 4 2 7 8 6 4 0 5 4 5 6 2 0 4 5 7 6 5 4 5 7 7 6 4 4 3 7 1 3 8 4 0 5 7 6 4 1 7 8 7 7 7 1 6 7 4 7 6 7 1 7 3 1 3 2 0 5 5 7 8 4 6 7 4 5 8 6 5 6 4 6 7 6 8 7 8 3 3 3 6 7 6 4 7 6 1 5 7 0 7 5 7 6 6 5 8 3 7 1 0 6 1 2 8 6 6 4 4 7 7 2 8 1 6 9 7 6 8 9 1 3 4 2 8 4 0 0 6 7 1 4 5 5 7 0 5 5 6 8 8 5 4 5 2 6 1 6 4 2 3 6 7 6 8 1 6 3 8 3 4 3 4 2 5 7 7 4 6 6 7 1 4 8 6 7 2 7 1 3 7 7 7 6 8 8 3 6 6 5 8 8 2 2 8 4 1 6 6 5 7 8 1 7 6 3 0 4 7 6 0 4 1 8 4 2 6 7 5 6 8 6 7 8 3 0 6 5 8 3 5 5 7 7 4 0 4 8 1 5 6 2 3 6 5 3 6 5 8 7 1 9 2 6 7 5 5 6 1 0 3 8 4 7 2 2 5 0 4 6 4 9 8 5 7 7 8 6 4 4 4 7 9 4 3 7 8 3 7 8 1 8 8 8 4 4 1 3 7 7 
56 45 98 42 94 83 74 109 128 37 33 106 40 122 71 45 26 64 109 121 24 118 58 74 120 41 138 93 99 70 99 137 137 94 70 71 81 128 57 110 114 50 142 108 116 121 65 38 51 41 22 77 74 27 62 129 97 118 129 26 135 28 91 117 98 72 102 28 128 113 49 65 79 44 140 25 67 99 104 58 53 130 57 33 110 81 102 124 90 58 70 140 65 63 101 73 70 98 34 136 25 104 94 57 23 21 48 113 53 94 57 131 39 130 50 104 123 73 54 40 50 102 84 97 42 28 54 133 64 69 64 57 111 31 61 74 132 95 121 52 90 84 25 73 29 121 121 38 132 126 56 118 121 83 103 110 112 126 39 90 131 67 35 129 132 139 55 97 139 89 70 105 39 51 87 121 54 32 37 78 81 74 30 113 49 50 86 65 141 66 109 34 39 40 31 129 74 106 92 50 87 128 57 37 54 78 66 110 37 80 45 115 118 127 82 50 52 138 124 47 75 45 56 27 95 117 138 119 120 125 121 39 60 117 97 113 109 51 43 44 133 111 28 91 71 89 126 29 22 115 140 40 102 23 107 112 57 80 88 69 28 50 107 126 104 84 104 126 129 89 30 127 54 36 102 89 60 76 93 102 25 101 140 130 97 131 79 32 83 51 68 134 48 54 110 59 27 81 74 46 
1 6 3 8 8 5 3 1 4 2 6 7 1 2 3 3 8 6 5 2 6 6 6 4 2 6 5 6 3 3 8 4 2 6 7 7 6 3 7 8 7 5 9 1 5 8 4 5 5 7 2 9 4 3 3 0 2 4 7 9 8 3 5 7 6 6 8 6 6 4 2 7 6 4 9 7 9 2 3 4 4 9 8 2 7 4 2 7 7 1 7 6 7 5 6 7 7 3 8 1 2 8 2 4 9 6 7 4 4 7 7 4 9 2 5 10 8 4 10 10 2 5 6 4 10 4 2 1 4 5 2 6 7 7 9 2 7 6 4 9 7 3 4 4 3 4 1 7 2 3 3 7 9 7 9 1 4 3 8 3 3 2 4 4 3 6 8 3 4 5 8 1 6 8 4 7 4 8 1 4 7 7 7 4 10 8 5 5 5 6 9 8 2 4 9 4 4 7 5 6 8 9 3 5 5 4 2 3 9 7 1 4 3 7 3 3 5 8 6 7 9 6 8 9 2 2 7 6 9 1 5 6 8 9 3 1 6 8 3 7 6 4 2 4 7 2 7 5 7 5 3 10 2 5 6 7 6 7 2 2 1 7 3 8 3 1 6 2 3 6 3 9 10 4 7 5 9 8 2 3 5 6 10 6 2 8 9 2 6 9 1 10 9 7 3 3 3 5 7 6 
20 17 29 13 22 23 22 34 37 14 11 28 15 38 22 17 8 15 30 36 11 31 16 24 35 16 38 22 30 22 25 36 41 27 18 21 26 38 15 26 29 18 41 33 31 35 20 15 16 9 10 24 23 12 20 39 31 32 38 12 34 12 25 30 28 19 26 9 34 33 18 18 22 16 38 5 19 29 29 19 19 38 19 14 30 25 30 36 23 22 16 40 15 19 26 24 16 28 10 40 13 31 28 18 5 8 17 32 17 23 13 38 11 37 15 27 34 24 18 11 17 32 27 31 16 9 21 40 21 22 22 20 32 12 20 26 37 27 35 16 21 26 10 21 11 36 37 12 38 36 17 33 35 24 26 32 32 36 11 27 37 22 11 39 38 37 16 30 37 24 19 32 14 14 25 29 21 12 16 23 19 20 6 34 17 11 25 17 41 20 32 10 15 16 9 36 26 29 27 16 24 35 20 14 16 24 24 31 14 24 18 31 37 33 23 17 17 36 33 16 21 13 18 9 28 36 37 34 33 37 33 13 19 34 28 35 33 14 16 16 36 33 12 26 22 25 34 8 4 31 41 11 30 8 30 32 17 24 28 24 13 12 31 32 32 27 27 39 35 23 11 32 19 11 26 28 17 23 29 29 10 25 36 35 27 36 20 13 24 15 23 39 15 12 31 19 12 27 17 12 
1 7 4 7 6 2 1 4 1 0 5 6 1 4 0 0 6 4 5 1 7 3 3 2 0 7 5 4 4 1 7 1 4 5 4 6 7 4 5 5 5 3 9 2 3 8 4 3 2 4 2 9 4 4 3 2 4 1 8 9 6 0 2 5 5 4 6 4 4 2 1 5 3 1 8 4 8 1 1 4 1 9 8 1 6 2 2 7 4 4 5 7 5 2 5 7 5 2 6 2 4 8 2 4 7 5 7 2 4 4 4 5 7 3 2 8 7 2 9 8 3 6 7 6 10 1 5 3 1 2 3 7 7 7 8 4 7 6 1 8 5 0 2 1 3 1 3 6 0 3 1 6 8 7 7 2 2 2 7 2 1 0 2 6 0 3 7 0 2 3 6 3 6 7 1 5 6 8 3 3 4 6 4 2 9 6 5 3 2 6 9 6 2 6 7 2 6 6 2 6 7 8 5 3 2 5 5 2 9 7 3 2 5 4 0 3 2 6 4 7 8 5 8 7 2 4 6 7 8 1 5 6 8 9 2 4 7 7 4 7 5 5 0 1 7 0 6 2 5 2 4 8 2 2 3 7 5 7 3 4 1 4 0 6 4 2 4 5 0 3 1 7 10 2 6 2 8 7 1 1 4 4 8 5 0 7 7 0 3 8 2 10 8 5 2 0 4 6 4 4 
