60 
300 
411 2107
430 2137
226 1531
50 791
125 1259
377 2041
493 2300
323 1928
260 1697
238 1628
267 1727
480 2388
94 1027
204 1516
430 2274
377 2035
289 1899
370 1971
377 2107
411 2254
31 575
53 814
342 1928
392 2185
264 1758
245 1613
257 1737
106 1124
242 1677
430 2095
471 2268
430 2261
257 1681
125 1220
97 1095
424 2077
339 1980
311 1926
113 1096
326 1982
292 1865
304 1962
270 1673
172 1406
440 2252
260 1734
182 1373
352 1953
399 2074
449 2179
490 2349
188 1427
333 1943
47 822
40 732
484 2232
487 2426
264 1731
374 1954
295 1763
10 22 34 27 25 13 27 29 30 30 18 12 34 11 5 25 29 15 13 22 6 28 15 34 29 19 22 24 29 10 9 24 8 32 5 33 25 34 22 10 27 20 32 6 14 30 20 28 21 6 21 16 28 19 33 27 20 5 5 5 13 17 8 20 17 18 19 28 6 25 14 22 29 6 19 14 28 12 23 15 18 33 24 19 32 29 18 20 11 34 7 28 10 15 18 28 13 33 13 28 17 13 14 21 22 20 23 15 11 7 22 6 5 10 10 29 6 25 23 33 24 20 22 13 8 17 8 16 9 28 13 20 29 31 9 17 34 14 5 14 14 6 6 15 34 10 23 21 12 22 20 6 23 17 18 11 17 34 11 30 15 25 22 31 32 5 15 28 6 13 15 22 17 14 7 28 15 29 18 11 32 15 10 6 27 34 9 12 31 12 22 27 17 16 16 15 24 27 30 7 14 34 18 32 28 27 17 16 13 11 26 29 34 18 19 25 32 29 34 22 7 30 22 22 20 11 32 15 32 24 27 22 24 30 34 6 32 34 15 24 30 11 7 30 6 27 6 31 34 17 23 10 31 23 32 19 33 6 28 19 7 33 20 19 25 21 26 13 8 18 19 18 29 5 11 9 15 23 30 30 30 14 25 11 8 17 18 15 6 5 20 29 17 13 17 18 13 8 12 34 
9 7 2 4 0 2 9 1 7 3 5 6 6 9 8 3 6 6 7 1 8 3 8 5 7 9 2 6 4 5 4 8 10 6 3 5 7 4 3 3 6 4 5 7 0 2 3 7 7 6 0 5 2 4 8 7 7 8 10 0 6 1 10 8 3 9 4 5 7 7 9 8 8 1 6 7 3 5 6 9 6 4 6 9 4 5 6 7 6 7 5 7 7 7 4 2 9 2 3 6 6 3 8 1 7 5 5 6 2 6 5 8 6 5 3 6 6 10 0 4 2 4 3 2 9 3 1 10 2 4 3 1 6 7 6 8 3 9 3 7 7 7 8 5 5 3 9 4 8 6 1 9 1 5 4 8 8 5 5 6 5 8 4 9 5 6 1 7 4 5 0 1 5 6 3 4 3 2 2 5 4 7 8 0 8 2 2 7 1 7 6 6 2 5 4 7 3 5 2 2 2 5 6 3 7 4 4 6 3 4 9 2 2 4 2 9 3 0 2 4 4 4 7 6 3 2 8 4 6 3 5 4 9 8 1 3 3 8 1 4 3 6 4 2 8 7 2 2 5 3 7 2 5 1 7 6 3 1 8 6 6 1 3 6 3 5 6 4 5 7 5 0 5 3 1 4 6 5 6 7 0 6 4 3 7 6 7 3 6 2 6 5 1 8 4 1 1 2 1 1 
4 4 6 4 9 10 4 9 3 3 9 6 3 4 1 5 2 8 1 8 2 8 3 9 7 1 9 5 8 8 2 0 4 9 3 9 8 4 7 6 2 5 5 2 8 8 7 1 3 3 8 1 10 9 5 3 1 1 4 9 4 7 4 0 3 4 5 6 3 7 4 5 6 5 2 5 7 5 1 2 9 8 3 3 5 10 3 3 0 1 5 7 1 2 6 7 1 9 7 7 2 3 2 10 4 4 5 6 8 3 4 0 3 8 5 4 6 3 9 5 4 4 6 8 4 9 7 4 8 5 5 8 4 3 8 2 6 3 5 3 0 3 5 6 7 7 3 4 3 7 5 3 9 4 4 1 4 4 9 2 9 0 2 4 10 2 8 3 7 5 9 7 5 4 5 2 5 7 10 3 6 4 2 9 5 7 8 3 9 2 4 2 9 9 5 3 6 4 8 7 6 6 10 7 1 6 7 3 5 7 1 8 8 6 6 2 3 9 8 4 5 5 1 1 3 6 1 8 7 8 4 9 2 1 8 6 3 2 9 4 5 0 2 4 4 6 6 6 3 5 3 7 2 9 0 5 6 10 5 3 8 9 6 1 6 5 6 5 5 3 4 8 1 7 5 5 4 7 2 4 8 1 5 6 2 3 3 5 4 8 2 9 8 4 6 7 7 5 6 9 
20 30 36 32 28 14 37 30 35 33 25 19 39 20 12 28 35 23 20 22 13 33 24 41 37 28 27 28 35 17 13 31 19 40 7 40 33 39 23 15 33 23 35 12 17 34 25 35 27 10 24 21 30 25 42 35 27 12 15 6 20 19 18 27 20 28 24 32 11 33 24 31 38 8 24 22 29 18 29 24 26 39 29 28 37 37 23 26 16 41 10 36 17 20 23 28 22 37 18 35 23 16 22 23 30 24 28 22 15 13 25 14 11 17 13 33 14 35 26 39 25 24 23 13 17 22 10 26 9 32 16 20 33 39 16 25 36 23 9 19 21 11 14 22 41 14 32 26 19 29 23 15 24 23 22 18 25 39 18 36 22 33 26 41 40 11 14 34 12 16 17 23 20 21 11 32 18 29 19 16 38 20 16 8 36 35 9 20 32 18 27 33 18 24 20 20 29 32 34 11 16 41 26 33 35 32 23 21 14 17 34 33 38 20 20 34 34 31 38 27 12 35 28 28 22 12 39 21 40 29 33 28 33 37 34 7 34 42 18 28 31 17 11 32 15 35 8 33 38 22 30 14 35 24 38 26 38 8 37 24 15 34 24 25 29 27 33 15 14 23 23 20 33 10 13 14 22 30 36 36 32 20 28 14 15 24 25 18 10 5 26 37 17 22 23 19 14 9 12 37 
45 92 142 112 109 62 112 125 123 123 81 54 139 48 21 105 118 68 53 96 26 120 63 145 123 77 97 101 124 48 38 96 36 137 23 141 108 140 95 46 110 85 133 26 64 128 87 113 87 27 92 65 122 85 137 111 81 21 24 28 56 75 36 80 71 76 81 117 27 107 60 93 122 29 78 61 118 53 93 62 81 140 99 79 133 126 75 83 44 137 33 119 41 62 78 119 53 141 59 119 70 55 58 94 92 84 97 66 52 31 92 24 23 48 45 120 30 103 101 137 100 84 94 60 36 77 39 68 44 117 57 88 120 127 44 70 142 59 25 59 57 27 29 66 143 47 95 88 50 95 85 27 101 72 76 45 72 140 53 122 69 101 90 128 138 22 67 115 31 57 69 95 72 60 33 114 65 123 82 47 134 63 42 33 113 143 44 51 133 50 91 110 77 73 68 63 102 112 128 35 62 141 81 135 113 113 75 67 57 51 105 124 144 78 82 102 131 125 144 92 33 125 89 89 83 50 129 68 135 104 112 97 98 121 144 30 131 138 69 100 125 44 30 124 28 114 30 130 139 73 95 47 125 101 128 81 138 34 117 79 36 141 86 77 106 89 110 57 37 75 80 80 117 27 49 40 64 99 122 123 128 57 105 49 34 71 75 65 27 28 82 125 75 56 74 79 59 37 53 145 
18 28 35 30 27 16 35 31 36 32 23 18 39 19 12 27 34 21 19 23 13 31 22 39 35 26 25 29 33 15 12 31 17 38 7 38 31 37 24 13 32 23 36 12 15 32 23 33 27 10 22 20 31 23 40 33 26 11 14 6 18 17 17 27 19 26 22 32 11 31 22 29 36 6 23 20 30 16 28 23 24 37 29 27 35 35 23 26 16 40 11 34 16 20 21 29 21 36 16 33 22 15 21 23 29 24 27 20 14 11 25 13 9 15 12 34 12 34 25 37 24 23 24 15 16 20 8 25 10 31 15 21 34 37 14 24 36 22 7 19 19 11 13 20 39 12 31 24 19 27 21 14 25 21 21 18 24 38 16 35 20 32 24 39 38 10 16 34 10 16 17 22 21 19 10 31 17 31 21 15 36 20 16 7 34 35 10 18 33 18 27 32 19 22 18 20 27 31 32 9 14 39 24 34 34 30 21 21 15 15 33 31 36 20 20 33 33 31 36 25 10 33 28 27 22 11 38 19 38 27 31 26 32 37 35 8 33 41 17 27 32 16 10 30 13 33 7 31 38 20 29 12 34 25 37 24 36 8 35 24 13 35 22 24 27 26 31 16 12 24 23 18 33 8 11 12 20 28 35 36 31 19 28 12 13 22 23 17 11 7 25 35 18 20 21 18 13 8 12 36 
3 2 4 1 6 8 3 7 5 0 5 2 4 3 4 3 2 5 2 6 4 5 2 6 4 2 6 5 4 5 1 2 4 6 2 5 5 1 6 3 1 5 5 4 5 5 4 0 5 3 5 2 8 5 3 1 2 3 4 6 1 5 4 3 1 3 2 6 4 3 3 3 3 2 1 2 5 2 0 3 6 5 3 3 2 6 4 4 1 2 5 4 2 4 3 5 3 6 4 3 1 2 2 7 2 4 1 3 5 0 4 3 0 5 2 5 3 3 7 2 2 1 4 6 3 6 4 4 6 2 2 6 5 1 4 2 4 2 2 4 0 4 2 3 4 4 3 1 5 4 2 3 7 0 1 4 2 1 5 1 6 2 0 3 6 1 6 5 4 4 7 5 4 1 1 0 2 6 8 0 3 5 4 6 3 5 6 1 7 4 4 1 7 6 2 4 3 1 5 4 4 2 6 6 1 2 4 4 5 4 3 5 5 5 5 3 2 7 5 1 1 2 3 0 2 4 2 4 3 5 0 5 3 4 6 5 1 2 6 1 5 1 1 2 2 3 3 4 3 2 1 4 1 7 0 2 3 7 3 3 5 7 3 0 2 2 3 5 1 5 4 5 1 4 2 1 1 4 1 5 5 0 4 3 1 0 1 3 4 6 1 6 6 2 2 5 5 3 4 6 
5 3 2 1 4 6 6 5 5 0 5 3 4 5 5 0 3 4 4 4 5 3 4 5 4 5 4 5 3 4 1 4 7 5 0 5 5 0 4 1 2 4 4 4 3 3 2 3 5 3 3 2 6 4 4 3 3 4 6 4 2 2 6 5 0 5 1 5 4 4 5 4 4 0 2 4 4 2 2 5 5 4 3 5 1 5 4 5 2 4 4 4 4 5 2 3 5 4 2 3 3 1 4 5 4 3 1 3 3 2 3 5 2 4 0 4 4 6 4 2 0 0 3 4 5 4 2 6 4 0 0 3 4 3 4 4 2 5 0 5 3 5 4 3 3 2 5 1 5 4 0 5 5 1 0 5 4 1 4 3 5 4 0 6 5 2 4 5 3 3 4 3 3 3 0 0 0 4 5 1 3 5 5 4 4 3 4 3 5 5 4 3 5 5 0 4 1 1 3 1 1 2 5 4 3 1 3 3 3 3 5 3 3 3 3 5 0 4 3 0 1 0 4 2 0 2 4 4 4 3 1 4 5 5 4 3 0 4 4 0 3 2 1 0 4 4 1 2 2 1 3 2 1 5 3 3 2 5 4 3 4 5 1 2 1 2 3 3 2 5 4 3 2 2 0 0 3 4 2 5 3 2 3 0 3 3 3 0 4 4 2 5 3 5 2 2 2 1 2 4 
8 6 0 3 2 3 8 2 5 2 5 5 5 7 6 1 4 6 6 2 6 3 7 5 6 7 3 4 4 5 3 6 9 6 1 5 6 3 2 3 4 3 4 6 1 2 3 5 6 4 1 4 3 4 7 6 5 6 8 1 5 0 8 6 2 8 3 4 5 6 8 7 7 0 4 6 2 4 4 8 6 4 4 7 3 6 5 5 4 5 4 6 5 5 3 1 7 3 3 5 4 1 7 3 6 3 3 5 3 4 3 7 4 5 1 4 6 8 2 3 0 2 1 2 7 3 0 8 2 2 1 1 4 6 5 7 1 7 2 5 5 5 6 5 4 2 7 3 6 5 0 7 2 4 2 6 6 3 5 5 5 6 2 8 6 5 1 6 4 3 2 0 3 5 2 2 1 2 3 3 4 5 6 1 7 1 1 6 2 6 4 5 3 6 2 5 2 3 2 2 0 4 6 2 6 3 4 4 2 4 7 2 2 2 1 8 1 2 2 3 3 2 5 4 1 0 6 4 6 3 4 4 7 6 1 2 1 7 2 2 2 4 2 0 7 6 0 0 3 2 5 2 3 3 5 5 3 3 7 4 5 2 2 5 2 4 5 3 4 5 4 1 3 3 0 3 5 5 4 6 1 4 3 1 5 5 5 1 4 2 4 6 1 7 3 0 0 0 0 2 
9 8 4 5 7 6 9 5 1 3 10 8 0 8 4 4 4 10 4 4 3 8 7 10 9 7 8 0 9 9 2 5 10 10 2 10 10 5 3 7 4 1 0 3 6 7 7 5 2 2 6 2 6 9 9 7 5 4 9 6 7 5 9 4 2 9 6 0 1 9 9 9 9 3 4 8 2 7 5 7 10 9 2 8 7 10 2 2 3 4 0 10 4 0 7 3 7 8 7 9 4 2 7 7 8 1 6 8 8 6 1 5 5 9 4 0 9 8 7 7 3 5 3 4 8 8 5 9 4 5 5 4 0 7 9 7 3 8 5 1 5 1 8 8 9 7 8 6 3 9 5 8 5 6 4 4 8 6 9 5 10 6 3 9 10 5 3 2 8 1 6 4 1 7 6 3 4 3 6 5 8 0 3 6 9 4 4 7 6 2 1 5 5 10 4 2 7 6 7 6 4 8 10 3 6 6 8 2 0 8 6 7 7 2 3 8 2 7 7 5 6 6 3 5 2 4 6 9 9 8 6 9 7 4 4 2 2 7 7 4 1 4 2 3 8 9 4 4 3 6 6 7 2 6 5 8 7 6 9 2 10 5 6 5 6 7 8 0 7 1 1 5 2 7 4 5 7 9 4 2 6 5 1 5 5 6 7 5 1 4 5 10 4 8 7 4 5 2 2 7 
5 4 6 4 6 9 6 8 10 5 0 2 9 5 9 5 7 0 8 8 10 3 6 1 1 7 4 10 0 1 6 8 7 1 6 1 0 4 9 3 6 9 9 9 5 4 3 5 10 8 5 7 9 2 4 4 7 9 6 6 4 6 6 9 6 6 3 10 9 1 5 3 3 4 6 3 9 3 4 7 1 2 8 6 1 2 9 9 6 8 9 1 7 9 0 8 8 4 3 1 6 6 6 8 3 8 4 2 3 5 8 8 5 1 5 9 1 6 7 1 5 5 8 9 5 4 5 6 8 4 5 7 9 3 0 6 7 6 5 9 5 9 4 0 0 3 6 4 10 1 3 5 8 4 5 9 4 4 1 6 2 7 4 6 2 6 8 10 2 9 7 7 9 4 2 5 5 8 9 5 0 10 9 7 3 7 8 5 8 10 9 6 9 1 5 9 1 4 4 4 6 2 1 9 6 3 0 8 8 0 7 4 4 8 7 7 6 7 4 4 4 4 8 5 6 6 7 0 1 2 4 3 7 9 8 8 5 6 6 5 8 6 6 5 4 2 6 6 7 1 5 4 6 8 5 2 1 8 4 8 0 8 4 5 1 3 1 9 3 10 9 6 6 3 4 4 4 0 6 10 6 5 8 5 6 5 4 5 9 8 6 1 8 5 0 6 6 6 6 6 
3 1 5 2 6 9 3 8 7 2 3 0 7 2 6 3 4 3 5 7 7 4 3 4 2 4 5 7 2 3 3 4 4 4 3 3 2 2 7 2 3 7 7 6 5 4 3 2 7 6 5 4 9 4 1 1 4 5 3 6 1 5 3 5 3 3 1 8 7 1 3 1 1 3 4 1 7 0 1 4 4 3 6 3 0 5 6 6 3 5 7 2 4 7 1 6 4 5 3 1 3 3 3 8 1 6 1 1 4 2 6 5 2 3 3 7 1 3 7 0 3 3 6 7 3 5 5 3 7 2 3 6 7 1 2 3 6 3 3 7 2 7 1 1 2 3 3 2 7 1 2 3 8 1 3 6 1 2 4 3 4 4 2 3 5 3 7 7 3 6 7 6 6 0 0 2 4 7 8 2 1 7 6 7 1 6 7 2 7 7 6 3 8 4 3 6 1 1 4 4 5 0 4 7 3 2 2 6 6 2 4 4 4 6 6 4 3 7 4 2 2 2 5 2 3 5 4 3 1 4 1 4 4 6 7 6 3 3 6 3 6 3 3 3 1 0 4 5 5 1 2 3 3 8 2 0 1 8 1 6 3 8 3 1 1 0 1 7 1 7 6 6 3 3 3 2 1 2 3 7 5 2 6 4 3 1 1 3 6 7 3 4 7 2 0 5 6 4 5 6 
1 3 7 5 10 12 1 11 7 4 7 4 6 1 5 6 4 7 4 10 5 8 1 8 5 1 9 8 7 7 4 3 1 8 5 8 6 5 9 6 4 8 7 5 9 8 7 1 7 6 9 4 12 8 3 2 3 4 1 10 3 8 1 4 4 1 5 8 6 5 1 3 4 6 4 3 9 4 1 0 8 7 6 0 4 9 6 6 2 4 8 5 3 6 6 9 1 9 7 5 3 5 1 11 2 7 5 5 8 3 7 2 3 7 6 7 5 0 10 4 6 5 8 10 1 9 8 1 10 5 6 9 7 1 6 1 8 1 6 6 1 6 3 5 6 7 0 5 6 6 6 1 11 4 5 4 1 4 8 3 8 2 3 1 9 3 9 6 7 7 10 8 7 3 4 4 6 9 11 4 5 7 5 10 3 9 9 2 11 5 7 3 11 8 6 6 6 4 8 7 7 5 8 10 2 5 6 6 8 6 1 8 8 8 8 0 5 10 8 5 5 5 4 1 5 8 2 7 5 8 4 8 0 5 10 8 5 1 10 5 8 2 4 6 1 4 7 8 5 5 2 7 4 11 1 4 5 11 3 6 7 11 6 1 5 4 5 8 4 7 7 9 3 7 6 5 3 6 3 7 9 1 7 6 3 3 3 6 6 10 3 8 9 2 5 8 9 6 7 10 
28 50 71 58 51 30 63 61 68 63 40 29 75 30 18 53 64 35 33 47 20 58 38 72 64 46 45 55 61 23 23 56 26 68 13 69 55 72 48 22 60 45 70 20 28 60 42 62 50 18 42 38 59 41 73 61 47 18 19 11 32 35 25 48 38 44 41 62 19 55 36 51 64 13 44 34 60 28 51 39 40 69 54 46 67 62 43 48 28 75 20 62 27 37 38 59 35 67 28 61 40 30 36 44 50 46 50 34 23 19 49 20 15 23 23 64 17 59 47 69 50 43 48 30 24 35 17 41 21 59 29 42 65 68 22 42 72 36 13 35 34 19 19 34 71 21 54 46 32 49 41 20 49 39 40 30 41 72 25 66 33 58 47 71 68 16 33 64 15 31 31 46 40 34 16 60 33 62 39 27 67 37 28 13 61 71 21 31 64 32 51 60 37 36 35 37 50 58 61 15 30 72 40 68 63 57 37 38 30 25 60 59 69 40 41 59 67 59 69 48 18 63 51 50 43 24 71 33 69 49 59 46 57 68 71 16 67 76 30 52 64 28 18 62 19 60 14 64 73 36 52 21 67 49 70 43 68 14 63 44 18 69 42 44 52 46 57 31 20 43 44 37 63 12 23 22 36 50 66 68 60 34 55 24 22 40 42 32 18 14 46 62 37 34 37 38 28 18 26 68 
13 24 40 30 32 22 30 37 39 33 20 12 42 14 12 30 34 17 19 30 14 32 18 37 29 24 27 33 31 13 14 30 12 35 10 36 26 37 30 13 32 28 40 13 20 35 24 31 29 13 27 21 37 23 34 29 25 12 8 12 15 23 11 27 21 21 21 37 14 25 17 23 29 10 24 15 36 13 25 20 22 36 31 23 32 33 25 28 16 40 15 29 15 23 19 35 18 38 16 29 22 18 18 29 23 27 25 16 15 10 29 12 8 13 14 37 6 29 30 33 28 24 29 21 11 22 14 20 17 31 17 27 37 32 11 21 41 17 9 22 17 14 7 15 36 14 27 24 20 23 23 9 32 19 22 18 18 37 14 35 18 30 25 34 36 9 23 36 9 21 22 29 25 16 8 32 20 37 27 15 33 23 18 13 28 41 17 15 39 20 30 31 26 19 20 22 26 29 35 11 20 35 22 41 32 30 19 23 21 13 31 34 38 26 26 30 37 36 38 25 10 33 29 25 25 17 37 17 32 28 30 26 29 37 42 13 36 38 21 28 37 15 11 34 7 27 11 37 40 18 26 14 36 32 35 20 34 14 29 26 9 41 24 22 27 22 27 21 10 26 27 24 33 9 15 12 17 25 35 39 36 17 32 16 12 20 20 19 14 13 24 32 25 15 17 24 19 13 18 40 
10 8 2 5 3 2 10 1 5 3 8 7 4 9 6 3 5 8 6 0 6 6 8 7 8 8 5 3 6 7 3 7 11 8 2 7 9 5 0 5 5 2 3 6 3 4 5 6 5 4 3 4 3 6 9 8 6 6 10 2 7 2 10 7 2 9 5 3 4 8 9 9 9 2 5 8 1 6 6 9 8 7 4 9 5 8 5 5 5 6 3 8 6 4 6 0 8 5 5 7 6 2 8 3 8 3 5 7 5 6 3 8 6 7 3 4 8 10 3 6 1 4 1 0 9 5 2 10 0 4 3 1 3 7 8 8 1 9 4 5 6 4 8 7 7 4 9 5 6 8 3 9 2 6 4 7 8 5 7 6 7 7 3 10 8 6 0 5 6 3 3 1 3 7 4 3 3 0 2 5 6 4 6 2 9 0 0 8 2 5 4 6 2 8 4 5 5 5 5 4 2 7 8 0 7 5 6 4 0 6 8 4 5 1 1 9 2 3 5 5 5 5 6 6 2 1 7 7 8 5 6 6 9 6 1 1 2 8 4 4 0 5 3 1 8 8 2 2 4 5 7 4 3 2 6 7 5 3 9 4 8 2 4 6 5 6 7 1 6 4 3 2 4 5 2 5 7 7 6 5 3 6 2 3 6 7 7 3 4 0 6 8 0 9 6 1 2 1 0 3 
4 3 6 3 9 10 4 9 4 2 8 5 3 3 2 5 1 7 1 8 3 8 2 8 6 1 8 5 7 7 2 0 4 9 3 8 7 4 7 5 2 5 5 2 8 7 7 0 4 3 8 1 10 8 4 3 1 1 4 8 3 7 4 1 2 3 5 6 3 6 3 5 5 4 2 4 6 4 1 2 9 7 3 2 4 9 3 3 0 1 5 6 0 3 6 7 1 8 7 6 1 3 2 9 4 4 4 5 8 3 4 0 2 8 4 4 6 3 9 4 4 4 6 8 3 9 6 4 8 4 5 7 4 2 7 1 6 3 5 3 0 3 4 5 7 6 2 4 3 6 5 3 9 3 4 1 3 3 8 1 8 0 2 3 9 1 7 3 7 5 9 7 5 3 4 2 4 7 9 3 6 4 2 8 5 7 7 2 9 3 4 1 9 8 4 3 5 4 7 6 6 5 9 7 0 5 7 3 5 7 0 7 7 6 6 2 3 9 7 4 4 4 2 0 3 6 0 7 6 8 3 8 1 2 8 6 3 2 9 3 5 0 1 4 3 5 5 6 3 5 2 6 1 9 0 5 5 9 4 3 8 9 5 0 5 4 6 5 4 4 4 7 1 7 4 4 3 7 1 4 7 0 5 5 1 2 3 5 4 8 2 8 7 3 5 7 7 4 5 8 
5 3 2 0 4 6 5 5 6 0 4 2 5 4 5 1 3 4 4 5 6 3 4 4 4 5 3 5 3 3 2 5 6 4 1 4 4 0 5 1 3 4 5 5 3 2 2 3 6 4 3 3 6 3 4 3 3 5 5 4 2 3 5 5 1 5 0 5 5 3 5 4 4 0 3 3 5 1 2 5 4 3 4 5 1 5 5 5 3 4 5 4 4 5 1 4 5 3 2 3 3 1 4 5 3 4 0 2 3 2 4 5 2 3 1 5 3 5 5 1 1 0 3 5 5 4 2 6 5 0 1 4 5 3 3 4 3 4 0 5 3 5 3 2 3 1 5 0 6 3 0 4 5 1 1 5 4 1 4 3 4 4 0 5 5 3 4 6 2 4 4 3 4 2 0 1 1 4 6 1 2 6 5 4 4 4 4 3 5 5 5 3 6 4 1 5 1 0 3 1 2 2 5 5 4 0 2 4 4 2 5 2 2 4 3 5 1 5 2 0 0 0 5 2 1 3 4 3 3 3 1 3 5 5 4 4 1 4 4 1 4 3 1 1 4 3 2 2 3 0 3 2 2 5 3 2 1 5 4 4 4 5 1 2 1 1 2 4 1 6 4 3 2 2 0 0 2 3 3 6 3 2 4 1 3 2 2 1 5 5 2 4 4 4 1 3 3 2 2 4 
2 3 7 4 9 11 2 10 6 3 7 4 5 1 4 6 3 7 3 9 5 8 1 8 5 0 9 7 7 7 3 2 2 8 4 8 6 4 9 6 3 7 7 4 8 8 7 0 6 5 8 3 11 8 3 2 2 3 2 9 3 8 2 3 4 1 5 7 5 5 2 4 4 5 3 3 8 4 1 0 8 7 5 1 4 9 5 5 2 3 7 6 2 5 5 8 1 9 7 5 3 4 0 10 2 6 4 5 8 3 6 2 3 7 5 6 5 1 10 4 5 5 7 9 1 9 7 2 9 5 6 9 6 1 6 0 7 1 5 5 0 5 3 5 6 7 0 4 5 5 5 1 10 3 5 3 1 4 8 2 8 1 3 1 9 2 9 5 7 7 10 8 6 3 4 3 5 8 11 4 5 6 4 9 3 8 9 1 10 5 6 2 10 8 5 5 5 4 8 7 7 4 8 9 1 5 6 5 7 6 1 8 8 7 7 0 4 10 8 4 4 5 4 0 4 7 1 7 5 8 3 8 0 4 9 7 4 0 9 4 7 1 3 5 1 4 6 7 5 5 2 7 3 10 0 4 5 10 3 5 7 10 6 0 5 4 5 7 4 6 6 8 3 7 5 4 3 6 3 6 8 0 7 6 2 2 2 6 6 9 3 8 9 2 4 8 8 6 7 9 
6 6 6 5 9 9 6 9 2 3 10 7 1 5 0 5 2 9 1 7 0 9 4 10 8 3 9 4 9 9 2 1 6 10 3 10 9 5 7 7 2 4 4 1 8 8 8 2 2 2 8 0 10 9 6 5 2 0 6 8 5 7 6 0 2 6 6 4 1 8 6 7 7 5 3 6 6 6 3 4 10 9 2 5 6 11 2 1 0 1 4 8 2 1 7 6 3 9 8 8 2 3 4 9 6 3 5 7 9 4 4 2 4 9 5 3 8 5 9 6 4 5 5 7 5 10 7 6 8 5 5 7 2 5 9 4 5 5 6 1 2 1 6 7 8 7 4 5 1 8 6 5 9 5 4 0 5 5 10 2 10 2 3 6 11 3 7 1 8 4 9 7 4 5 5 2 5 7 9 4 7 2 1 8 7 6 7 4 9 0 2 3 9 10 5 2 7 5 8 7 6 7 10 7 3 6 8 2 4 8 3 8 8 5 6 4 3 9 8 5 6 5 1 2 3 6 2 9 8 9 5 10 4 0 7 5 3 4 9 4 4 1 2 4 5 7 6 6 3 6 4 8 1 9 2 7 7 9 7 2 9 9 7 2 7 6 8 4 6 2 3 8 1 8 5 5 5 9 2 2 8 2 4 6 3 4 5 6 2 7 3 10 7 6 7 7 7 4 5 9 
1 2 8 5 10 12 0 11 7 4 7 4 7 1 5 6 4 6 4 10 6 8 1 8 5 2 9 8 6 7 5 3 0 8 5 7 5 5 10 6 4 8 8 6 9 8 7 1 7 7 9 4 12 8 2 2 4 5 0 10 3 8 0 4 5 0 5 9 7 4 0 3 3 6 4 2 9 4 1 1 8 7 6 0 4 9 7 7 3 4 8 5 4 6 5 9 2 9 7 5 4 5 1 11 1 7 4 5 8 4 7 3 4 7 6 8 4 0 10 4 6 5 8 10 0 9 8 0 10 5 6 9 7 0 6 1 8 0 6 7 1 7 2 4 6 7 0 5 7 5 6 0 11 4 5 5 0 4 7 4 8 3 4 0 8 4 10 7 6 8 10 9 8 3 4 4 6 9 12 4 5 7 6 10 3 9 10 2 11 6 7 3 11 7 6 6 5 4 8 7 8 4 8 10 3 5 6 7 8 6 2 8 8 9 8 1 6 10 8 5 5 5 5 2 5 8 3 6 5 8 4 8 1 5 10 8 5 1 10 5 8 3 4 6 0 4 7 8 6 5 2 7 4 11 1 4 5 11 2 6 7 11 6 1 5 4 5 8 4 7 8 9 4 7 6 5 3 6 4 7 9 2 8 7 3 3 3 6 7 10 4 8 9 1 4 8 9 7 8 10 
69 139 206 167 151 80 172 175 187 183 114 79 210 75 38 153 180 96 85 133 44 171 98 209 181 123 135 150 178 65 58 152 59 198 33 203 157 208 135 64 168 124 197 43 85 182 123 175 133 41 127 101 170 118 206 169 127 38 40 30 84 103 58 128 105 117 118 173 42 157 93 140 182 37 120 91 171 77 144 100 114 203 150 123 196 180 114 127 72 211 47 175 67 96 112 170 87 201 81 174 108 81 92 127 140 125 143 96 68 48 136 44 36 65 63 180 43 160 139 202 146 124 135 80 57 105 49 106 55 172 81 121 180 193 60 110 207 93 33 91 91 42 44 95 209 63 147 131 80 138 121 45 139 107 112 74 110 209 71 186 95 158 136 196 198 36 91 175 40 83 90 133 107 91 45 172 93 176 110 71 197 96 67 36 170 206 55 80 187 79 138 169 104 102 100 96 147 167 182 44 86 210 114 195 175 166 106 102 81 70 165 176 207 111 116 159 195 175 207 136 46 184 139 138 123 68 200 95 199 147 167 136 153 188 205 39 195 212 91 148 183 72 46 182 44 169 38 188 209 105 145 63 190 139 199 120 202 37 176 120 48 199 123 120 153 132 162 82 53 115 119 108 179 33 67 58 97 144 186 187 181 90 154 69 55 109 115 93 42 32 126 180 103 86 106 109 79 49 73 205 
36 70 106 84 79 46 87 93 99 93 55 39 110 39 23 78 93 46 46 72 27 85 51 103 89 64 68 80 87 30 32 79 31 97 19 100 77 105 73 31 86 67 103 26 45 92 61 89 71 25 66 54 90 58 103 86 66 23 21 19 43 54 30 68 55 60 59 92 26 77 48 70 91 20 62 46 91 38 73 52 56 99 79 63 96 89 61 68 39 109 28 86 37 53 53 90 46 101 40 86 57 43 48 68 70 67 72 47 34 25 72 25 19 30 33 95 20 82 73 99 75 63 72 45 30 53 27 55 33 87 42 65 95 97 28 57 107 48 18 50 47 26 22 46 102 31 76 66 45 68 61 24 75 54 58 41 55 105 34 96 46 82 69 99 98 20 51 93 18 46 49 70 58 45 21 88 49 93 61 37 96 53 38 23 85 107 33 41 99 44 74 86 57 49 51 52 71 84 92 23 46 104 56 103 90 83 51 55 45 33 85 89 103 60 62 82 100 92 103 69 23 92 73 71 64 37 102 45 98 72 84 67 79 98 107 24 100 108 48 76 96 38 25 93 22 84 22 97 108 51 74 31 98 75 101 59 98 23 88 64 22 105 62 61 74 65 80 46 26 62 64 58 92 16 35 30 49 70 95 99 93 47 81 36 29 55 58 48 25 21 65 88 56 44 51 58 43 28 40 105 
6 5 5 4 8 8 6 8 1 2 9 7 1 6 0 5 2 9 1 6 0 8 5 9 8 3 9 3 8 9 1 2 6 10 2 9 9 4 6 6 2 4 3 0 8 7 7 2 1 2 8 0 9 9 6 5 2 0 6 8 5 7 6 1 2 6 6 3 0 8 6 7 7 4 2 6 5 6 3 4 10 9 1 5 6 10 1 0 0 1 3 8 1 0 7 6 3 9 7 8 2 2 4 9 6 2 5 7 8 4 3 2 4 9 4 2 7 5 9 6 3 4 4 6 5 9 6 6 7 5 5 7 1 5 8 4 4 5 5 0 2 1 6 7 8 7 5 5 0 8 5 5 8 4 4 1 5 4 9 2 9 2 2 6 10 2 6 1 8 3 8 6 3 5 5 2 4 6 8 4 7 1 0 8 7 6 6 4 8 0 2 2 8 10 4 1 6 5 8 6 5 6 10 6 3 6 8 1 4 8 3 8 8 4 5 4 2 8 8 4 5 5 0 2 2 5 3 8 8 8 4 9 4 0 7 5 2 4 8 4 4 1 1 3 5 7 5 5 2 6 4 7 1 8 2 6 6 9 7 1 9 8 6 2 6 6 7 3 5 1 3 7 0 7 4 5 5 8 2 1 7 2 3 5 3 4 4 5 2 6 3 10 6 6 6 6 6 4 4 8 
3 1 5 2 6 9 3 8 8 2 3 0 7 3 6 4 4 2 5 7 7 4 3 3 1 4 5 8 2 3 4 5 5 4 4 3 2 2 7 2 4 7 7 6 5 4 3 2 7 6 5 4 8 3 1 2 4 6 4 6 1 5 4 6 3 3 1 8 7 1 3 1 1 3 4 1 7 0 2 5 4 3 6 3 0 4 6 7 4 5 7 1 5 7 1 6 5 5 3 1 4 4 3 7 1 6 1 0 4 2 6 5 2 3 3 7 0 4 7 0 3 3 6 7 3 5 5 4 7 2 3 6 7 1 2 3 6 3 3 7 2 7 1 0 2 3 4 2 7 1 2 3 8 1 3 6 1 2 3 4 4 4 2 3 4 3 7 7 2 7 7 6 7 1 0 2 4 7 8 3 1 7 7 6 1 6 7 2 7 7 7 3 8 3 3 6 1 1 4 3 5 0 4 8 4 2 2 6 6 2 5 4 4 7 6 4 4 7 4 2 2 2 6 2 4 5 4 2 1 3 2 4 4 6 7 6 3 3 6 3 6 3 3 3 2 0 4 5 5 1 2 3 4 8 3 0 1 8 2 6 3 8 3 2 1 0 1 7 1 7 7 6 4 3 3 2 1 2 4 8 5 2 6 4 3 2 2 3 7 7 3 4 7 2 0 5 6 4 5 6 
5 4 6 4 9 10 4 9 3 2 9 6 3 4 1 5 1 8 0 8 2 8 3 9 7 1 9 5 7 8 2 0 4 9 3 9 8 4 7 6 2 5 4 2 8 8 7 1 3 3 8 1 10 8 5 3 1 1 4 8 4 7 4 0 2 4 5 5 2 7 4 5 6 4 2 5 6 5 1 2 9 8 3 3 5 10 3 2 0 0 5 7 0 2 6 7 1 9 7 7 1 3 2 9 4 4 4 6 8 3 4 0 3 8 5 4 6 3 9 5 4 4 6 7 4 9 7 4 8 5 5 7 3 3 8 2 5 3 5 2 1 3 5 6 7 7 3 4 2 7 5 4 9 4 4 1 4 4 9 1 9 1 2 4 10 2 7 2 7 4 9 7 4 4 5 2 5 7 9 3 6 3 2 8 5 7 7 3 9 2 3 2 9 9 4 3 6 4 8 7 6 5 9 7 1 5 7 3 5 7 1 8 8 6 6 3 3 9 8 4 5 5 1 1 3 6 1 8 7 8 4 9 2 1 8 6 3 2 9 4 5 0 2 4 4 6 6 6 3 5 3 7 1 9 0 5 6 9 5 3 8 9 6 1 6 5 6 5 5 3 4 8 1 7 5 4 4 7 2 3 8 1 5 5 2 3 3 5 3 7 2 9 7 4 5 7 7 4 5 9 
18 28 40 32 29 20 35 35 40 35 18 16 43 18 15 30 37 17 22 28 16 29 23 35 33 28 24 34 29 11 16 33 17 33 11 33 28 39 30 13 34 28 41 16 18 33 22 35 31 14 25 24 35 19 39 33 28 15 13 9 19 21 16 30 23 26 23 37 16 29 22 27 34 10 26 20 36 16 29 24 19 34 33 27 34 29 27 30 18 43 16 32 18 25 19 35 22 35 15 31 24 19 22 26 27 28 27 18 11 13 30 15 11 11 15 38 10 34 27 35 28 25 29 20 16 18 12 24 16 32 18 26 38 37 11 25 41 22 9 24 21 16 12 17 34 13 31 26 22 25 22 14 29 22 23 21 23 39 12 38 15 34 27 39 32 12 21 38 8 21 20 27 25 19 9 33 20 36 25 17 33 25 20 11 33 40 16 19 37 22 31 34 24 16 21 24 25 32 32 10 19 38 19 40 36 31 17 25 20 11 35 31 36 26 25 34 37 34 36 27 11 34 31 29 26 16 40 15 36 23 32 22 33 40 40 13 37 42 18 30 37 18 13 35 12 31 11 36 41 19 30 13 38 29 39 23 34 12 34 28 9 39 23 25 26 25 29 21 12 28 28 23 36 7 14 14 21 25 37 40 34 21 33 16 15 23 24 19 15 12 27 30 23 20 19 23 18 13 17 37 
9 7 1 4 4 3 9 3 3 2 8 7 3 8 5 2 4 8 5 1 5 6 7 7 8 7 5 2 6 7 2 6 9 8 1 7 8 4 1 4 4 1 2 4 4 4 5 5 4 2 4 3 4 7 8 7 5 5 9 3 6 3 9 6 1 8 5 2 3 7 8 8 8 1 4 7 0 5 5 8 8 7 3 8 5 8 3 4 4 5 1 8 5 3 5 1 7 5 5 7 4 1 7 4 7 2 5 6 5 5 1 6 5 7 3 2 7 8 4 5 1 3 0 1 8 6 2 9 2 4 3 2 2 6 7 7 0 8 3 3 5 3 7 6 7 4 8 4 5 7 2 8 3 5 3 5 7 4 7 4 7 6 2 9 8 5 1 4 6 1 4 2 1 6 4 2 2 1 3 4 6 3 4 3 8 1 1 6 3 4 3 5 3 8 3 3 4 5 5 4 2 6 8 1 6 4 6 3 0 6 7 5 5 0 0 8 0 4 5 4 4 4 4 5 1 1 6 7 7 6 5 6 7 5 2 0 1 7 4 3 0 4 2 0 7 7 2 2 2 4 6 4 2 3 5 6 5 4 8 3 8 3 4 5 4 6 7 0 5 3 2 3 2 5 2 4 6 7 4 4 3 4 1 3 5 6 6 3 3 1 4 8 1 8 5 2 2 0 0 4 
25 46 71 55 54 33 59 64 66 61 39 26 74 26 16 52 62 33 31 49 18 58 34 71 61 43 47 54 60 22 21 53 22 68 12 69 53 69 49 20 57 45 69 17 31 62 42 59 48 17 45 36 62 41 69 57 44 15 15 14 28 37 21 46 36 41 38 62 18 52 33 47 61 13 41 31 61 25 48 35 40 68 53 43 64 62 41 46 25 73 20 59 24 36 37 60 31 69 27 58 37 28 32 48 47 45 46 31 24 16 48 17 12 23 22 64 14 55 51 66 50 41 48 31 20 38 19 37 23 56 27 44 64 64 20 38 72 32 11 34 31 18 15 31 70 21 51 42 30 46 40 16 52 35 38 28 37 69 25 63 33 55 45 67 68 13 35 62 13 31 35 48 39 30 13 57 32 63 42 24 65 36 26 17 57 72 23 27 67 30 49 57 40 36 33 35 48 54 62 16 31 69 40 70 60 54 36 37 31 24 57 60 70 41 42 55 66 63 70 45 14 60 49 46 42 25 68 32 66 50 55 47 53 66 73 16 66 72 34 50 65 25 16 62 15 56 14 65 72 34 49 22 65 52 67 39 66 18 59 43 17 72 41 40 50 43 54 31 16 42 43 40 61 12 23 19 32 48 63 67 63 30 55 24 19 36 38 31 17 15 43 62 39 30 34 39 30 18 27 72 
7 5 2 3 6 6 7 5 2 1 8 6 1 6 3 3 2 8 3 4 3 6 6 8 7 5 6 1 7 7 0 4 8 8 0 8 8 3 3 5 2 1 1 2 5 5 6 3 2 0 5 0 6 7 6 5 3 3 7 5 5 4 7 3 0 7 4 2 1 7 7 7 7 2 2 6 2 5 3 6 8 7 1 6 5 9 1 2 2 3 1 8 3 1 5 3 5 6 5 7 2 0 5 6 6 0 4 6 6 3 0 4 3 7 2 1 7 7 6 5 1 3 2 3 6 7 4 7 4 3 3 4 1 5 7 5 2 6 3 2 3 1 6 6 7 5 6 4 3 7 3 6 5 4 2 3 6 3 8 3 8 4 1 7 9 3 3 2 6 1 6 3 0 5 4 1 2 3 6 3 6 2 2 5 7 3 3 5 5 2 1 3 5 8 2 1 5 4 6 4 3 5 8 3 4 4 6 0 1 6 5 5 6 2 2 6 0 6 5 3 4 3 2 3 0 3 4 7 7 6 4 7 6 3 4 2 0 5 6 2 1 2 0 1 6 6 3 3 0 4 4 5 0 5 3 6 5 6 7 1 8 5 4 3 4 5 6 1 4 2 0 4 0 6 2 3 5 7 2 2 5 3 1 3 3 4 5 3 1 3 3 8 3 6 5 3 4 1 2 6 
4 2 4 1 6 8 4 7 4 0 6 3 4 3 3 3 1 5 2 6 4 5 2 6 4 2 6 5 5 5 1 2 4 6 1 6 5 1 6 3 1 4 4 3 5 5 4 0 4 3 6 1 8 6 3 2 1 3 4 6 1 5 4 3 1 3 2 5 4 4 3 3 4 2 1 3 5 2 0 3 7 5 3 3 2 7 3 4 0 2 5 5 1 4 3 5 3 6 4 4 1 1 2 7 3 3 2 3 5 0 3 2 0 5 2 4 4 4 7 2 2 2 4 6 3 6 4 4 6 2 2 6 4 2 5 2 4 3 2 4 0 4 3 3 5 4 3 1 4 4 2 3 7 1 1 3 2 1 6 0 6 2 0 4 7 0 6 4 4 4 7 5 4 2 2 0 2 5 8 0 3 4 3 6 3 5 6 1 7 4 4 0 7 6 2 3 3 1 5 4 4 3 7 6 1 3 4 3 4 4 2 5 5 4 4 3 1 7 5 1 2 2 2 0 1 4 1 5 4 5 1 6 3 3 6 4 1 2 6 1 4 0 0 2 3 3 3 4 2 2 1 4 0 7 0 3 3 7 3 3 5 7 3 0 3 2 4 4 2 4 4 5 0 4 2 2 1 5 0 4 5 0 4 3 0 1 1 3 3 6 0 6 6 3 3 5 5 3 4 6 
0 2 7 4 10 12 0 11 8 4 6 3 7 0 5 6 4 6 4 10 6 7 1 7 4 2 8 8 6 6 5 4 1 7 5 7 5 5 10 6 4 8 8 6 9 8 7 1 7 7 9 5 12 7 2 2 4 5 0 9 3 8 0 5 5 0 5 9 7 4 0 2 3 6 4 2 9 4 1 2 8 7 6 0 3 8 7 7 3 4 8 4 4 7 5 9 3 8 7 5 4 5 1 11 1 7 4 4 8 3 7 3 3 7 6 8 4 0 10 3 6 5 8 10 0 9 8 0 10 5 6 9 8 0 6 1 8 0 6 7 1 7 2 4 5 7 1 4 7 5 6 0 11 4 5 5 0 4 7 4 7 3 4 0 8 4 10 7 6 8 10 8 8 3 4 4 6 9 11 4 4 8 6 10 2 9 10 2 11 6 7 3 11 7 6 7 5 4 8 7 7 4 8 10 3 5 5 7 8 6 2 8 8 8 8 1 5 10 8 5 5 5 5 2 5 8 3 6 4 7 4 8 2 6 10 8 5 1 9 5 8 3 4 6 0 3 7 8 6 4 2 7 4 11 1 4 5 11 2 6 6 11 6 1 5 4 4 8 4 7 8 9 4 7 6 5 2 6 4 8 9 2 8 6 3 2 2 6 7 10 4 7 9 1 4 8 8 6 7 9 
2 0 5 2 7 9 2 8 6 2 5 2 6 1 5 4 3 4 3 8 6 5 1 5 3 2 6 7 4 4 3 3 3 6 3 5 4 2 7 3 3 6 6 5 6 5 5 0 6 5 6 3 9 5 1 0 2 4 2 7 0 6 2 4 3 2 2 7 6 3 2 2 2 3 3 1 7 2 0 3 6 5 5 2 1 6 5 6 2 3 7 3 3 6 3 7 3 6 4 3 2 3 1 8 1 5 2 2 5 1 5 3 1 5 4 6 2 2 8 1 4 3 6 8 1 6 5 2 8 3 4 7 6 0 4 1 6 1 3 6 1 6 1 2 4 4 2 2 6 3 3 1 9 1 3 4 0 2 5 2 5 3 1 2 6 2 7 6 4 6 8 6 6 0 2 2 4 7 9 2 3 6 5 7 1 6 7 0 8 5 6 2 9 5 3 5 3 2 5 4 5 2 6 8 2 3 4 5 6 4 3 5 5 6 6 2 3 8 5 2 2 3 4 1 3 6 2 4 3 5 1 6 2 5 7 6 3 1 7 3 6 2 2 3 1 2 5 5 4 2 0 5 3 9 1 2 3 8 1 5 4 8 4 0 3 2 3 6 2 6 6 6 2 5 3 2 0 4 2 6 6 0 6 4 2 0 0 4 6 8 2 6 7 1 2 6 6 4 5 7 
9 7 1 4 2 2 9 1 6 3 6 6 5 8 7 2 5 7 6 0 7 4 8 6 7 8 4 5 5 6 3 7 10 6 2 6 7 4 2 4 5 3 4 6 2 2 4 6 6 4 2 4 2 5 8 7 6 7 9 1 6 1 9 7 2 9 4 4 5 7 9 8 8 1 5 7 2 5 5 9 7 5 5 9 4 6 5 6 5 6 4 7 6 5 4 1 8 3 4 6 6 2 8 2 7 4 5 6 3 5 3 8 5 6 3 4 7 9 2 4 1 3 2 1 9 4 1 10 1 3 2 0 5 7 6 8 2 8 3 6 6 5 8 6 5 3 9 4 7 6 1 8 1 5 3 7 8 5 6 6 6 7 3 9 6 6 0 6 5 3 1 0 4 6 3 3 2 1 2 4 5 5 6 1 8 0 0 7 1 6 5 6 1 6 3 5 3 5 3 2 1 6 7 2 7 4 5 5 2 5 8 3 3 2 1 9 2 2 3 4 4 4 6 6 2 1 7 5 7 4 5 5 9 7 0 2 2 8 2 4 2 5 3 1 8 7 2 1 4 4 6 3 4 1 6 6 4 2 8 5 6 1 3 6 3 5 6 2 5 5 4 1 4 4 1 4 6 6 5 6 1 6 3 2 6 6 6 2 5 1 5 6 0 8 5 0 0 0 0 2 
15 25 37 29 31 20 32 35 33 30 25 16 36 15 7 28 29 21 14 27 9 34 18 41 35 22 28 27 35 16 8 26 13 39 6 40 31 36 27 14 27 23 35 8 20 35 25 29 24 8 27 16 36 25 37 30 21 7 10 11 16 22 13 22 17 23 22 32 8 30 19 27 34 8 19 18 32 15 24 19 26 39 25 23 35 37 20 22 11 35 10 34 11 17 23 32 16 39 18 33 17 13 17 28 26 22 26 20 17 9 24 8 6 16 12 32 11 29 30 36 26 22 25 18 12 24 12 21 15 31 16 25 32 34 15 20 37 18 8 16 15 8 10 20 40 15 27 23 15 27 23 10 30 19 20 13 21 36 18 30 22 27 22 36 40 6 20 31 11 16 22 26 20 17 10 28 17 34 25 12 37 18 12 12 32 38 14 15 38 14 24 28 24 23 18 17 28 30 36 11 18 38 26 37 29 30 22 18 16 16 29 34 39 22 23 29 33 36 39 24 10 33 23 22 21 15 34 21 37 30 29 29 27 32 39 10 33 37 21 25 33 11 6 31 10 32 9 35 35 20 25 15 30 30 33 23 37 13 33 20 14 40 24 20 29 25 31 16 11 21 22 23 28 10 13 11 18 29 30 33 35 14 28 14 9 19 20 18 8 10 20 36 22 17 21 22 18 10 15 40 
28 50 71 58 51 30 63 61 68 63 40 29 75 30 18 53 64 34 33 47 20 57 38 71 63 46 45 55 60 23 23 56 26 68 13 69 55 72 48 22 60 45 70 20 28 60 41 62 50 18 42 38 59 40 73 60 47 18 19 11 31 35 25 48 38 44 41 62 19 55 36 50 64 13 44 34 61 28 51 39 40 69 54 46 67 62 43 48 28 75 20 61 27 37 38 59 35 67 27 60 40 30 36 44 50 46 50 34 22 19 49 20 15 23 23 65 17 59 47 69 50 43 48 30 24 35 17 41 21 59 29 43 65 68 22 42 72 36 13 35 34 19 18 34 71 21 54 46 32 48 40 20 49 38 40 30 41 72 25 66 33 58 47 70 68 16 33 64 14 32 31 46 40 33 16 60 33 62 40 26 67 37 28 14 60 71 21 31 65 32 51 60 38 36 35 37 49 58 60 15 30 72 40 68 63 57 37 38 30 25 60 58 69 41 41 59 67 60 69 48 17 63 51 50 43 24 71 33 69 49 58 46 57 68 71 16 67 76 30 52 64 28 18 62 19 59 14 64 73 36 52 21 67 49 70 43 68 14 63 44 18 69 42 44 51 46 56 31 20 44 44 37 63 11 23 21 36 50 66 68 61 34 55 24 22 40 42 32 18 14 46 62 37 33 37 38 28 18 26 68 
3 2 6 3 7 9 4 8 9 3 2 0 8 3 7 4 5 1 6 8 8 4 4 3 0 5 5 9 2 2 5 6 5 3 5 2 1 3 8 3 5 8 8 7 6 5 3 3 8 7 6 5 9 3 2 2 5 7 4 7 2 6 4 7 4 4 2 9 8 0 3 1 1 4 5 1 8 1 2 5 3 3 7 4 0 4 7 8 5 6 8 0 6 8 1 7 6 5 3 0 5 5 4 8 1 7 2 1 4 3 7 6 3 3 4 8 0 4 7 0 4 4 7 8 3 5 5 4 8 3 4 7 8 1 1 4 7 3 4 8 3 8 2 0 1 3 4 3 8 0 3 3 8 2 4 7 2 3 3 5 3 5 3 4 4 4 8 8 2 8 7 6 7 2 1 3 5 8 9 4 0 8 8 7 1 7 8 3 8 8 8 4 9 3 4 7 1 2 4 4 5 1 3 8 5 2 1 7 7 1 5 4 4 8 7 5 5 7 4 3 3 3 7 3 5 6 5 2 0 3 3 4 5 7 8 7 4 4 6 4 7 4 4 4 2 0 5 6 6 1 3 4 5 8 3 1 1 8 2 7 2 8 3 3 1 1 0 8 2 9 8 6 5 3 4 3 2 1 5 9 6 3 7 4 4 3 2 4 8 8 4 3 7 3 0 6 6 5 6 6 
7 6 4 4 7 7 7 7 0 2 9 7 0 7 2 4 2 9 2 5 1 8 6 9 8 5 8 1 8 8 1 3 8 10 1 9 9 4 4 6 2 2 1 1 7 7 7 3 0 1 7 0 8 9 7 6 3 2 7 6 5 6 7 2 1 7 6 2 0 8 7 8 8 3 2 7 4 6 3 5 10 8 0 6 6 10 0 0 1 2 2 9 3 0 7 4 5 8 7 8 3 1 5 8 7 1 5 7 8 4 1 3 4 9 4 1 8 7 8 6 3 4 3 5 7 8 5 7 6 5 4 5 0 6 8 5 3 6 5 0 3 0 7 7 8 6 6 5 1 8 5 6 7 5 4 2 6 4 9 3 9 4 2 7 10 3 5 0 7 2 7 5 1 6 5 2 4 4 7 4 7 0 1 7 7 4 5 5 7 0 0 3 7 10 4 0 6 5 7 6 5 7 10 4 4 6 8 0 2 8 4 7 7 3 4 6 2 7 7 4 5 5 1 3 1 4 4 8 8 8 5 9 5 1 5 3 2 5 8 3 2 2 1 3 6 7 4 5 2 6 5 6 1 7 3 7 6 7 7 0 9 7 6 3 6 6 8 2 6 0 1 6 1 7 4 4 5 8 3 0 6 3 2 4 4 5 5 5 0 5 3 10 5 7 6 5 5 3 3 7 
8 6 3 4 2 5 8 4 8 3 3 5 8 7 8 3 6 4 8 4 9 1 7 2 5 8 0 7 2 2 5 8 9 3 4 2 4 4 5 2 6 6 7 8 1 0 1 6 8 7 1 6 4 1 6 6 7 8 8 2 5 2 8 8 4 8 3 7 8 5 8 6 6 2 6 6 5 4 5 9 3 2 7 8 2 3 7 8 6 7 7 5 7 8 1 4 9 0 1 4 6 4 7 3 6 6 4 4 0 5 6 8 5 2 3 7 4 8 2 2 2 4 5 5 8 0 2 9 4 3 3 3 7 6 3 8 5 8 3 8 6 8 6 3 2 1 8 4 9 4 1 8 4 4 4 9 6 4 2 6 2 8 4 8 3 6 4 9 2 6 2 3 6 5 2 4 3 5 5 5 2 8 8 3 6 4 4 6 3 8 7 6 5 3 3 7 1 4 0 1 3 4 3 5 7 3 2 7 5 2 8 0 0 5 4 9 4 2 0 4 3 3 8 6 4 3 7 2 4 0 4 1 8 8 4 5 3 7 1 4 5 6 5 3 6 5 3 3 6 1 6 1 5 4 6 4 1 3 6 7 3 4 2 6 1 4 4 6 4 8 7 2 5 1 1 3 5 3 6 9 2 6 6 3 6 6 6 3 7 5 6 3 4 7 2 3 3 3 3 1 
26 49 73 58 58 35 59 66 62 62 45 30 70 27 10 55 59 38 26 51 13 64 34 77 66 41 53 52 66 28 19 49 22 74 12 75 58 72 50 26 56 44 67 12 36 67 47 58 44 14 50 32 65 47 72 58 41 10 15 18 30 41 21 40 36 41 43 60 13 57 33 50 65 16 40 34 61 29 48 33 46 74 50 42 69 68 38 41 22 68 18 64 21 31 43 62 28 74 33 63 36 28 31 51 49 43 51 36 30 17 47 13 13 28 25 61 19 54 55 71 52 44 49 33 21 43 22 37 25 61 31 47 60 66 26 37 73 32 15 29 29 13 17 37 76 27 50 47 25 51 45 17 54 38 40 22 39 72 31 62 39 52 46 67 74 12 36 57 19 30 39 50 37 33 19 58 34 64 45 25 71 32 21 20 60 74 25 28 70 25 46 56 42 41 36 31 54 59 68 20 34 74 46 70 58 60 41 34 30 30 54 66 76 41 43 54 67 67 76 48 19 65 44 45 42 28 66 38 71 56 58 53 51 60 75 17 67 71 39 52 64 22 15 63 17 60 17 68 70 39 49 27 63 55 65 44 72 21 62 40 23 74 46 40 56 48 59 30 21 38 41 43 58 17 26 22 34 54 62 62 67 29 54 27 18 38 40 35 14 17 42 67 41 31 40 42 32 20 29 76 
9 6 3 4 1 4 9 3 8 4 4 5 7 8 8 3 7 5 8 3 9 2 8 4 6 9 1 7 3 3 5 8 10 4 4 3 5 4 4 3 6 6 6 8 0 1 2 7 8 6 0 6 3 2 7 7 7 8 9 1 6 1 9 9 4 9 4 7 8 5 9 7 7 2 6 7 5 5 6 9 4 3 7 9 3 4 7 8 6 8 6 6 8 8 2 4 9 1 2 5 7 4 8 2 7 6 4 5 0 5 6 9 5 3 3 7 5 9 1 3 2 4 4 4 8 1 2 9 3 3 3 3 7 6 4 8 4 8 3 8 7 8 7 4 3 2 9 4 9 5 1 8 3 5 4 9 7 5 3 7 3 8 4 9 4 6 3 8 3 6 1 2 6 6 2 4 3 4 4 5 3 8 8 2 7 3 3 7 2 8 7 7 4 4 4 7 2 4 1 2 2 5 4 5 7 3 3 7 5 3 9 1 1 5 4 9 3 1 1 4 4 4 8 6 4 3 8 3 5 1 5 2 9 9 3 4 3 8 0 4 4 6 5 3 7 6 3 2 6 2 7 1 5 3 7 5 2 2 7 7 4 3 2 6 2 5 5 5 4 8 6 1 5 2 1 4 6 4 6 8 1 6 5 3 7 6 6 3 7 4 6 4 3 8 3 2 2 3 2 0 
6 4 3 2 3 6 7 5 7 2 3 3 6 6 7 2 5 3 6 4 8 1 6 2 4 7 2 7 1 2 4 6 8 3 3 2 4 2 5 0 5 5 6 7 2 1 0 4 7 5 2 5 5 2 5 5 5 7 7 3 4 2 7 7 3 6 1 7 7 3 6 4 4 1 4 4 5 2 4 7 3 2 6 6 1 3 6 7 5 6 6 4 6 7 0 4 7 1 0 3 5 3 6 4 4 5 2 2 1 3 5 7 3 2 2 6 3 7 3 1 2 2 4 5 6 2 2 7 4 2 2 4 6 4 2 6 4 6 1 7 4 7 4 2 2 0 6 2 8 3 0 6 5 3 3 7 5 2 2 5 2 6 2 7 3 5 4 7 1 5 3 3 5 3 0 3 2 5 5 3 1 7 7 3 4 4 4 5 4 7 6 5 5 3 2 6 0 2 1 0 2 2 3 5 5 1 1 6 5 1 7 1 0 5 4 7 2 3 0 2 2 2 6 4 3 3 6 2 3 1 3 2 7 7 4 4 2 6 2 3 5 4 3 2 5 3 2 2 4 0 4 0 4 5 5 3 0 4 5 6 3 5 0 4 0 2 2 5 2 7 6 2 4 0 0 2 4 2 5 7 2 4 5 2 5 4 4 2 6 5 4 3 4 5 1 3 3 2 3 2 
8 6 2 4 5 5 8 4 2 2 8 7 1 7 4 3 3 8 4 3 3 6 7 8 8 6 6 1 7 7 1 5 9 9 0 8 8 4 2 5 3 0 0 3 5 5 6 4 2 1 5 1 5 7 7 6 4 4 8 4 5 4 8 4 1 8 5 1 2 8 8 8 8 2 3 7 1 5 4 7 9 7 2 7 5 9 2 3 3 4 0 8 4 2 6 2 6 6 5 7 3 0 6 5 7 0 5 7 6 4 0 5 4 7 3 1 7 8 5 5 1 3 1 3 7 7 3 8 3 4 3 3 1 6 8 6 1 7 3 2 4 2 7 7 7 5 7 4 3 7 3 7 4 5 3 4 7 4 8 4 8 5 2 8 9 4 2 3 6 0 5 3 0 6 4 2 3 2 5 3 6 2 3 4 8 2 3 6 5 3 1 4 4 9 3 2 5 5 6 4 3 6 9 2 5 5 7 1 0 7 6 5 6 1 2 7 0 5 6 4 4 4 3 4 0 2 5 7 8 6 4 7 7 4 3 1 1 6 6 3 0 3 1 1 7 7 3 3 1 5 5 5 1 5 4 6 5 5 8 2 8 4 4 4 5 6 7 0 5 2 0 4 1 6 2 4 5 7 3 2 4 4 0 3 4 5 5 3 1 3 4 8 3 7 6 3 3 1 1 5 
1 2 7 4 9 11 0 10 7 3 6 3 6 0 5 6 4 5 4 9 6 7 0 7 4 2 8 8 6 6 4 3 1 7 5 6 5 4 9 5 4 8 7 5 8 7 6 0 7 6 8 4 11 7 1 1 3 4 1 9 2 8 1 4 4 0 4 8 6 4 0 2 3 5 4 2 8 3 1 1 7 6 6 0 3 8 6 6 3 4 8 4 3 6 5 8 2 8 6 4 3 4 0 10 1 7 4 4 7 3 7 3 3 6 5 7 4 0 10 3 5 5 7 9 0 8 7 1 9 5 5 9 7 0 5 1 7 0 5 6 1 6 1 4 5 6 0 4 6 4 5 0 10 3 5 5 0 3 7 3 7 2 3 0 8 3 9 6 6 7 9 8 7 2 3 3 5 9 11 4 4 7 6 9 2 8 9 1 10 6 7 3 10 7 5 6 5 4 7 6 7 4 7 9 2 5 5 6 8 5 2 7 7 8 8 1 5 10 7 4 4 4 5 1 5 7 2 6 4 7 3 7 1 5 9 8 4 1 9 4 7 2 3 5 0 3 6 7 5 4 1 6 4 10 1 3 4 10 2 6 6 10 6 0 4 3 4 8 3 7 7 8 3 6 5 4 2 5 3 7 8 1 7 6 2 2 2 6 6 9 3 7 9 0 4 8 8 6 7 9 
15 25 37 28 31 20 32 35 34 29 24 16 37 15 8 27 30 20 15 27 10 33 18 40 34 22 27 28 34 15 9 27 14 38 5 39 31 35 27 13 28 23 35 9 19 34 24 29 25 8 26 17 35 24 37 30 21 8 10 10 15 21 13 23 17 22 21 32 9 30 18 26 34 7 19 18 32 14 24 19 25 38 26 23 34 36 21 23 12 36 11 33 12 18 21 32 17 38 17 32 18 13 17 27 26 22 25 19 16 8 24 9 6 15 11 32 10 30 29 35 25 21 25 18 12 23 11 21 14 30 15 25 32 34 14 20 37 18 7 17 15 9 10 19 39 14 27 22 16 26 22 10 29 18 19 14 20 35 17 31 21 28 21 36 39 6 20 32 10 16 21 26 20 16 9 27 16 33 25 11 36 19 13 11 31 38 14 14 37 15 25 28 23 22 17 18 27 29 35 10 17 37 25 37 30 29 21 18 16 15 29 33 38 21 22 29 32 35 38 23 9 32 24 23 20 14 34 20 37 29 28 28 28 33 39 9 32 37 21 24 33 12 6 31 10 31 8 34 35 19 25 14 31 29 33 22 36 12 32 21 13 39 23 20 28 24 30 16 10 22 22 22 29 9 12 10 17 28 31 34 34 15 28 13 9 19 20 17 9 10 20 35 21 17 20 22 17 10 15 39 
4 2 4 2 7 8 4 7 4 0 6 4 3 3 2 3 0 6 1 6 3 6 2 7 5 2 6 4 5 6 0 1 4 7 1 6 6 2 6 4 0 4 4 2 6 5 5 0 4 3 6 1 8 6 3 2 0 2 4 6 2 5 4 2 1 3 3 5 3 5 4 4 4 2 0 3 5 3 0 3 7 6 2 3 3 8 3 3 0 1 4 5 1 3 4 5 2 6 5 5 0 1 2 8 3 3 2 4 6 1 3 2 1 6 3 4 4 3 7 3 2 2 4 6 3 7 5 4 6 2 3 6 4 2 5 2 4 3 3 3 0 3 3 4 5 4 3 2 3 5 3 3 7 2 2 2 3 2 6 0 7 1 0 4 8 0 6 4 5 4 7 5 4 2 2 0 3 6 8 1 4 4 3 6 4 5 6 2 7 3 3 0 7 7 2 3 4 2 6 4 4 3 7 6 1 3 5 3 4 5 2 5 5 4 4 3 2 7 5 2 2 2 2 0 1 4 1 5 5 6 1 6 3 3 6 4 1 2 7 2 4 0 0 2 3 4 4 4 2 3 1 5 0 7 0 3 4 8 4 2 6 7 4 0 3 3 4 4 2 4 4 6 0 5 3 2 2 5 0 4 6 0 4 3 0 1 2 3 3 6 0 7 6 3 3 5 5 3 4 7 
2 1 6 3 7 10 3 9 8 3 3 1 8 2 7 5 5 3 5 8 8 5 3 4 1 4 6 8 3 3 5 5 4 4 5 4 2 3 9 3 4 8 8 7 6 5 4 2 8 7 7 5 10 4 0 2 4 6 3 7 2 6 3 6 4 2 3 9 7 1 2 0 0 4 5 0 8 2 2 4 4 4 7 3 1 5 7 7 4 5 8 1 5 8 2 8 5 6 4 2 4 5 3 9 0 7 3 1 5 3 7 5 3 4 5 8 1 3 8 1 5 4 7 9 2 6 6 3 8 4 5 8 8 0 2 3 7 2 4 8 2 8 0 1 2 4 3 3 8 2 4 2 9 2 4 6 0 3 4 4 4 4 3 3 5 4 8 8 3 8 8 7 7 1 2 3 5 8 10 3 1 8 7 8 0 7 8 2 9 7 7 4 9 4 4 7 2 2 5 5 6 1 4 9 4 3 2 7 8 2 4 5 5 8 7 4 5 8 5 3 3 3 6 3 5 6 4 3 1 4 2 5 4 7 8 7 4 3 7 4 7 4 4 5 0 0 6 6 6 2 2 5 4 9 3 1 2 9 0 7 3 9 4 2 2 1 1 8 2 8 8 7 4 4 4 3 2 2 4 8 6 2 7 5 4 2 2 5 7 9 4 4 8 2 1 7 7 5 6 7 
16 26 36 29 31 19 33 35 32 30 25 17 36 16 7 27 30 22 15 26 9 34 19 41 35 23 28 26 35 16 8 27 15 40 5 40 32 36 26 14 28 22 34 8 19 35 25 30 23 7 26 16 35 26 38 31 22 7 11 10 16 21 14 23 16 24 23 31 8 31 20 28 35 8 20 19 31 16 25 20 26 39 25 24 36 37 19 22 12 36 9 35 12 17 23 31 17 39 18 34 18 12 18 27 27 21 26 20 17 9 23 9 7 16 12 31 12 31 29 37 25 22 24 17 13 24 12 22 14 31 15 24 31 35 15 21 36 19 8 16 16 8 11 20 40 14 28 24 15 28 23 11 29 20 20 14 22 36 18 32 22 28 22 37 40 7 19 31 11 15 21 26 19 18 10 28 17 33 24 13 37 17 12 11 33 37 13 16 37 14 23 29 23 24 18 16 28 30 35 11 17 38 26 36 31 31 23 17 15 17 30 34 39 20 22 30 32 35 39 24 10 33 24 24 20 14 35 21 38 30 30 29 28 32 38 8 32 38 21 25 32 12 6 31 11 32 9 34 34 21 26 14 30 29 34 24 37 12 34 20 14 39 24 21 29 25 31 15 11 20 21 22 28 10 13 11 19 29 31 33 35 16 27 14 10 20 21 18 7 9 21 36 21 18 21 22 17 9 14 40 
3 3 6 4 9 10 2 10 5 3 8 5 4 2 3 5 2 7 2 9 4 8 1 8 6 0 9 6 7 7 3 1 3 9 4 8 7 4 8 6 2 6 6 3 8 8 7 0 5 4 8 2 11 8 3 2 1 2 3 9 3 8 3 2 3 2 5 7 4 5 2 4 5 5 3 3 7 4 1 0 9 8 4 1 4 9 4 4 1 2 6 6 2 4 6 8 0 9 7 6 2 3 1 10 3 5 4 5 8 3 5 1 3 8 5 6 5 2 10 4 5 4 7 8 2 9 7 3 9 5 5 8 5 2 7 1 6 2 5 4 0 4 3 5 7 7 1 4 4 6 5 2 10 3 4 2 2 4 8 2 8 0 2 2 9 2 8 4 7 6 9 7 6 3 4 2 5 8 10 3 5 5 4 9 4 7 8 2 10 4 5 2 10 8 5 4 5 4 8 7 7 5 9 8 1 5 6 4 6 7 0 8 8 7 7 1 4 10 8 4 4 5 3 0 4 7 1 7 6 8 3 8 0 3 8 7 4 1 9 4 6 1 2 5 2 5 6 7 4 5 2 7 2 10 0 5 5 10 4 4 7 10 6 0 5 4 5 6 4 5 6 8 2 7 5 4 3 7 2 5 8 0 6 6 2 2 2 6 5 8 2 8 8 3 5 7 8 5 6 9 
4 1 4 1 5 8 4 7 6 1 4 1 6 3 5 2 3 3 4 6 6 3 3 4 3 4 4 6 3 3 2 4 5 4 2 4 3 1 6 1 3 6 6 5 5 4 3 2 6 5 5 3 8 4 2 2 3 5 4 5 1 4 4 5 2 4 1 6 6 2 4 2 2 2 3 2 6 0 1 4 4 3 5 3 0 5 5 6 3 4 6 3 4 6 1 5 4 4 3 2 3 2 3 7 2 5 0 1 4 1 5 4 1 3 2 6 2 4 6 0 2 2 5 6 3 5 4 4 6 1 2 5 6 1 3 3 5 3 2 6 2 6 2 1 2 2 4 0 6 2 1 3 7 0 2 5 2 0 4 3 4 4 1 4 5 2 6 6 2 5 6 5 5 1 0 1 2 6 7 1 1 6 5 6 2 5 6 2 6 6 5 2 7 4 2 5 1 0 4 3 3 1 5 6 3 1 2 5 5 2 4 4 3 5 5 4 2 6 3 1 0 1 5 2 2 4 3 3 2 3 0 4 4 5 6 5 2 3 5 2 5 2 2 2 2 2 3 4 4 0 2 3 2 7 2 1 1 7 2 5 3 7 2 1 1 0 2 5 0 6 5 5 2 3 2 1 1 3 3 6 4 1 5 2 2 1 1 2 5 6 2 4 6 3 1 4 4 3 4 5 
3 1 5 2 6 8 3 7 7 2 3 0 6 2 6 3 4 3 5 7 7 4 3 4 2 4 5 7 2 3 3 4 4 4 3 4 2 2 7 2 3 6 6 6 5 4 3 2 7 5 5 4 8 4 1 1 4 5 3 6 1 5 3 5 3 3 1 7 6 1 3 1 1 3 3 1 7 0 1 4 4 3 5 3 0 5 6 6 3 4 7 2 4 6 1 6 4 5 3 1 3 3 3 7 1 6 1 1 4 1 5 5 2 3 3 6 1 4 7 0 3 2 6 7 3 5 4 4 7 2 3 6 7 1 2 3 5 3 3 6 2 6 1 1 2 3 3 1 7 2 2 3 8 1 3 6 1 1 4 3 4 4 1 3 5 3 7 7 2 6 6 5 6 0 0 2 3 7 8 2 1 7 6 6 1 6 7 2 7 6 6 3 8 4 3 6 1 1 4 3 4 0 4 7 3 1 2 5 6 2 4 4 4 6 6 4 3 7 4 2 1 2 5 2 3 5 3 3 1 4 1 4 4 6 7 6 3 3 6 3 6 3 3 3 1 1 4 5 4 1 2 3 3 8 2 0 1 7 2 5 3 7 3 1 1 0 1 6 0 7 6 5 3 3 3 2 1 2 3 7 5 2 6 3 3 1 1 3 6 7 3 4 6 2 0 5 5 4 5 6 
2 3 7 5 10 12 1 11 7 4 8 4 6 1 4 6 4 7 4 10 5 8 1 8 5 1 9 8 7 7 4 3 1 8 5 8 6 5 9 6 4 8 7 5 9 8 8 1 6 6 9 4 12 8 3 2 3 4 1 10 3 8 1 4 4 1 5 8 6 5 1 4 4 6 4 3 9 4 1 0 9 8 6 0 4 9 6 6 2 4 8 6 3 6 6 9 1 9 7 6 3 5 1 11 2 7 5 5 8 4 7 2 3 8 6 7 5 0 10 4 6 5 8 10 1 9 8 1 10 5 6 9 7 1 7 1 8 1 6 6 1 6 3 5 7 7 0 5 6 6 6 1 11 4 5 4 1 4 8 3 8 2 4 1 9 3 9 6 7 7 10 9 7 3 5 4 6 9 11 4 5 7 5 10 3 9 9 2 11 5 6 3 11 8 6 6 6 5 8 7 8 5 9 10 2 6 6 6 8 6 1 8 8 8 8 0 5 10 8 5 5 5 4 1 5 8 2 7 5 8 4 9 0 5 10 8 5 1 10 5 8 2 4 6 1 4 7 8 5 5 2 7 4 11 1 5 6 11 3 6 7 11 7 1 6 5 5 8 4 7 7 9 3 7 6 5 3 7 3 7 9 1 7 7 3 3 3 6 6 10 3 8 9 2 5 8 9 6 7 10 
13 23 38 28 32 21 30 37 36 31 23 14 39 13 9 28 31 19 16 29 11 33 17 39 32 21 28 30 33 14 11 27 12 38 7 38 29 36 29 13 29 26 37 10 20 35 24 28 27 10 27 19 36 24 35 28 22 9 8 11 13 22 11 24 19 20 21 34 11 28 16 24 31 9 21 15 34 13 22 18 24 38 28 21 33 35 23 25 13 37 13 31 13 20 21 34 16 39 17 31 19 15 16 29 23 25 24 17 16 7 27 9 5 15 13 34 8 28 30 34 27 22 27 20 10 23 13 19 16 30 16 26 34 31 13 19 39 16 8 19 14 11 7 17 38 14 25 22 17 25 23 8 31 18 20 15 18 35 16 32 20 27 23 34 38 6 21 33 10 18 22 27 22 14 8 29 18 35 26 12 34 21 15 13 29 40 15 13 38 17 27 28 25 21 18 20 26 28 35 11 18 36 24 39 30 29 20 20 18 15 29 34 39 24 24 28 35 36 39 23 9 32 26 22 22 16 34 19 35 29 28 27 27 34 40 11 34 36 21 26 35 12 9 33 7 29 10 36 37 19 23 14 33 31 33 21 35 14 30 23 11 41 23 19 27 22 29 19 9 24 24 24 31 9 14 11 15 27 32 36 35 14 30 14 9 17 18 18 11 12 21 34 23 15 19 23 18 11 16 40 
9 6 2 4 0 3 9 2 7 3 4 6 7 8 8 3 6 5 7 2 8 2 8 4 6 8 1 6 3 4 4 8 10 4 3 4 6 4 4 3 6 5 6 7 0 1 2 6 8 6 0 6 3 3 7 7 7 8 9 0 6 1 9 8 3 9 4 6 7 6 9 7 7 1 6 7 4 5 5 9 5 3 6 8 3 4 7 8 6 7 6 6 7 7 3 3 9 1 2 5 6 3 8 2 7 5 4 5 1 5 5 8 5 4 3 6 6 9 1 3 2 4 3 3 8 2 1 9 3 3 3 2 6 6 5 8 3 8 3 7 6 7 7 4 4 2 9 4 8 5 1 8 2 5 4 8 7 4 4 6 4 8 3 9 4 6 2 8 3 5 1 2 5 6 2 4 3 3 3 5 3 7 8 1 7 3 3 7 2 8 6 6 3 4 3 7 2 4 1 1 2 5 5 4 7 3 3 6 4 3 8 1 1 4 3 9 3 1 1 4 4 3 7 6 3 2 7 3 6 2 5 3 9 8 2 4 3 8 0 4 4 6 4 2 7 6 2 2 5 2 6 1 5 2 6 5 2 2 7 6 5 2 2 6 2 5 5 5 4 7 6 1 5 2 1 4 6 5 6 8 0 6 5 2 6 6 6 2 6 3 6 4 2 8 3 2 1 2 2 0 
35 70 105 83 81 46 86 93 93 90 61 40 104 37 17 78 87 51 40 71 21 90 48 109 93 60 72 75 93 36 26 74 30 103 16 106 81 104 71 34 81 63 99 20 48 95 65 85 66 19 69 48 91 64 104 84 61 17 20 21 42 56 29 62 51 59 60 88 20 80 47 71 92 20 57 46 88 39 70 49 62 105 73 61 99 95 56 62 33 103 24 90 31 47 59 88 42 105 44 89 51 39 45 70 70 62 72 50 39 23 68 20 16 36 32 90 23 80 76 102 74 62 69 44 28 58 28 53 32 87 42 65 90 96 33 54 105 46 18 44 43 20 22 50 108 35 73 65 39 71 63 22 76 53 56 35 55 104 40 91 52 77 66 98 104 16 50 87 23 42 51 70 53 45 24 84 47 92 61 34 101 48 32 24 86 106 32 39 100 38 68 82 58 55 50 47 76 84 96 25 46 106 62 101 86 84 56 49 42 39 81 92 107 57 61 79 97 94 107 68 24 93 67 67 61 37 98 51 101 78 83 73 75 92 107 21 97 105 51 73 93 33 20 91 22 86 21 97 103 54 71 35 92 76 97 61 103 25 89 58 28 105 64 58 79 67 83 42 27 57 59 59 86 20 35 29 48 75 90 93 95 43 78 36 25 53 57 48 20 20 61 94 56 43 55 58 43 26 39 108 
49 95 137 112 103 54 117 117 125 123 79 55 140 53 26 103 121 67 58 88 30 117 68 143 124 84 93 100 122 46 39 103 42 135 22 139 108 140 89 44 113 82 131 30 58 123 84 118 89 28 86 68 114 82 140 115 86 26 30 21 58 70 42 87 70 81 81 115 29 108 65 96 124 25 81 64 113 54 98 69 80 138 100 85 133 123 77 86 49 142 31 120 46 65 77 112 60 136 56 119 73 54 64 86 96 83 97 66 48 33 91 31 25 46 43 120 31 109 95 137 97 84 89 52 41 73 34 74 36 116 55 80 120 131 43 76 137 65 23 61 62 29 32 66 142 44 101 89 54 95 82 33 93 73 76 51 76 141 51 126 67 107 91 133 135 26 60 118 29 55 62 89 71 63 32 115 63 116 74 49 134 65 46 26 116 136 36 55 126 54 92 114 69 71 67 65 100 113 124 31 58 142 80 129 119 113 74 68 53 50 112 120 140 73 77 109 130 118 140 92 33 124 94 94 82 45 135 66 135 101 113 94 105 126 136 25 130 144 63 100 121 49 31 121 32 115 26 125 140 72 99 44 127 94 134 82 137 26 120 80 35 133 84 82 104 90 111 54 37 77 79 74 120 24 45 40 67 99 125 125 122 62 102 47 38 74 79 63 28 20 85 123 68 60 73 73 53 32 47 139 
11 9 3 6 2 0 11 0 7 5 7 8 6 10 9 4 7 8 8 0 9 5 10 7 9 10 4 6 6 7 5 9 12 7 4 7 9 6 2 5 7 4 5 8 2 3 5 8 8 6 2 6 0 6 9 9 8 9 11 0 8 2 11 9 4 11 6 5 7 8 11 9 9 3 7 9 3 7 7 11 7 6 7 10 6 7 7 8 7 8 5 9 8 7 6 2 10 4 5 8 7 4 10 0 9 5 6 7 4 7 5 9 7 6 4 6 8 11 1 6 3 5 3 2 10 4 3 11 1 5 4 1 6 9 7 10 3 10 5 7 8 7 9 7 6 4 10 6 8 8 3 10 0 7 5 9 9 6 7 8 7 9 5 11 7 8 0 8 6 5 1 2 5 8 5 5 4 2 0 6 6 7 8 1 9 2 1 9 0 8 6 8 0 7 5 7 5 6 4 4 3 7 7 2 9 6 6 6 3 6 10 4 4 4 3 11 4 1 4 6 6 5 8 7 4 3 9 6 8 4 7 6 10 9 1 3 4 10 2 5 3 7 5 3 9 8 3 3 6 5 8 4 5 0 8 7 5 0 10 7 7 0 5 8 5 7 8 4 7 7 5 2 6 5 3 6 8 7 7 8 2 7 4 4 8 8 8 4 6 2 7 7 1 10 6 2 2 2 1 2 
8 7 3 5 7 6 8 5 1 2 9 8 0 8 3 4 3 9 3 4 3 8 7 9 9 6 8 0 8 9 1 4 9 10 1 9 9 5 3 6 3 1 0 2 6 6 7 4 1 1 6 1 6 8 8 7 4 3 8 6 6 5 8 4 1 8 6 0 1 8 8 8 9 3 3 8 2 6 4 7 10 8 1 7 6 10 1 2 2 3 0 9 4 0 7 3 6 7 7 8 4 1 6 7 7 1 5 7 7 5 1 5 5 9 4 0 8 8 7 6 2 4 2 4 8 8 5 8 4 5 4 4 0 6 9 6 2 7 4 1 4 1 8 7 8 6 7 5 2 8 4 7 5 5 4 4 7 5 9 4 9 5 3 8 10 4 3 1 7 0 6 4 0 6 5 2 4 3 6 4 7 0 2 6 8 3 4 6 6 2 0 4 5 10 4 1 6 5 7 6 4 7 10 3 5 6 8 1 1 8 6 7 7 2 3 7 1 7 7 5 5 5 3 4 1 4 5 8 8 8 5 8 7 3 4 2 2 6 7 4 1 3 2 2 7 8 4 4 2 6 6 6 1 6 4 7 6 6 8 1 9 6 5 4 6 7 8 0 6 1 0 5 2 7 3 5 6 8 4 1 6 4 1 4 5 6 6 4 0 4 4 10 4 8 7 4 4 2 2 7 
3 0 4 1 7 9 3 8 6 1 4 1 5 2 5 3 3 4 4 7 6 5 2 5 3 3 5 6 3 4 2 3 4 5 3 5 3 2 7 3 2 6 6 5 6 5 4 1 6 5 6 3 8 5 1 1 3 4 3 6 0 5 3 4 2 3 2 7 5 2 2 2 2 3 2 1 6 1 0 3 5 4 5 2 1 6 5 5 2 3 6 3 3 6 2 6 3 5 4 2 2 3 2 8 1 5 1 2 5 1 5 4 1 4 3 6 2 3 7 1 3 2 5 7 2 6 5 3 7 2 3 6 6 0 3 2 5 2 3 6 1 6 1 2 3 4 3 1 6 3 2 2 8 1 2 5 1 1 5 2 5 3 1 3 6 2 7 6 3 6 7 5 5 0 1 1 3 7 8 1 2 6 5 7 2 6 7 1 7 5 5 2 8 5 3 5 2 1 5 4 4 1 5 7 2 2 3 5 6 3 3 5 4 6 5 3 3 7 4 1 1 2 4 1 3 5 2 4 2 4 1 5 3 5 7 6 2 2 6 2 6 2 2 3 1 2 4 5 4 1 1 4 2 8 1 1 2 8 2 5 4 8 3 0 2 1 2 6 1 6 5 6 2 4 3 2 0 3 2 6 5 1 5 3 2 0 0 3 5 7 2 5 6 2 1 5 5 4 5 6 
6 5 5 4 4 7 7 6 9 4 1 3 8 6 9 4 6 2 8 6 9 0 6 1 3 7 1 8 0 0 5 8 8 1 4 1 2 4 7 2 6 7 8 8 3 2 1 5 9 7 3 6 6 0 5 5 7 8 7 4 4 3 7 8 4 7 2 8 8 3 7 4 4 3 6 4 7 3 5 8 1 0 7 7 1 1 8 9 6 7 8 3 7 9 0 6 8 2 1 2 6 5 7 5 4 7 3 2 0 4 7 8 5 0 4 8 3 7 4 1 3 4 6 7 6 2 3 7 6 3 4 5 8 4 1 7 6 6 3 9 5 9 5 1 0 1 7 3 9 2 1 6 6 4 4 9 5 4 0 6 1 7 4 7 1 6 6 9 0 7 4 5 7 4 1 4 4 6 7 4 0 9 9 5 4 5 6 6 5 9 8 6 6 1 4 8 0 3 1 2 4 3 1 7 7 2 0 7 6 0 8 2 1 7 5 8 4 4 1 4 3 3 8 5 4 5 7 0 3 0 4 0 8 9 6 6 4 7 3 4 6 6 5 4 5 3 4 4 6 0 5 2 5 6 6 3 0 5 5 7 1 6 2 5 0 3 2 7 3 9 7 4 5 1 2 3 4 1 6 9 3 5 7 3 6 5 5 3 8 6 6 1 6 6 1 4 4 4 4 3 
7 6 6 5 4 8 8 7 10 5 0 4 10 7 10 5 8 2 9 7 11 1 7 0 3 9 2 10 0 1 7 9 9 0 6 0 3 5 8 3 7 8 9 10 4 3 2 7 10 9 4 8 7 0 6 6 8 10 8 4 5 4 8 10 6 8 4 10 10 3 8 5 5 4 7 5 8 4 6 9 0 1 9 8 2 0 9 10 7 9 9 3 8 10 1 7 9 2 2 3 7 6 8 6 5 8 4 3 1 6 8 9 6 1 5 9 4 8 5 2 5 5 7 8 7 2 5 8 7 4 5 6 10 5 2 8 7 7 5 10 7 10 6 2 0 3 8 5 11 3 3 7 6 5 5 10 6 5 0 7 0 9 5 8 0 7 7 11 2 9 5 6 9 5 2 5 5 7 7 6 1 10 10 5 5 7 7 7 6 10 9 7 7 0 5 9 1 4 2 3 5 4 0 8 8 4 0 9 8 0 9 3 2 8 7 9 6 5 2 5 4 4 9 6 6 6 8 0 3 0 5 1 9 10 7 7 5 8 4 6 8 7 6 5 6 4 5 5 7 2 6 3 7 7 7 4 1 6 6 9 1 7 3 6 1 4 3 8 4 10 9 5 7 2 3 5 6 2 7 10 4 6 8 5 7 6 6 5 9 7 7 0 7 7 2 5 5 5 5 4 
