60 
300 
41 766
123 1265
127 1191
209 1558
160 1350
470 2373
448 2222
194 1548
280 1681
134 1288
530 2472
437 2155
246 1727
343 2079
224 1640
545 2514
433 2193
358 2007
388 2107
97 1059
67 880
340 2044
388 2037
160 1420
291 1811
201 1451
568 2506
470 2289
130 1278
239 1548
224 1650
186 1540
220 1622
242 1706
67 938
564 2562
549 2541
242 1724
93 1015
586 2533
242 1635
97 1082
426 2176
351 1955
362 2066
56 810
224 1690
291 1793
519 2476
239 1676
422 2173
381 2056
205 1542
336 1986
351 1984
160 1364
63 849
145 1257
553 2618
396 2066
31 27 33 32 22 20 25 30 16 15 13 14 8 26 29 17 28 19 15 22 29 9 8 33 7 11 25 9 10 25 15 27 31 24 19 11 27 25 13 22 11 10 21 8 15 20 5 33 7 11 5 32 29 33 15 22 27 7 12 27 20 33 22 6 15 30 10 29 18 28 25 14 6 19 31 20 13 22 18 32 25 6 16 32 14 31 29 18 26 26 7 31 6 11 29 7 21 31 10 31 27 24 14 30 31 27 10 21 32 23 34 22 32 16 22 28 33 33 34 9 18 9 21 33 15 10 14 22 19 29 31 27 16 30 6 8 13 22 30 12 10 13 25 11 29 7 15 19 13 12 30 10 33 12 21 15 8 25 21 16 32 10 27 7 27 13 11 30 28 29 6 21 20 23 19 34 20 5 24 28 6 9 9 17 25 15 24 25 32 31 12 15 6 28 8 14 10 18 15 12 23 11 20 10 14 23 15 30 17 30 29 16 25 7 7 22 30 16 7 22 33 17 20 19 27 13 7 9 26 27 5 23 30 6 6 14 10 22 29 29 9 22 19 9 22 31 9 12 31 23 25 10 8 9 29 28 6 19 18 10 11 5 29 11 33 34 8 10 17 10 15 17 24 31 15 29 16 34 23 13 9 16 14 24 16 27 21 14 5 12 24 14 9 26 33 14 15 21 28 32 
127 110 136 134 89 83 104 124 69 62 55 61 35 110 117 68 117 78 64 92 120 39 36 136 32 44 104 38 44 104 63 112 127 95 78 45 112 105 51 91 48 42 88 34 60 84 25 135 31 47 21 132 120 132 63 92 109 31 53 111 84 135 92 29 65 124 42 120 74 115 102 59 25 81 127 82 53 91 75 130 102 28 68 132 61 129 120 74 105 108 32 128 25 46 116 32 85 126 43 122 112 101 60 120 129 111 42 88 133 96 138 91 130 69 92 113 133 137 138 37 74 39 88 137 64 40 57 92 78 121 126 111 67 123 28 35 56 89 124 50 40 53 103 48 119 32 63 78 57 52 125 43 136 51 89 65 34 102 89 68 131 43 112 32 110 57 48 123 115 118 26 89 83 95 79 138 83 24 99 115 28 39 41 70 102 61 95 104 131 128 50 61 27 114 36 61 44 72 66 48 92 46 84 43 57 95 62 125 71 122 116 65 105 30 33 89 120 67 30 90 131 72 85 79 109 54 30 39 108 112 19 93 123 26 28 59 43 89 121 119 41 90 80 37 91 126 39 51 128 94 104 44 35 39 119 112 26 81 76 41 47 25 118 48 135 140 33 42 71 42 63 72 99 127 60 119 66 141 97 54 40 66 60 99 65 113 88 56 22 51 100 60 37 107 136 59 62 84 111 130 
72 58 66 73 51 49 52 70 39 34 31 29 20 52 63 41 63 45 39 44 65 26 18 76 15 26 60 23 31 57 35 64 70 53 46 29 65 58 30 54 24 27 43 21 34 50 17 75 23 27 14 75 61 71 31 45 62 23 33 63 47 75 49 13 32 68 24 62 44 66 58 35 19 47 71 44 31 47 45 73 54 13 36 68 27 63 61 42 56 58 19 67 20 31 61 17 50 69 29 67 56 47 32 64 69 57 25 49 66 56 75 53 67 39 52 61 72 73 76 21 44 28 46 75 40 24 31 50 46 65 66 59 42 65 14 19 35 49 67 29 25 33 57 33 65 19 38 42 33 31 59 28 74 27 51 37 24 54 43 42 67 30 56 17 62 27 31 69 60 66 17 49 45 49 41 72 49 20 55 64 19 28 18 40 54 38 53 60 73 66 33 37 16 64 26 36 29 42 30 28 50 28 41 25 33 49 38 67 40 68 63 35 53 22 22 51 65 35 21 52 71 36 39 47 58 34 22 27 60 59 15 50 70 17 21 38 23 48 60 66 26 50 43 25 49 70 19 28 72 50 53 23 26 22 67 62 20 38 46 27 31 17 63 31 76 71 24 25 41 24 33 39 57 72 34 66 39 69 53 33 25 39 39 51 39 62 52 32 15 33 52 35 22 57 76 32 34 48 62 66 
65 58 70 68 47 42 54 64 35 32 28 34 18 58 58 34 59 42 33 48 64 23 20 70 18 22 53 19 25 52 31 58 63 48 41 25 59 53 27 47 25 24 47 17 31 44 13 68 19 24 13 69 61 65 33 47 56 18 28 57 46 69 49 17 35 62 22 63 37 60 52 29 15 41 64 42 25 47 39 66 54 16 37 69 33 68 63 40 54 54 19 64 14 24 60 19 44 66 22 61 59 54 31 60 65 58 21 48 69 50 72 47 67 39 46 56 65 69 71 20 38 22 47 69 35 21 30 46 40 61 65 59 36 62 17 19 28 43 66 25 22 28 55 27 63 20 31 42 33 30 65 22 68 28 45 33 19 52 47 36 66 24 57 17 56 31 25 62 58 61 13 49 42 50 41 70 44 13 49 61 18 21 23 38 53 33 48 53 66 65 26 33 16 59 20 31 22 38 36 24 48 26 45 25 30 50 33 63 39 64 60 34 56 16 20 47 59 36 17 46 66 39 45 40 57 30 16 22 58 60 11 48 64 13 14 32 24 46 64 60 21 44 43 20 49 65 20 27 66 50 53 23 20 20 60 57 15 42 40 23 24 13 59 24 69 73 18 21 39 22 34 39 50 65 31 59 36 73 49 30 24 32 33 51 35 61 46 28 11 27 53 34 20 53 70 30 32 41 56 66 
34 29 38 38 22 22 30 33 21 18 17 20 12 32 31 17 34 21 20 27 33 11 12 36 12 11 29 11 14 29 18 30 34 24 20 11 31 31 13 25 15 11 26 11 15 23 11 35 9 15 6 36 34 34 19 26 28 9 18 29 24 35 26 12 20 34 13 33 20 31 27 18 6 24 33 22 15 26 20 34 28 11 20 36 20 37 33 20 28 31 11 36 7 13 30 11 22 32 13 30 31 30 19 30 36 31 12 25 37 26 35 25 35 21 27 30 34 38 35 11 19 12 25 38 18 10 15 27 20 35 34 30 19 34 11 12 17 23 33 15 10 13 28 15 32 11 18 21 17 16 36 14 38 16 26 20 9 28 26 19 36 13 32 11 29 19 14 33 32 30 9 25 24 27 23 37 22 10 28 31 10 12 15 19 27 15 24 29 34 36 14 15 9 29 11 19 13 18 21 13 24 12 25 13 16 27 16 36 19 32 29 17 30 8 11 22 31 20 8 23 33 22 26 22 28 15 9 11 29 31 4 25 33 9 10 16 14 23 34 33 14 25 23 9 25 32 13 16 34 25 30 15 11 13 32 27 7 24 21 10 14 11 31 15 36 38 8 13 19 13 19 21 26 34 15 32 18 40 28 14 12 18 17 28 16 31 24 15 8 15 28 18 10 29 36 17 17 22 27 35 
37 34 37 34 28 25 30 37 16 18 15 20 8 33 30 21 28 27 18 26 39 18 14 40 11 14 29 13 18 25 15 34 34 28 26 18 35 25 17 28 13 18 28 11 20 27 4 37 15 13 11 40 33 35 19 26 32 15 14 33 30 38 30 13 22 32 14 37 22 36 30 16 12 21 36 24 14 26 23 36 31 10 24 40 20 39 37 25 31 27 16 33 12 16 34 14 27 38 14 34 33 30 17 33 31 34 13 31 39 31 42 27 38 26 22 29 35 33 40 14 23 16 29 35 23 14 19 23 25 29 37 35 23 32 12 13 17 24 39 15 15 19 34 19 38 16 18 26 23 22 36 13 33 19 22 14 14 29 27 22 34 16 30 9 31 19 15 35 31 36 6 31 22 29 24 38 28 9 24 37 16 15 14 25 30 22 27 29 37 34 17 22 13 34 15 14 14 24 21 15 28 18 26 18 19 30 21 30 25 38 34 21 33 12 17 28 32 23 14 28 37 23 26 24 33 21 12 16 35 36 9 27 37 9 10 21 17 28 37 31 9 22 27 15 30 38 11 15 38 30 27 14 14 12 33 32 13 24 25 17 16 5 32 14 38 42 14 13 25 14 20 26 29 37 20 32 24 40 23 21 18 19 22 29 23 37 27 17 8 17 32 24 15 28 39 17 20 23 32 36 
7 2 1 7 5 7 0 8 6 2 4 2 3 2 3 4 6 4 7 0 5 6 0 8 1 2 7 2 8 5 3 8 5 2 5 5 8 6 2 7 2 5 1 3 2 8 5 6 7 4 1 8 2 3 0 0 5 7 7 7 5 7 3 1 1 6 1 2 5 7 6 5 4 7 6 2 3 1 7 6 1 1 2 3 1 1 2 4 2 4 3 4 5 6 1 1 5 4 7 2 0 1 3 2 6 1 3 5 1 8 5 7 1 5 6 2 4 6 6 0 6 7 3 7 7 1 0 5 6 5 1 3 7 3 0 0 7 2 6 3 2 4 5 8 4 4 6 2 6 5 1 6 6 1 7 5 6 2 1 7 2 7 1 2 6 1 7 7 2 5 3 5 3 0 0 2 6 7 5 6 5 7 1 4 1 5 2 7 7 3 6 4 2 6 8 6 7 4 2 2 1 4 1 3 2 1 6 6 4 5 2 1 2 5 6 4 3 1 5 6 2 0 1 7 2 5 6 7 6 3 2 2 7 2 7 7 1 1 1 6 6 4 3 5 3 6 0 2 8 2 2 2 7 2 6 4 5 1 8 4 7 6 3 6 7 2 5 3 5 2 0 4 6 7 2 6 5 2 6 5 5 5 8 0 5 6 8 2 3 7 2 5 2 3 7 2 1 3 3 0 
1 4 6 6 0 0 6 1 5 5 5 8 5 8 3 0 6 4 4 6 5 3 6 1 7 2 3 4 2 4 4 1 3 1 1 2 2 5 2 1 6 2 7 4 2 1 6 1 2 5 3 2 6 2 5 6 0 1 5 0 5 1 6 7 7 4 5 6 2 1 0 3 2 5 0 4 2 6 0 0 5 6 6 6 7 8 6 3 4 5 5 5 0 0 3 6 0 3 1 0 6 8 6 2 5 5 4 5 7 1 2 1 5 6 4 3 1 5 0 3 0 1 6 5 2 2 3 5 0 6 4 5 1 5 7 5 2 2 4 4 2 1 4 2 4 6 2 4 5 5 8 3 5 6 5 5 0 4 7 1 5 1 6 6 1 7 2 1 5 1 4 6 5 5 5 4 2 3 4 4 6 1 7 4 4 1 1 3 1 6 0 2 5 0 1 5 2 2 8 2 3 3 7 5 3 6 0 5 4 3 2 3 7 0 5 1 2 6 2 0 1 7 7 1 3 2 0 1 4 6 1 4 1 4 2 1 6 3 7 4 5 3 5 0 5 0 5 5 1 4 6 6 1 5 1 0 2 7 1 1 1 6 4 3 1 6 0 4 4 4 6 5 0 1 2 3 3 8 5 2 5 2 2 6 2 6 1 2 4 1 6 5 3 4 1 5 4 1 0 5 
30 33 41 37 24 18 33 31 21 21 19 23 14 36 33 18 34 24 18 30 35 13 16 34 15 14 27 14 12 29 20 28 34 27 22 15 28 30 16 21 18 14 30 13 19 20 11 33 10 17 10 34 36 36 22 29 29 9 17 26 27 32 30 15 24 34 16 37 20 30 24 18 10 23 29 26 16 29 17 31 32 14 24 39 23 40 37 23 31 32 14 37 7 12 34 15 23 36 10 32 35 34 21 34 36 34 15 28 41 24 37 21 39 24 26 32 35 38 35 14 20 10 29 37 17 14 19 28 21 35 37 34 17 36 14 15 15 25 36 17 14 16 30 13 35 15 18 25 20 18 39 13 37 19 26 20 10 31 30 15 38 10 34 14 29 22 11 31 34 31 10 28 26 30 26 40 23 8 28 34 14 8 18 23 31 18 27 27 31 38 11 19 13 30 8 19 11 22 25 15 28 16 28 17 19 30 17 36 23 35 33 21 34 9 14 24 33 24 11 24 36 25 29 20 32 17 8 11 32 35 8 28 31 11 8 15 18 27 38 33 15 26 26 11 29 33 16 19 31 29 32 17 8 15 30 30 10 27 18 12 10 12 34 14 32 42 10 15 23 16 22 24 23 30 19 32 20 43 28 17 15 19 16 31 20 34 21 17 11 11 32 21 14 31 32 20 21 23 30 38 
36 28 39 42 24 25 31 34 25 21 20 21 15 33 34 20 37 19 23 28 29 9 13 38 13 14 33 14 15 32 21 31 37 26 20 13 32 34 15 27 18 10 27 13 17 25 14 39 10 18 6 37 36 37 20 28 31 11 21 32 20 38 24 12 20 38 15 32 24 32 30 21 8 28 36 25 18 28 23 37 28 12 19 34 20 37 33 19 30 34 9 38 9 16 31 11 25 32 16 33 32 30 21 33 40 31 15 21 37 28 33 27 36 17 30 33 38 42 37 11 23 14 23 42 19 12 16 30 23 38 34 29 20 37 11 13 20 26 30 18 11 16 25 16 29 9 21 19 14 12 37 17 41 15 30 23 12 30 27 21 39 14 34 14 33 19 17 36 34 31 12 22 27 27 24 39 22 13 31 28 7 14 16 18 29 18 27 33 37 38 17 17 8 32 13 22 17 21 22 15 25 12 26 12 18 27 18 39 17 31 30 18 29 12 8 23 34 20 9 26 36 22 27 25 27 14 12 13 26 29 7 27 35 11 13 19 14 23 34 36 18 28 21 11 23 33 15 18 36 24 32 16 13 15 35 31 8 26 23 10 17 14 34 18 38 38 12 16 17 15 20 19 29 36 17 36 16 41 32 13 9 22 19 29 18 28 26 18 11 17 27 14 10 32 38 20 19 25 31 37 
66 55 71 72 44 43 55 63 39 34 32 34 21 58 62 36 63 39 36 49 60 19 20 70 20 24 56 22 24 56 35 57 66 49 38 22 58 57 27 48 27 20 47 20 30 44 17 70 16 27 11 68 63 69 34 49 56 16 31 57 42 70 47 18 35 66 24 61 40 59 53 33 12 45 65 43 29 49 39 67 53 17 35 67 33 67 62 36 54 58 16 68 13 25 59 18 44 62 24 62 58 54 34 62 69 57 24 44 69 50 68 48 67 35 50 59 69 73 69 20 39 22 45 73 33 21 30 50 40 65 65 56 35 65 17 20 31 47 62 28 20 27 51 26 59 17 35 39 29 26 66 25 72 27 49 37 18 54 47 36 69 23 59 19 58 32 27 64 61 58 17 45 45 50 42 72 41 16 53 57 15 22 24 35 53 31 49 56 68 68 27 30 14 58 20 35 25 37 37 26 47 22 46 22 31 50 32 67 35 60 58 33 54 17 16 44 62 35 14 46 67 39 46 42 54 27 17 20 54 57 10 49 63 16 17 31 24 45 63 63 25 49 41 18 46 63 23 29 66 47 56 25 19 23 62 57 12 44 40 19 26 17 62 28 70 72 18 24 35 24 34 36 51 65 30 63 32 74 53 26 20 36 32 52 32 57 46 30 14 28 51 30 18 57 70 32 33 44 57 68 
8 2 2 10 6 8 2 8 8 4 6 2 5 2 5 5 8 4 9 2 5 5 2 9 3 3 9 4 9 7 5 8 7 3 5 5 9 8 3 8 4 5 1 5 3 9 8 8 7 6 2 9 4 4 2 2 6 8 9 8 4 8 2 1 0 8 3 1 7 8 7 7 5 9 8 3 5 3 8 7 2 3 1 2 1 0 1 4 3 7 3 6 6 7 2 1 6 5 8 3 1 2 5 3 8 1 5 4 0 9 5 8 2 4 8 4 6 8 6 1 7 8 2 9 8 2 1 7 7 8 2 2 8 6 1 2 9 4 5 5 3 5 5 9 4 2 7 2 5 5 2 8 8 1 9 8 7 4 1 9 4 8 3 4 7 2 9 8 4 6 5 4 5 2 2 4 6 9 7 5 4 8 2 4 3 6 4 9 8 5 8 5 2 7 9 8 9 5 3 3 2 4 2 2 4 1 6 8 4 5 3 1 0 7 5 5 4 1 5 7 4 1 2 8 2 5 7 7 5 2 4 4 8 4 9 8 1 2 0 8 8 6 2 5 3 6 2 4 9 2 4 4 8 4 8 5 6 2 9 4 8 8 5 8 9 1 6 5 4 4 2 3 8 8 3 7 5 3 8 4 4 7 9 2 5 5 9 4 5 8 1 4 2 5 9 4 3 5 4 2 
3 5 5 3 3 2 5 4 2 3 2 7 2 8 0 1 3 6 1 5 7 6 5 4 5 2 2 3 5 0 1 4 0 2 4 4 5 2 2 3 4 5 6 2 3 4 2 1 5 2 4 5 4 0 4 5 3 4 2 3 7 2 7 7 7 0 4 7 1 4 1 0 4 2 2 3 0 4 2 1 5 5 7 7 7 7 7 5 4 2 7 3 3 2 3 6 3 5 1 0 6 7 4 2 2 6 2 8 7 4 5 2 5 8 1 1 0 2 3 4 2 4 7 1 5 3 4 2 3 3 5 6 4 2 6 5 1 1 7 2 3 3 7 5 6 7 0 5 8 7 7 0 1 6 2 2 3 3 6 3 3 3 4 3 1 7 1 2 3 4 1 8 3 5 5 3 5 1 0 7 8 3 6 6 4 4 1 1 2 4 2 4 6 3 4 2 1 3 7 1 3 5 6 6 3 6 3 2 6 5 3 4 7 2 8 3 1 6 5 3 2 6 6 2 4 5 2 4 7 7 2 3 4 3 1 4 6 4 7 0 2 0 7 3 6 4 3 4 4 5 3 4 3 3 1 2 4 6 4 4 2 3 2 0 3 7 3 2 6 3 5 7 2 3 3 0 5 7 2 5 7 0 5 5 4 8 3 1 3 2 7 7 4 2 3 3 4 0 1 4 
36 34 39 32 28 23 32 36 16 20 16 22 10 35 31 20 29 27 16 28 39 17 15 39 13 15 27 14 17 25 17 33 33 28 26 17 34 25 18 26 15 17 29 12 20 26 6 35 14 14 12 39 35 36 20 28 32 14 12 31 30 37 31 15 24 31 16 38 21 34 28 16 12 19 34 26 15 28 21 35 32 12 25 41 22 40 38 26 32 29 16 34 11 15 35 15 26 38 13 34 35 32 19 34 31 35 14 31 41 29 41 25 39 27 21 30 35 33 39 15 23 15 30 33 22 15 20 24 24 31 38 36 22 33 14 15 16 25 40 16 16 19 34 18 38 17 17 27 23 22 38 12 32 20 21 15 13 30 29 20 36 15 32 11 30 21 13 34 33 35 8 31 24 30 26 39 27 7 24 37 16 13 16 25 31 21 28 27 35 36 15 22 14 33 13 15 12 24 24 16 29 19 27 19 19 31 21 31 26 38 35 22 34 11 17 28 33 24 14 27 37 25 28 23 34 21 11 15 35 37 10 28 36 11 8 20 18 28 38 30 10 23 28 14 31 37 13 17 37 31 29 16 13 14 32 32 13 26 23 16 14 7 33 12 37 43 13 14 26 15 22 26 27 35 20 31 24 42 23 21 19 19 21 30 23 37 26 18 9 16 33 24 15 29 37 19 21 23 32 37 
6 0 5 10 3 6 5 6 9 5 7 6 7 6 5 4 9 1 9 5 1 1 4 6 6 3 9 5 6 8 6 6 7 3 2 3 6 9 3 6 6 1 5 5 2 6 9 6 4 7 1 6 6 5 5 5 5 5 10 6 0 6 1 5 4 8 5 2 6 5 6 7 3 9 6 4 5 5 6 6 3 6 2 1 5 4 2 1 4 8 0 7 4 6 2 3 4 2 7 3 4 5 7 3 9 3 5 0 4 6 1 6 4 1 8 5 5 9 4 2 5 6 1 9 5 2 2 8 5 9 3 1 6 7 5 4 8 5 1 6 1 3 1 6 0 1 7 0 1 1 6 8 9 3 9 9 5 5 5 6 6 5 6 6 6 6 7 7 6 3 6 0 7 4 5 5 3 9 7 2 0 6 6 1 3 3 3 8 6 7 6 3 2 5 6 9 7 3 6 4 2 2 6 1 4 3 4 9 1 2 1 2 3 5 1 2 4 3 2 5 3 4 6 7 0 2 6 5 1 1 3 4 6 5 8 6 3 1 4 8 9 7 1 3 0 3 5 6 7 0 7 6 6 6 7 3 3 6 6 1 6 9 5 8 6 2 4 6 1 5 4 0 6 6 2 7 1 6 9 1 0 6 6 5 3 1 6 4 6 6 2 0 1 6 6 6 4 5 3 4 
34 29 38 38 22 22 30 33 21 18 17 20 12 32 31 17 34 21 20 27 32 11 12 36 12 11 30 12 14 29 19 30 34 24 20 11 31 31 13 25 15 11 26 11 15 23 11 36 9 15 6 36 34 34 19 26 28 9 18 29 24 36 26 12 20 34 13 33 20 31 27 18 6 24 33 22 15 26 20 34 28 11 20 36 19 37 33 20 28 31 10 36 7 13 30 11 22 32 13 30 31 30 19 31 36 31 12 25 37 26 35 25 35 20 27 30 34 38 35 11 19 12 25 38 18 10 15 27 20 35 34 30 19 34 11 12 17 23 33 15 10 13 28 15 32 11 18 21 17 15 36 14 38 16 27 20 9 28 26 19 36 13 32 11 29 19 14 33 32 30 9 25 24 27 23 37 22 10 28 31 10 12 15 19 27 15 24 29 35 36 14 15 9 29 11 19 14 18 21 13 24 12 25 13 16 27 16 36 19 32 29 17 30 8 11 22 31 20 8 23 33 22 26 22 28 15 9 11 29 31 4 25 33 9 10 16 14 23 34 33 15 25 23 9 25 32 13 16 34 25 30 15 11 13 32 27 7 24 21 10 14 11 32 15 36 38 9 13 19 13 19 21 26 34 15 32 17 40 28 14 12 19 17 28 16 31 24 15 8 15 28 18 10 30 36 17 18 22 28 35 
6 2 2 6 4 5 1 6 5 1 2 3 2 3 1 3 5 4 6 1 5 5 1 6 2 0 6 1 7 4 2 6 4 1 4 3 7 5 0 6 1 4 2 1 0 6 4 4 6 2 1 7 2 1 1 1 4 6 6 5 5 5 3 3 3 4 0 3 4 6 4 4 3 5 5 0 2 1 5 4 1 2 3 3 3 3 3 3 0 3 4 3 4 4 0 2 4 3 5 0 2 3 2 0 5 1 1 5 3 6 4 5 0 5 5 1 2 5 4 0 4 6 3 5 6 0 0 3 4 4 1 3 6 2 2 0 5 1 5 1 1 3 5 7 4 4 4 2 6 5 3 4 4 2 5 4 4 0 2 6 1 6 2 2 4 3 5 5 1 4 2 5 2 1 0 1 5 6 4 5 5 6 2 3 0 4 1 6 5 2 5 3 2 4 6 4 5 3 3 0 0 3 2 3 1 2 4 5 4 4 1 0 3 4 6 3 1 2 4 4 1 2 2 5 2 4 4 5 5 4 1 0 6 1 5 6 2 1 3 4 5 3 3 3 3 4 1 1 6 2 2 1 6 1 5 2 4 2 6 3 5 5 1 5 6 3 4 2 4 0 1 4 5 6 1 4 4 3 5 4 5 3 7 1 3 6 6 0 1 5 3 5 1 2 6 1 0 2 2 0 
9 3 0 8 7 8 1 9 6 3 4 0 4 0 4 6 6 6 8 0 7 7 1 9 0 3 9 3 10 6 4 9 7 4 7 6 10 7 3 9 2 7 0 4 3 9 6 7 8 4 3 10 2 4 0 0 7 8 8 8 7 8 4 0 1 7 2 3 7 9 7 6 6 8 8 3 4 2 8 8 3 0 3 4 0 1 3 5 3 5 5 4 7 8 2 2 7 6 8 4 1 0 3 3 7 2 4 6 1 9 6 8 2 7 7 4 5 7 7 2 7 9 4 8 9 3 2 5 7 6 3 4 9 4 1 2 8 4 7 4 4 6 7 10 6 5 7 4 7 7 0 7 7 2 8 6 7 3 0 9 2 9 1 2 7 0 8 8 3 7 4 6 4 2 2 3 8 9 6 7 6 9 0 5 3 7 4 9 8 3 8 6 4 7 9 7 8 5 0 3 3 5 0 4 4 2 7 6 6 7 4 2 2 7 7 6 4 2 6 7 4 1 0 8 4 7 7 8 7 4 4 3 9 4 8 9 2 3 2 7 7 5 4 6 5 7 0 3 9 3 2 2 9 3 8 5 7 0 9 6 8 6 4 8 9 3 7 4 6 3 1 5 8 9 3 7 6 0 6 6 6 6 10 2 6 7 9 3 4 8 3 7 3 4 9 3 3 5 5 1 
5 0 6 9 1 4 5 4 8 5 7 7 6 7 5 3 9 0 8 5 1 0 5 5 6 3 7 5 5 7 6 4 6 2 1 2 5 9 2 5 6 0 5 5 1 5 8 5 3 6 1 5 6 4 5 5 4 3 9 4 1 5 2 6 5 7 5 3 5 4 4 6 2 8 4 4 5 6 4 5 3 6 3 2 6 5 3 0 3 7 2 7 2 5 2 4 3 1 5 2 5 6 7 3 8 4 5 1 5 5 0 5 4 2 8 5 4 8 2 2 4 5 2 8 4 2 2 7 4 8 3 2 4 6 5 5 6 4 1 5 1 2 0 5 0 2 6 0 1 1 6 7 8 3 8 8 3 5 6 5 6 4 6 6 5 6 6 6 6 1 6 1 6 4 5 5 2 7 7 0 1 5 6 0 3 2 3 7 5 7 5 2 2 3 5 8 6 2 7 3 2 1 6 2 4 4 3 8 0 1 1 2 4 4 1 1 4 3 1 4 2 5 6 5 0 0 4 3 0 2 2 4 4 5 6 4 4 1 5 7 8 6 2 1 1 2 5 6 5 0 7 6 5 6 5 2 2 6 5 0 5 9 5 7 5 3 3 5 0 5 5 2 5 4 1 6 0 7 8 0 1 5 4 5 2 1 5 3 5 5 3 1 1 6 5 5 4 4 2 5 
4 1 5 8 1 3 5 4 7 4 6 6 5 6 4 2 8 0 6 5 2 1 4 4 6 2 6 4 4 6 5 3 5 1 0 1 4 7 1 4 5 0 5 4 0 4 7 4 2 5 0 4 5 3 4 5 2 3 8 3 2 4 3 5 5 6 4 3 4 3 3 5 1 7 3 3 4 5 4 3 3 5 3 3 5 5 3 0 2 6 2 6 1 3 1 4 2 0 4 0 4 6 6 2 7 3 4 2 5 4 0 4 3 3 6 3 3 7 2 2 3 4 3 7 3 1 1 6 3 7 3 2 3 5 5 4 5 3 2 4 0 1 1 4 1 3 5 0 2 2 6 5 7 3 7 7 2 4 5 4 5 3 5 5 4 6 5 5 5 1 5 3 5 4 4 4 1 6 5 1 3 4 6 0 3 1 1 6 4 6 4 0 2 2 4 7 5 1 7 2 1 0 5 2 3 3 2 7 1 0 0 1 4 3 2 0 2 3 0 2 1 5 6 4 0 1 3 3 1 3 1 3 3 4 5 3 4 1 5 6 7 5 2 0 2 1 4 5 4 1 6 5 4 5 4 1 1 6 4 0 4 7 4 6 4 4 2 4 1 4 4 2 4 4 0 5 0 6 7 0 2 4 4 4 1 3 4 2 4 4 3 2 0 5 4 4 3 3 1 4 
68 54 69 72 48 46 52 66 39 33 31 31 20 55 62 38 63 40 37 46 61 22 18 73 17 24 58 21 27 56 34 60 67 49 42 25 61 57 27 51 25 23 44 19 31 47 17 72 19 27 10 71 61 69 32 46 59 20 32 60 43 72 45 14 32 66 22 59 41 62 55 34 15 45 68 42 30 47 42 70 50 15 33 65 30 64 58 38 54 58 16 67 16 27 58 15 46 65 26 64 55 51 32 62 69 54 23 45 66 53 71 50 65 35 51 59 70 73 72 18 41 24 43 73 36 21 28 50 43 65 62 55 38 65 14 18 33 47 64 28 21 29 53 29 60 16 36 38 30 27 63 26 73 24 49 37 21 53 44 39 68 26 57 18 60 29 29 66 59 62 16 45 44 47 40 71 45 18 54 60 15 25 21 36 51 34 50 57 70 66 30 33 12 61 23 35 27 39 34 26 46 24 43 21 30 46 34 67 36 63 59 31 51 19 18 47 63 32 17 49 68 36 43 44 54 30 19 23 56 56 12 48 66 15 19 34 20 44 59 64 25 49 39 21 45 66 20 28 69 46 54 23 22 21 64 59 16 41 43 23 28 17 61 29 73 69 20 24 37 23 32 36 54 68 31 64 35 72 53 29 21 37 35 50 35 58 49 30 13 30 49 31 18 56 73 31 31 45 59 66 
95 87 106 99 70 61 82 93 50 50 43 50 27 87 89 52 87 63 46 72 95 33 31 103 28 36 75 31 34 76 48 84 94 75 61 38 85 78 42 68 38 35 71 28 49 63 18 99 26 37 20 100 93 101 51 72 84 25 38 83 68 100 74 26 53 91 35 95 55 88 76 44 22 59 93 65 40 72 55 96 81 24 56 104 50 102 95 60 83 82 29 97 21 35 92 28 66 99 30 94 88 80 47 93 95 88 34 71 104 73 107 67 102 57 68 86 100 101 105 32 56 30 71 100 50 34 47 69 60 91 99 88 52 94 25 30 39 68 98 40 34 43 82 38 94 29 46 63 47 44 98 30 101 43 65 47 27 79 71 50 100 32 87 26 82 47 33 91 89 91 20 72 64 76 63 106 65 15 73 91 27 29 34 57 81 49 74 75 97 98 37 50 25 87 27 45 30 58 54 39 73 39 67 37 47 76 49 93 58 96 91 53 84 23 29 70 92 55 26 69 102 59 68 58 86 44 23 31 85 89 18 74 93 22 18 45 37 71 95 88 30 67 65 30 73 97 32 41 96 75 80 36 26 32 88 86 23 64 57 34 33 19 91 33 100 110 27 33 58 35 51 59 73 95 49 88 54 110 71 45 35 49 47 78 53 90 65 45 19 37 80 50 32 82 101 47 50 64 86 101 
7 0 4 10 4 7 4 7 9 5 7 5 6 4 5 5 9 2 9 4 2 3 3 7 5 3 9 4 7 8 6 7 7 3 3 4 7 9 3 7 5 3 3 5 2 7 9 7 5 6 1 7 5 4 4 4 5 6 10 7 2 7 0 4 3 8 4 0 6 6 6 7 4 9 7 4 5 5 7 6 2 5 0 0 3 3 1 2 3 7 0 7 5 6 1 2 5 3 7 3 3 4 6 3 9 2 5 1 3 7 2 7 3 2 8 5 5 9 5 1 6 7 0 9 6 2 1 7 6 9 2 1 7 6 3 4 8 4 2 5 2 4 2 7 2 0 7 0 2 2 4 8 8 2 9 8 5 4 4 7 6 7 5 5 7 4 8 7 5 4 6 2 6 3 4 5 4 9 7 3 1 7 5 2 3 4 3 9 7 6 7 4 1 5 7 8 8 4 5 3 1 2 4 0 4 2 5 9 2 3 1 1 2 6 2 3 4 2 3 6 3 3 4 7 0 3 6 6 2 0 3 4 7 5 8 7 2 1 2 8 9 6 0 4 1 4 4 5 7 0 6 5 7 5 7 4 4 5 7 2 7 9 5 8 7 1 5 5 2 4 3 0 7 7 2 7 2 5 9 2 1 6 7 4 4 2 7 4 5 7 1 2 1 6 7 5 3 5 4 3 
3 6 6 2 4 2 6 4 1 4 3 7 2 8 1 2 2 6 0 6 8 6 6 5 6 2 1 4 5 0 2 4 1 3 5 5 5 2 3 3 4 6 7 3 4 4 2 1 6 3 5 5 5 1 5 5 3 5 2 3 8 2 8 8 8 0 4 8 1 5 2 1 5 1 1 4 0 5 2 1 6 5 7 7 7 8 7 6 4 3 8 3 3 2 4 7 4 6 1 1 7 8 4 2 1 6 3 8 8 5 6 2 6 9 1 1 0 1 3 4 3 4 7 1 5 3 4 2 3 3 6 7 5 3 7 5 1 1 8 3 4 4 7 5 7 8 0 6 9 8 7 0 1 7 1 1 4 4 7 3 3 3 5 4 2 7 1 2 4 4 1 9 3 6 5 4 5 1 0 7 9 3 7 6 5 4 2 1 2 4 2 5 7 4 4 2 1 4 8 2 4 6 7 7 4 7 4 2 7 6 4 5 8 2 8 4 1 7 5 3 2 7 7 2 5 6 3 4 7 8 3 4 4 3 1 4 7 5 8 0 2 0 8 4 7 4 4 4 4 6 4 5 3 4 2 2 5 6 4 4 1 3 3 0 2 8 3 3 7 4 6 8 2 3 4 0 6 7 1 6 8 1 5 5 5 9 3 2 3 2 7 8 5 3 3 4 5 1 2 4 
36 34 38 33 27 23 31 36 16 19 15 21 9 34 30 20 29 27 16 27 38 17 14 39 12 14 27 13 17 24 16 33 33 28 25 17 34 25 17 27 14 17 28 11 19 26 6 35 14 13 11 39 34 35 19 27 32 13 12 31 29 37 30 14 23 31 15 37 21 34 28 15 12 19 34 25 14 27 21 35 31 11 24 40 21 39 37 25 31 28 15 33 11 15 34 14 26 38 13 33 34 31 18 33 31 34 13 30 40 29 41 26 38 26 21 29 35 33 39 14 22 15 29 33 22 14 19 23 24 30 37 35 22 32 13 14 16 24 39 15 15 18 33 18 37 16 17 26 23 21 37 11 32 19 21 15 13 29 28 21 35 15 31 10 30 20 14 33 32 35 7 31 23 29 25 38 27 7 23 36 15 13 15 24 31 21 27 27 35 35 15 21 13 33 13 14 12 23 22 15 28 18 26 18 19 30 20 30 25 37 34 21 33 11 17 27 32 23 14 27 36 24 27 23 33 20 11 15 35 36 9 27 36 10 9 20 17 28 37 30 9 22 27 14 30 37 12 16 37 30 28 15 13 13 32 32 12 25 23 16 14 7 32 12 37 42 13 13 25 14 21 26 27 36 20 31 23 41 23 20 18 18 21 29 22 37 26 17 8 16 32 23 15 28 37 18 20 23 31 36 
6 6 4 2 6 5 5 7 0 3 1 6 0 7 1 4 0 8 3 4 9 8 5 7 4 3 4 3 8 0 0 7 3 4 7 6 8 1 4 6 2 8 6 3 4 7 0 4 8 1 5 8 3 2 3 4 5 7 2 6 9 5 8 6 7 2 4 8 4 7 5 2 6 2 5 4 1 4 5 4 6 3 8 8 6 7 7 7 5 0 8 1 6 5 4 6 6 7 4 2 6 6 2 3 0 6 3 9 7 8 7 5 5 10 1 1 2 0 6 5 5 7 8 2 8 4 4 0 5 0 6 7 7 1 6 5 4 2 9 2 5 6 9 8 8 9 3 7 10 9 5 3 0 7 2 0 6 3 6 6 1 6 2 2 4 6 4 5 3 7 0 10 2 5 5 3 8 4 0 9 9 6 5 7 5 6 3 4 5 2 5 6 7 6 7 1 4 5 6 3 4 7 5 8 4 6 6 0 8 8 5 5 7 5 10 6 2 6 7 6 3 6 5 5 6 8 5 7 9 8 4 4 7 3 4 7 6 5 7 2 1 0 8 6 8 7 2 3 7 7 1 3 6 3 5 4 7 4 7 6 5 0 3 3 6 7 6 3 8 3 5 8 5 6 4 3 8 6 0 7 9 3 8 4 6 10 7 3 3 5 7 9 5 2 6 3 5 2 4 3 
34 34 40 34 27 22 32 34 17 20 17 22 11 35 31 19 30 26 15 28 38 16 15 38 13 14 25 13 15 25 18 31 32 28 24 16 32 27 17 25 16 16 29 12 19 24 7 34 13 15 11 37 35 35 21 28 31 12 13 30 29 35 30 15 24 31 15 38 20 33 27 16 11 20 32 25 14 28 20 34 32 12 24 40 22 40 37 25 31 29 15 35 10 14 34 15 25 37 11 33 35 32 19 33 32 34 14 30 41 28 40 24 38 26 23 30 34 34 38 14 21 13 29 34 21 14 19 25 23 32 37 35 21 34 14 14 14 24 38 16 15 18 33 17 37 16 16 26 22 21 38 11 34 20 22 16 12 30 29 19 36 13 32 12 29 21 12 32 33 34 8 30 24 30 25 39 26 5 24 36 15 12 16 24 31 20 27 25 34 36 14 20 13 32 12 16 10 23 24 15 28 18 27 18 19 30 20 32 25 37 34 22 34 10 16 27 32 24 13 26 36 25 28 21 33 19 10 14 34 36 9 28 34 10 7 18 18 28 38 30 11 23 28 13 30 36 14 17 35 30 30 16 11 14 31 31 12 26 22 15 12 8 33 11 35 43 12 14 25 15 22 26 26 34 20 30 23 42 24 19 18 18 20 30 21 36 24 17 9 14 32 23 15 29 36 19 21 23 31 37 
0 4 7 6 0 0 7 0 6 5 6 9 5 9 3 0 6 4 4 7 5 3 7 1 7 3 3 5 1 4 5 0 3 2 1 2 1 6 3 0 6 2 8 5 3 1 6 1 2 5 4 1 7 3 6 7 1 1 6 0 5 0 6 8 8 4 6 7 2 1 0 4 2 5 0 5 3 7 0 0 6 7 6 6 8 8 7 4 4 6 6 6 0 1 4 7 1 3 1 0 7 9 7 3 5 6 4 6 8 1 2 0 6 6 5 3 2 6 0 4 1 0 6 5 1 3 4 6 1 7 5 6 0 6 7 6 2 3 5 5 3 2 4 1 5 6 3 4 6 5 8 3 5 6 5 5 1 5 8 0 6 0 7 6 2 8 2 1 6 1 4 6 6 6 6 5 2 4 4 4 6 0 8 4 5 2 2 3 0 7 0 2 5 1 0 6 2 2 9 3 4 4 8 6 4 6 1 6 5 3 3 4 8 1 6 1 2 6 3 1 2 7 8 1 4 2 1 0 4 7 2 5 0 5 3 0 7 4 8 4 6 4 6 0 6 0 6 6 0 4 7 7 0 6 2 0 2 8 0 1 1 7 4 3 0 7 1 4 4 5 6 6 0 0 3 3 3 9 5 3 5 3 1 6 2 6 0 3 5 0 7 5 3 5 0 5 5 2 1 6 
6 0 6 10 3 6 6 6 9 6 8 7 7 6 6 4 10 1 9 6 0 1 5 6 6 4 9 5 6 8 7 6 7 3 2 3 6 10 3 6 7 1 5 6 2 6 9 7 4 7 1 6 7 5 5 6 5 5 10 6 0 6 2 5 5 8 6 2 7 6 6 8 3 10 6 5 6 6 6 6 3 6 2 2 5 5 3 2 4 8 1 8 4 6 2 4 5 2 7 3 5 6 7 4 9 4 6 0 5 6 0 7 4 0 9 6 5 9 4 3 6 6 2 9 5 3 3 8 5 9 4 2 6 7 5 5 8 5 0 6 2 4 0 6 1 1 7 0 0 0 6 8 9 3 10 9 5 5 6 7 7 5 7 7 7 6 8 7 6 3 7 0 7 4 5 6 3 9 8 1 0 6 6 1 4 4 4 9 6 7 6 3 2 5 6 9 8 4 7 4 2 2 6 1 4 4 4 10 1 2 2 2 4 6 0 2 5 3 3 5 3 5 6 7 1 2 6 5 0 2 3 5 6 6 8 6 4 2 4 8 9 7 1 3 1 3 6 7 7 0 7 7 6 6 7 4 3 6 6 1 7 10 6 8 7 3 5 6 1 6 5 1 6 6 2 8 1 7 9 1 0 7 6 5 3 0 6 4 6 7 3 0 1 7 6 6 4 5 4 5 
72 59 66 73 52 49 52 70 39 34 31 28 20 53 63 41 63 45 39 44 66 26 18 76 14 26 59 22 31 57 34 64 69 53 46 29 65 57 30 54 24 28 44 21 34 51 16 74 24 27 14 75 61 71 31 44 62 24 33 63 48 75 49 14 32 68 23 63 43 66 58 35 19 46 71 44 31 47 45 72 54 12 37 69 28 64 62 43 57 57 20 67 20 31 62 17 50 69 29 67 56 47 31 64 69 57 25 50 66 57 76 53 68 40 51 60 72 73 76 21 44 28 47 74 40 24 31 50 46 64 66 59 42 65 14 19 35 49 68 29 25 33 58 33 65 20 38 43 34 32 59 28 73 28 50 36 24 54 43 42 67 30 55 16 62 27 31 69 59 66 16 50 45 49 41 72 49 19 54 64 19 28 17 41 54 38 53 59 73 65 33 37 17 64 26 35 29 43 30 28 50 29 41 26 33 49 38 67 41 68 63 36 53 22 22 51 65 36 21 52 71 36 39 47 59 34 22 27 60 60 15 50 70 17 21 38 23 48 61 65 25 49 44 25 50 70 18 27 72 51 52 22 26 22 67 63 20 37 46 27 31 16 63 30 76 72 24 25 41 24 33 40 57 72 35 66 39 68 53 33 25 39 39 51 39 62 52 32 14 33 52 36 23 57 76 32 34 47 62 65 
38 31 34 37 28 26 27 38 19 16 14 17 8 30 30 21 31 25 20 23 37 16 10 41 8 13 31 11 18 28 15 35 35 27 25 16 35 28 15 29 10 16 24 10 18 28 7 38 15 12 9 40 29 35 15 23 32 14 17 33 28 39 28 10 19 34 11 34 22 36 30 17 11 23 37 22 15 23 24 37 29 7 21 37 17 35 34 24 29 28 13 32 12 17 32 11 26 37 16 33 30 27 14 32 34 31 12 29 36 31 40 28 35 24 25 29 36 36 40 11 23 16 26 37 23 12 16 24 24 32 34 32 23 31 9 10 19 23 38 13 14 18 32 19 36 13 19 24 21 20 33 14 36 16 25 17 14 27 24 23 31 17 27 6 32 16 17 36 29 35 7 29 21 26 21 36 27 11 27 35 13 16 11 23 28 21 26 30 38 31 17 20 11 34 15 17 15 22 18 14 26 16 22 16 17 27 21 33 23 37 33 19 30 12 15 27 32 20 13 28 35 20 22 25 31 20 12 16 34 33 8 25 37 8 11 21 14 25 33 33 12 24 25 14 28 37 8 12 38 27 24 11 15 10 34 32 12 20 25 16 17 8 31 16 40 39 13 12 24 11 17 23 30 38 18 33 22 37 26 19 16 20 22 26 21 35 28 15 6 18 29 22 13 27 40 15 18 23 31 32 
38 28 35 41 27 27 27 38 23 18 18 16 12 28 33 22 35 22 23 24 33 14 9 41 9 13 33 12 18 31 19 34 37 26 24 15 35 33 15 30 14 14 22 12 17 28 12 40 13 16 6 40 32 36 17 24 32 14 20 34 24 40 24 7 16 37 12 30 24 35 31 20 10 27 38 22 17 25 25 38 26 8 17 33 15 32 29 21 28 32 9 36 11 17 30 7 26 35 17 33 27 26 18 32 38 27 14 25 33 31 38 29 33 20 29 32 38 40 39 9 24 16 22 41 22 11 14 28 25 36 32 29 23 35 7 10 21 25 34 16 12 17 29 19 32 9 21 20 17 16 32 17 40 12 29 22 14 28 22 24 36 17 30 10 33 15 19 37 31 34 10 25 25 24 21 37 26 13 30 33 10 17 11 20 27 20 27 33 39 35 19 19 7 34 16 21 18 22 18 14 24 14 22 12 17 23 20 37 20 34 31 16 25 13 12 26 33 16 11 28 36 18 22 26 28 18 13 15 30 29 8 26 37 9 14 21 10 23 29 36 16 27 21 13 24 36 11 16 39 24 29 13 15 12 36 32 11 21 26 14 18 12 33 18 41 34 13 14 21 13 16 19 31 38 17 35 20 37 30 17 13 22 22 26 20 32 29 17 9 19 25 18 10 31 41 17 17 25 31 33 
34 33 40 34 26 21 32 34 18 19 17 22 11 35 31 19 31 26 15 28 37 16 15 37 13 14 25 13 15 26 18 31 32 27 24 16 32 27 16 24 16 16 29 12 19 24 8 33 13 14 10 37 35 35 20 28 30 12 14 29 28 35 30 14 23 31 15 37 20 33 26 15 11 20 32 25 14 28 19 33 31 12 24 40 22 40 37 24 31 29 15 35 9 13 34 14 25 37 11 32 34 32 19 33 33 34 14 30 40 27 40 24 38 25 23 30 34 35 37 14 21 13 29 34 20 14 19 25 22 32 37 34 20 34 13 14 14 24 38 16 14 17 32 16 36 16 16 25 22 20 38 10 34 19 23 17 12 29 29 18 36 13 32 12 29 21 11 32 33 33 8 30 24 30 25 38 25 5 25 35 15 11 16 24 31 20 27 25 33 36 13 20 13 32 11 16 10 22 23 15 28 17 27 18 19 30 19 32 24 36 34 21 34 10 16 26 32 23 13 25 36 25 28 21 33 19 9 13 34 36 8 28 34 10 6 18 17 27 37 30 12 23 27 13 30 35 14 17 35 29 30 16 11 14 30 30 11 26 21 14 12 9 33 11 35 42 12 13 24 14 21 25 25 33 19 30 22 42 25 19 17 17 19 30 21 36 24 17 9 14 32 22 14 29 35 19 20 22 30 37 
38 31 34 37 27 26 27 37 19 16 14 17 8 30 30 21 31 25 20 23 36 16 10 41 8 13 31 11 18 28 15 34 35 26 25 16 35 29 15 29 10 16 24 9 18 27 8 38 14 12 8 40 29 34 15 23 32 14 17 33 27 39 27 9 19 34 11 34 22 35 30 17 11 24 36 22 15 23 24 37 28 7 21 37 17 35 33 23 29 28 13 32 11 16 31 11 26 36 16 33 30 27 14 32 34 30 12 28 36 31 40 28 35 24 25 29 36 36 40 11 23 16 26 38 23 12 16 24 24 32 34 32 23 31 9 10 18 23 37 13 13 18 32 19 35 13 19 23 21 19 33 14 36 16 25 18 14 26 24 23 31 17 27 6 32 16 17 36 28 35 7 29 21 26 21 35 27 11 27 35 13 16 11 22 28 20 26 30 38 31 17 20 11 34 15 17 15 22 18 13 25 16 22 15 16 26 21 33 23 36 32 19 30 12 15 27 32 20 13 27 35 20 22 25 31 20 12 16 33 33 8 25 37 7 11 21 14 25 33 33 12 24 25 14 28 37 8 12 38 27 25 10 15 9 34 32 12 20 25 15 17 8 31 16 40 39 13 12 23 11 17 23 29 38 18 33 22 37 26 19 16 20 22 26 21 35 28 15 6 18 29 21 12 27 40 15 17 23 31 32 
37 27 35 39 25 25 27 36 22 17 17 17 12 30 32 20 34 21 21 24 33 13 10 39 10 12 32 11 16 30 18 33 35 24 22 14 33 31 13 28 14 13 23 10 15 26 11 38 12 15 5 39 32 35 17 24 31 12 19 32 24 38 24 9 17 35 12 31 22 34 29 19 9 25 36 21 16 24 23 37 25 9 18 34 17 34 31 20 26 31 9 35 9 16 28 8 25 33 15 32 29 27 17 31 37 28 12 25 34 29 37 27 32 20 28 30 36 39 38 8 22 15 23 39 21 10 13 27 23 35 31 28 22 34 8 9 19 24 34 15 10 16 29 17 32 10 20 20 17 16 33 15 39 13 27 21 12 27 23 22 35 15 30 10 32 16 17 35 30 32 9 25 24 24 20 36 24 11 29 32 9 15 12 19 25 18 25 31 37 34 17 17 7 32 14 20 16 20 19 13 22 13 23 12 15 24 19 36 19 33 29 15 27 11 11 24 32 17 10 26 34 19 23 24 27 16 11 14 30 29 6 24 35 8 12 19 11 21 31 34 15 26 21 12 24 35 11 15 37 24 28 13 14 12 34 30 9 22 24 12 16 11 31 17 39 36 11 13 20 12 16 19 29 37 15 34 19 38 29 16 12 20 20 25 19 31 27 15 8 17 26 18 9 29 39 16 15 23 30 33 
94 87 107 99 69 60 83 93 51 50 44 51 28 88 90 53 88 64 46 73 95 33 32 102 29 36 75 32 34 77 49 84 95 76 61 38 85 78 43 67 39 35 72 29 49 62 19 98 26 38 21 100 94 102 51 73 84 25 39 82 68 100 74 27 54 92 36 96 56 88 75 45 23 60 93 66 41 73 54 96 82 25 56 104 51 103 95 60 84 83 29 98 21 35 92 29 66 99 29 94 89 81 48 94 96 89 34 71 105 72 107 66 103 57 68 87 100 102 105 33 56 30 71 101 49 34 47 70 60 92 100 89 51 95 26 31 39 69 98 41 34 43 82 37 94 30 47 64 48 44 99 31 102 44 66 48 27 80 72 49 101 32 88 27 83 48 32 91 90 91 21 72 65 76 64 107 65 16 74 91 27 28 35 58 81 49 75 75 96 99 36 50 25 87 26 46 29 58 54 39 74 39 68 38 47 77 49 94 58 96 92 54 84 23 29 70 93 56 26 69 102 59 69 58 87 44 23 31 85 90 18 74 93 23 18 45 38 72 96 89 31 68 65 30 74 96 33 42 95 76 81 37 26 33 88 86 23 65 56 34 33 20 91 34 99 111 27 34 58 35 52 59 72 94 49 89 54 111 72 45 35 50 46 79 53 90 65 45 20 36 80 50 32 82 100 48 51 65 87 102 
5 2 2 5 3 4 2 6 4 0 2 3 2 4 1 2 4 4 5 2 5 5 2 6 2 0 5 0 6 3 1 6 3 0 4 3 6 4 0 5 1 4 3 0 0 6 4 4 5 2 1 6 2 0 1 2 3 5 5 5 5 5 4 3 3 4 0 4 3 6 4 3 3 5 4 0 1 1 5 4 2 2 3 4 3 4 3 3 1 3 4 2 4 4 0 3 3 3 4 0 2 4 2 0 4 2 0 5 3 6 4 5 1 6 4 0 2 4 4 0 4 5 4 5 6 0 0 3 4 4 1 3 5 2 2 1 5 0 5 1 1 3 5 6 4 4 3 3 6 5 3 4 4 3 5 4 4 0 3 5 1 5 2 1 4 3 5 5 1 4 1 6 2 2 1 0 5 5 3 5 5 5 3 3 1 3 0 5 4 2 4 3 3 4 6 4 5 2 4 0 0 3 2 4 0 2 4 4 4 4 1 1 4 3 6 3 0 2 3 4 0 3 3 4 2 4 4 5 5 4 1 0 5 0 5 5 2 1 4 3 4 2 4 3 4 4 1 1 6 2 2 2 5 1 4 2 4 2 6 3 4 4 1 4 5 3 3 1 4 0 1 4 4 5 1 3 4 3 4 4 5 3 6 1 3 6 6 0 1 5 3 5 1 1 5 0 1 1 1 0 
3 6 7 2 4 1 7 4 2 5 4 8 3 9 2 2 3 7 0 6 8 7 7 4 7 3 0 4 5 1 3 4 1 3 5 5 5 2 4 2 5 6 8 4 4 3 3 0 6 4 6 5 6 2 6 6 3 5 2 2 9 2 8 9 9 1 5 8 2 5 1 2 5 1 1 5 1 6 1 1 7 6 8 8 8 9 8 6 5 4 8 4 3 2 5 8 4 6 1 1 8 9 5 3 2 7 4 9 9 4 6 1 6 9 1 2 1 2 3 5 3 4 8 1 5 4 5 3 3 4 6 8 4 4 8 6 1 2 8 4 4 4 7 5 8 9 1 7 9 8 8 0 1 7 2 2 4 5 8 2 4 3 6 5 2 8 0 2 5 4 2 9 4 7 6 4 5 0 1 7 9 2 7 7 6 5 3 0 1 5 1 5 7 4 3 2 0 4 9 3 5 6 7 8 5 7 4 2 7 6 5 5 9 3 9 4 2 7 6 3 3 8 8 2 6 6 3 4 8 9 3 5 4 4 0 4 8 5 9 1 3 1 8 4 8 4 5 5 4 6 5 6 3 5 1 3 5 7 3 4 1 4 4 0 2 8 4 4 7 5 7 8 1 2 4 1 6 8 2 6 8 2 5 6 5 9 3 3 4 1 8 8 5 4 2 5 6 1 2 5 
33 30 40 40 21 21 32 31 23 21 20 23 14 35 33 18 36 22 21 29 32 10 15 34 15 14 30 14 12 31 21 28 35 26 19 13 29 32 16 24 18 11 28 13 18 21 13 36 7 17 8 34 36 36 21 29 29 7 19 28 24 35 27 14 22 36 16 35 22 29 27 19 8 26 32 25 17 29 19 34 30 13 22 37 22 39 35 21 30 33 12 38 5 13 32 13 22 33 13 32 34 32 21 33 38 33 15 25 39 24 34 24 37 21 28 32 36 40 33 13 20 10 26 39 15 13 18 29 21 37 36 32 17 36 13 14 17 26 33 18 12 15 27 12 32 12 19 22 17 15 38 15 39 18 28 22 9 30 29 18 39 11 34 14 30 21 14 33 34 28 11 26 26 29 25 39 20 10 29 30 11 10 17 20 30 16 27 30 34 38 14 17 11 29 10 21 14 20 24 15 26 14 28 15 18 29 16 37 20 32 31 20 32 9 11 22 33 22 9 23 35 24 28 22 30 13 9 9 29 33 7 28 31 11 10 15 16 25 36 35 16 27 24 9 26 30 15 19 33 26 32 17 9 15 32 29 7 27 19 9 13 13 34 16 35 40 10 15 20 15 21 22 26 32 17 34 17 43 30 14 12 20 15 30 18 31 22 17 11 14 30 17 12 32 34 20 20 24 30 38 
100 81 102 105 70 66 78 97 56 49 45 46 29 82 92 55 92 59 53 69 90 30 27 106 25 36 83 31 37 82 50 88 99 74 60 36 88 83 41 73 37 33 66 28 46 67 23 105 26 39 15 103 91 103 48 69 86 27 45 87 62 106 66 21 47 97 33 87 60 90 81 49 21 65 99 63 44 70 60 102 76 22 48 96 45 95 87 56 80 85 22 99 22 39 88 22 68 96 37 95 83 75 47 92 101 82 34 65 98 76 105 73 98 51 74 88 104 107 107 28 59 34 63 107 51 31 43 73 62 95 94 81 54 96 21 27 47 70 93 41 31 43 78 40 89 22 51 57 42 39 94 37 107 37 71 53 29 79 66 55 101 36 85 26 87 43 40 97 88 91 23 65 65 71 60 106 64 23 79 87 20 34 31 53 77 49 75 83 103 98 42 48 18 89 31 50 37 57 49 39 70 35 64 30 45 70 50 98 53 93 88 48 76 26 24 69 94 49 24 71 102 53 64 64 81 42 27 33 81 81 17 72 96 22 26 48 31 66 89 94 35 72 57 31 67 97 30 41 100 69 80 34 31 31 94 88 22 61 61 32 40 23 91 41 106 102 29 35 53 34 48 52 78 100 46 94 51 106 77 41 29 54 49 75 51 84 70 45 20 43 72 45 27 83 106 46 47 67 87 99 
1 4 8 8 0 1 8 0 7 7 7 10 7 10 5 2 8 4 6 8 4 2 8 1 9 4 5 6 1 6 6 0 5 3 0 3 1 8 3 1 8 1 9 6 4 1 8 3 0 7 4 1 8 4 7 8 2 0 8 1 4 1 6 9 8 6 7 7 4 0 2 6 3 7 1 6 5 8 1 2 6 8 7 6 9 9 7 4 5 8 6 8 0 3 4 7 2 3 3 2 8 9 8 4 7 7 6 5 8 1 1 2 6 6 7 5 3 7 0 5 3 1 6 7 0 4 5 7 2 8 6 6 1 7 8 7 4 4 3 6 3 3 3 0 4 6 5 4 5 4 9 5 7 7 7 7 2 6 9 1 7 0 8 8 4 9 3 3 7 0 6 5 7 7 7 6 0 5 6 3 6 1 9 4 6 2 3 5 2 8 2 3 6 2 1 8 4 3 10 4 4 4 9 6 5 7 2 8 4 3 3 5 8 3 5 1 4 7 3 2 3 8 9 3 4 1 3 1 3 7 3 6 1 6 4 1 7 4 8 6 8 6 6 1 5 0 7 8 2 4 8 8 1 7 3 2 2 9 1 0 2 9 6 5 1 7 2 6 4 6 7 6 2 0 3 5 2 10 7 2 4 5 0 7 3 5 1 4 7 2 7 4 4 7 1 7 6 4 2 7 
33 30 40 39 21 21 31 31 22 20 19 22 13 34 32 18 35 21 20 28 32 11 14 35 14 13 30 13 12 30 20 28 35 25 19 12 29 32 15 24 17 11 28 12 17 22 12 35 8 16 7 34 35 36 20 28 28 8 19 28 24 35 27 13 22 35 15 34 21 29 26 19 7 25 32 24 16 28 19 34 29 12 21 37 21 38 34 20 30 32 11 37 5 13 31 13 22 33 12 31 33 32 20 32 37 32 14 25 39 25 35 24 37 21 28 31 35 39 33 12 19 11 26 39 16 12 17 28 20 36 35 31 17 35 12 13 17 25 33 17 11 14 27 13 32 12 19 22 17 15 37 14 39 17 27 21 8 29 28 18 38 11 33 13 29 20 14 33 33 28 10 25 26 28 24 38 21 10 29 30 11 11 16 20 29 15 26 30 34 37 14 16 10 28 10 20 13 19 23 14 25 13 27 14 17 28 15 37 20 31 30 19 31 9 11 21 32 21 8 23 34 23 27 22 29 14 9 9 29 32 6 27 31 10 10 15 15 24 35 34 16 26 24 8 26 30 14 18 33 26 31 16 10 14 32 28 7 26 20 9 13 12 33 15 35 40 9 14 20 14 20 21 26 32 16 33 17 42 29 14 12 19 16 29 17 31 23 16 10 14 29 18 11 31 35 19 19 23 29 37 
65 56 72 72 43 42 56 62 39 35 32 36 22 60 62 35 64 40 36 50 60 19 22 68 21 24 56 22 23 56 35 56 66 50 37 23 57 57 28 47 28 20 48 21 32 43 17 69 15 28 12 67 64 69 36 50 56 15 31 56 43 69 48 19 36 66 25 63 40 58 52 33 13 45 64 44 30 50 38 67 54 19 36 68 35 69 63 37 56 59 17 68 12 25 60 19 43 63 24 63 60 55 34 62 69 59 24 45 70 49 68 47 68 36 50 60 69 73 68 21 38 20 46 73 32 22 31 51 40 66 66 57 34 66 18 21 31 47 62 29 21 27 51 25 60 18 34 40 29 26 67 25 73 29 49 37 17 54 49 35 70 22 60 20 57 33 26 64 62 57 17 45 46 51 43 73 40 16 53 57 16 21 25 36 54 31 50 56 67 69 27 31 15 57 19 35 24 38 38 26 48 24 47 23 32 51 31 67 36 60 59 34 56 16 17 43 63 37 14 46 68 40 47 42 55 26 17 19 54 58 11 50 62 16 17 30 25 46 64 64 25 49 42 17 47 62 24 30 65 48 57 26 18 24 62 57 12 45 39 19 25 18 62 27 69 73 17 25 36 25 35 38 51 64 31 63 32 76 53 26 20 36 30 53 33 57 45 31 15 27 53 30 19 57 69 33 34 45 57 69 
8 1 3 10 5 7 3 8 8 4 6 3 6 3 5 5 8 3 9 3 4 4 2 8 3 3 9 4 8 7 5 8 7 3 5 5 9 9 3 8 4 4 2 5 2 8 8 7 7 6 1 9 4 4 3 3 6 7 10 7 3 8 1 2 1 8 4 0 7 8 7 7 5 9 7 3 5 4 8 7 2 3 1 1 2 1 0 3 3 7 2 6 6 7 2 1 6 4 8 3 2 2 5 3 8 1 5 3 1 8 4 8 2 3 8 5 6 8 6 1 7 8 1 9 8 2 1 7 6 8 2 2 8 6 2 3 8 4 4 5 2 5 4 8 3 1 7 1 4 4 3 8 8 1 9 8 6 4 2 8 5 8 4 4 7 3 8 8 4 5 6 3 6 2 3 4 6 9 7 4 3 8 3 3 3 5 4 9 8 5 7 4 1 6 8 8 8 4 4 3 2 3 3 2 4 1 6 8 3 4 2 1 0 6 4 4 4 1 4 6 3 2 3 8 1 5 7 7 4 1 3 4 8 4 8 8 1 1 1 8 8 6 1 5 2 5 3 5 8 1 5 4 8 5 8 5 5 3 8 4 8 8 5 8 8 0 6 5 4 4 3 2 7 8 2 7 4 4 8 4 3 7 8 3 5 4 8 4 5 8 0 3 1 6 8 4 3 5 4 3 
2 5 6 4 2 0 6 3 3 4 4 8 3 8 1 0 4 5 2 6 7 5 6 3 6 2 1 3 4 2 3 3 1 2 3 3 3 3 2 2 5 4 7 3 3 3 4 0 4 3 4 4 5 1 5 6 2 3 3 1 7 1 7 8 7 2 4 7 0 3 0 2 3 3 0 4 1 5 1 0 5 6 7 7 7 8 7 5 4 4 7 4 2 1 3 6 2 4 0 0 7 8 5 2 3 6 3 7 7 3 4 1 5 8 2 2 0 3 2 4 1 3 7 2 4 3 4 3 1 4 5 6 3 4 7 5 0 1 6 3 3 3 6 4 6 7 0 5 7 7 7 1 2 6 3 3 2 4 7 2 4 2 5 5 0 7 1 0 4 3 2 7 4 6 5 4 4 1 1 6 7 2 7 5 5 3 1 1 0 5 0 3 6 2 2 3 0 3 8 2 3 5 7 6 4 6 2 3 6 5 3 4 8 1 7 3 1 6 4 2 2 7 7 0 4 4 1 3 6 7 2 4 2 3 0 2 6 4 8 2 3 1 7 2 6 3 4 5 2 5 5 5 2 4 0 1 4 6 2 3 0 4 3 1 1 7 2 3 6 4 6 7 0 2 3 1 4 8 3 4 6 1 4 5 3 7 2 2 3 1 7 7 4 3 2 4 4 0 1 4 
6 3 1 5 5 5 1 7 4 0 1 3 1 3 1 3 4 5 5 1 6 6 2 7 1 1 6 1 8 3 1 7 4 1 5 4 7 4 1 6 0 5 3 1 2 7 3 5 7 1 2 8 0 1 0 1 4 6 5 6 6 6 4 3 3 4 0 4 4 7 5 3 4 5 5 1 1 0 5 5 2 1 4 4 3 4 4 4 2 2 5 2 5 5 1 3 5 5 5 1 2 3 1 1 4 2 1 6 3 7 5 6 2 7 4 1 2 4 5 1 5 7 4 5 7 1 1 2 5 3 2 4 7 1 2 1 5 1 6 1 2 4 6 8 5 5 4 3 7 6 2 4 4 3 5 3 5 1 2 6 0 6 0 0 4 3 5 5 0 5 1 7 1 2 1 0 6 6 3 6 6 6 2 4 2 5 1 5 5 1 5 4 4 5 7 4 5 3 3 1 1 4 2 4 1 3 5 4 5 5 2 2 4 4 7 4 1 3 5 5 1 2 2 5 3 6 5 6 6 5 2 1 6 1 5 6 3 2 4 4 4 2 5 4 5 5 0 0 7 3 1 0 6 0 5 3 5 1 7 4 5 3 1 5 6 4 4 1 5 0 1 5 5 6 2 4 5 3 4 5 6 3 8 1 4 7 7 1 1 6 4 6 2 1 6 0 1 2 2 0 
131 114 135 131 95 86 104 128 65 63 53 61 31 110 117 72 113 84 64 91 125 45 37 140 31 47 105 39 49 101 60 116 128 100 83 51 117 102 56 95 45 48 89 35 64 88 20 137 37 45 25 137 118 134 62 91 114 36 51 115 89 138 96 30 66 123 43 123 76 120 105 59 31 79 130 84 54 91 78 133 106 26 71 135 61 130 123 79 109 105 36 125 30 50 120 34 90 131 45 127 113 101 58 123 125 114 43 93 134 100 144 94 133 74 90 113 135 133 143 40 78 44 91 135 69 44 60 89 82 117 129 115 72 121 29 36 57 90 129 50 45 58 109 53 124 36 64 83 62 57 124 44 134 54 87 60 39 103 89 71 128 47 109 29 113 57 49 126 114 123 24 94 81 97 80 139 88 25 97 121 33 43 40 75 105 67 99 105 134 126 54 67 31 119 40 58 45 78 65 51 96 51 84 48 60 98 67 121 76 128 121 69 107 34 38 94 122 70 35 94 136 73 84 82 114 60 34 44 113 116 24 96 128 27 29 64 46 93 123 119 38 89 84 42 96 131 37 50 132 98 100 43 39 38 121 117 31 79 80 47 50 21 119 48 139 143 38 43 76 43 64 76 102 131 65 120 72 141 93 60 45 68 65 100 71 118 91 59 22 54 103 65 41 106 139 59 64 87 116 130 
38 32 35 36 28 26 28 38 18 17 14 18 7 31 30 21 30 26 20 24 37 17 11 41 9 13 30 11 18 27 15 35 35 27 26 17 35 28 16 29 11 17 25 10 18 28 7 38 15 12 9 40 30 35 16 24 32 15 16 33 28 39 29 11 20 33 12 35 22 36 30 17 12 23 36 23 14 24 24 37 29 7 22 38 18 36 35 24 30 27 14 31 12 17 32 12 27 37 15 33 31 28 15 32 33 32 12 29 37 31 41 28 36 25 24 29 36 35 40 12 23 16 27 37 23 13 17 23 25 31 35 33 24 31 10 11 18 23 38 14 14 19 33 20 36 14 19 25 22 20 33 14 35 17 24 16 14 27 25 23 31 17 27 7 32 17 16 36 29 35 6 30 21 27 22 36 28 10 26 36 14 16 12 23 29 21 27 30 38 31 17 21 12 34 16 16 15 23 19 14 26 17 23 16 17 28 21 32 24 37 33 20 31 12 16 28 32 21 13 28 36 21 23 25 32 20 12 16 34 34 8 26 37 8 11 21 15 26 34 32 11 23 26 15 29 37 9 13 38 28 24 12 15 10 34 32 12 21 25 16 16 7 31 15 40 40 14 12 24 12 18 24 30 38 19 33 23 38 25 20 17 20 23 27 22 36 28 16 6 18 30 22 13 27 40 16 18 23 31 33 
7 1 2 8 4 6 1 7 7 3 4 3 4 3 3 4 7 3 7 2 4 4 1 7 2 2 8 2 8 6 4 7 5 2 4 4 8 7 1 7 3 4 1 3 1 7 6 6 6 4 0 8 3 3 1 2 5 6 8 6 4 6 2 2 1 6 2 1 5 7 6 5 4 7 6 2 4 2 6 6 0 2 1 1 2 2 1 3 2 5 2 5 5 6 0 0 5 3 7 2 1 2 4 2 7 0 3 4 1 7 4 7 0 4 6 3 4 7 5 0 5 7 1 7 7 1 0 5 5 6 0 2 7 4 1 1 7 3 4 3 1 4 4 8 3 2 6 1 4 4 2 6 6 0 7 6 5 2 1 7 3 7 3 3 6 2 7 7 3 4 4 4 4 0 1 2 5 8 5 4 4 7 2 3 1 4 2 7 6 4 6 4 1 5 7 6 7 3 3 2 0 3 2 2 2 0 5 7 3 4 1 0 1 5 4 3 3 0 4 5 2 1 2 6 1 4 5 6 4 2 2 2 7 3 7 6 0 0 1 6 7 4 2 4 2 5 2 3 7 1 3 3 7 3 6 3 4 2 7 3 6 6 3 7 7 1 5 3 3 2 1 2 6 7 1 6 4 3 7 3 4 5 7 1 4 5 7 2 3 7 1 4 1 4 7 3 1 3 3 1 
5 3 2 5 4 4 2 6 4 0 1 3 1 4 0 2 4 4 5 2 6 5 2 6 2 0 5 0 7 3 1 6 3 1 4 4 7 4 0 5 1 5 3 0 1 6 3 4 6 1 2 7 1 0 1 1 4 5 5 5 6 5 4 3 4 3 0 4 3 6 4 3 3 4 4 0 1 1 5 4 2 2 4 4 3 4 4 4 1 2 5 2 4 4 1 3 4 4 4 0 3 4 1 0 4 3 0 6 4 6 4 5 2 6 3 0 2 4 4 1 4 6 4 4 6 1 1 2 4 3 2 4 6 1 3 1 5 0 6 0 2 3 5 7 5 5 3 3 6 6 3 4 3 3 4 3 4 0 3 5 1 5 1 1 4 3 5 5 0 4 1 6 1 2 1 0 5 5 3 6 6 5 3 4 1 4 0 5 4 1 4 3 3 4 6 3 5 3 4 0 1 4 2 4 1 3 4 4 4 5 2 1 4 3 6 3 0 3 4 4 1 3 3 4 3 5 4 5 6 5 1 0 5 0 4 5 3 2 4 3 4 1 4 3 4 4 1 1 6 3 1 1 5 0 4 2 4 2 6 4 4 4 0 4 5 4 3 0 5 0 2 5 4 5 1 3 4 3 4 4 6 3 7 1 4 6 6 0 0 5 4 6 2 1 5 0 1 1 1 0 
33 33 40 34 26 21 32 34 18 20 17 22 11 35 31 19 31 26 15 29 37 16 15 37 14 14 25 13 15 26 18 31 32 27 24 16 31 27 17 24 16 16 29 12 19 23 8 33 12 15 11 37 35 35 21 28 30 12 14 29 28 35 30 15 24 31 15 38 20 32 26 16 11 20 32 25 14 28 19 33 32 12 24 40 22 40 37 24 31 30 15 35 9 13 34 15 25 37 10 32 35 33 19 33 33 34 14 30 41 27 40 23 38 25 23 30 34 35 37 14 21 13 29 34 20 14 19 25 22 33 37 35 20 34 14 14 13 24 38 16 14 17 32 16 37 16 16 26 22 20 38 11 34 20 23 17 12 30 29 18 36 13 33 12 29 21 11 31 33 33 8 30 24 30 25 39 25 5 25 35 15 11 17 24 31 20 27 25 33 36 13 20 13 32 11 17 10 22 24 15 28 17 28 18 19 30 19 33 24 36 34 21 34 10 16 26 32 24 13 25 36 25 28 21 33 19 9 13 34 36 8 28 34 10 6 18 18 27 38 30 12 23 27 13 30 35 14 17 34 30 30 16 11 14 30 31 11 26 21 14 12 9 33 11 35 42 12 14 24 15 22 25 25 33 19 30 22 42 25 19 17 18 19 30 21 36 24 17 9 13 32 22 14 30 35 19 21 23 30 37 
4 7 7 0 6 3 7 6 0 5 3 8 3 9 2 3 1 8 1 6 10 8 7 6 6 4 2 5 7 0 2 6 2 4 6 6 6 0 4 4 5 7 8 4 5 5 1 2 7 3 6 6 6 3 6 6 5 7 0 4 10 4 9 9 9 1 6 9 3 6 3 2 6 0 3 5 2 6 3 3 7 6 9 9 8 9 9 8 6 3 9 4 5 4 6 8 5 7 2 2 8 8 5 4 0 8 4 10 9 6 7 3 7 11 0 2 2 0 5 6 4 6 9 0 7 5 6 3 5 2 7 8 6 4 8 7 2 3 9 4 6 6 9 7 9 10 2 8 10 10 8 2 0 8 0 0 5 5 8 4 4 5 5 4 3 8 2 3 5 6 2 10 4 7 7 5 7 1 0 9 10 4 7 8 6 6 4 2 3 5 3 6 8 5 5 1 2 6 9 4 6 7 7 9 5 8 6 1 8 8 6 6 9 4 10 6 3 8 7 5 4 8 8 3 7 7 4 6 9 10 4 5 6 5 2 6 8 6 9 1 1 1 9 5 9 6 5 5 5 8 4 6 5 5 3 4 7 7 5 6 3 3 4 1 3 9 5 4 8 5 7 9 3 4 5 2 8 8 0 7 10 3 7 7 6 10 5 3 4 3 9 10 6 3 4 5 6 2 4 5 
6 4 2 4 5 5 2 7 3 1 0 4 0 4 0 3 3 6 4 2 7 7 3 7 2 1 5 1 7 2 0 7 3 2 5 5 7 3 2 6 0 6 4 1 2 7 2 4 7 0 3 7 1 1 1 1 4 6 4 5 7 5 5 4 4 3 1 5 3 7 4 2 5 4 5 2 1 1 5 4 3 1 5 5 4 5 5 5 2 1 6 0 5 5 2 4 5 5 5 1 3 4 0 1 3 4 1 7 4 7 6 5 3 8 3 0 2 3 5 2 4 6 5 4 7 2 2 1 5 2 3 5 7 0 3 2 5 0 7 0 3 4 7 8 6 6 3 4 8 7 3 3 3 4 4 2 5 1 3 6 0 6 1 0 4 4 5 5 0 5 0 7 0 3 2 1 6 5 2 7 7 6 3 5 3 5 1 5 5 0 5 5 5 5 7 2 5 4 4 1 2 5 3 5 2 4 5 3 6 6 3 2 5 4 8 5 1 4 5 5 2 4 3 5 4 6 4 6 7 6 2 2 6 1 5 6 4 3 5 3 3 1 6 4 6 5 0 0 6 4 0 1 6 0 4 3 5 2 6 5 5 2 1 4 6 5 4 1 6 1 2 6 5 6 2 3 6 3 2 6 7 3 8 2 5 8 6 1 0 5 5 7 3 0 6 0 2 1 2 1 
34 28 39 40 22 23 30 33 23 19 19 21 13 33 33 19 35 20 21 27 31 10 13 36 13 13 31 13 14 31 20 30 35 25 19 11 31 32 14 26 16 10 26 12 16 24 12 37 9 16 6 36 35 36 20 27 29 9 19 30 22 36 25 12 20 36 14 33 22 31 28 19 6 26 34 23 16 27 21 35 28 12 19 35 20 37 33 18 29 32 9 37 7 14 30 11 23 31 14 31 32 30 20 32 38 31 14 23 37 27 34 26 35 19 28 31 36 40 35 11 21 12 24 40 18 11 16 28 21 36 34 29 19 35 11 12 18 25 32 16 10 14 26 15 30 10 20 20 16 14 36 15 39 15 28 22 10 29 26 20 37 13 33 13 31 19 16 34 33 29 11 24 25 27 23 38 21 11 29 29 9 13 15 18 28 16 25 31 36 37 15 15 8 30 12 21 15 19 22 14 24 11 26 12 17 27 17 37 18 30 29 17 30 10 9 22 32 20 7 24 34 22 26 23 27 13 10 11 28 30 6 26 33 10 11 17 14 23 34 35 16 27 22 9 24 32 14 17 35 24 31 15 11 14 33 29 6 25 22 9 15 12 33 17 37 38 10 14 18 14 19 20 27 34 15 34 16 41 30 13 11 20 18 29 16 30 25 16 9 16 28 16 9 31 37 18 18 23 29 36 
7 0 3 9 4 6 3 7 8 4 6 4 5 4 4 4 8 2 8 3 3 3 3 7 4 2 8 4 7 7 5 7 6 2 3 3 7 8 2 7 4 3 3 4 1 7 8 6 5 6 0 7 4 4 3 3 5 6 9 6 3 7 0 3 2 7 3 0 6 6 6 6 3 8 6 3 5 4 6 6 1 4 0 0 3 2 0 2 2 7 1 6 4 6 1 1 5 3 7 2 2 3 5 2 8 1 4 2 2 7 3 7 2 3 8 4 5 8 5 0 5 7 0 8 6 1 1 7 5 8 1 0 6 6 3 3 7 4 3 5 1 4 3 7 2 1 6 0 3 3 4 7 8 1 8 7 5 4 3 7 5 6 4 4 6 3 7 7 4 4 5 3 5 2 3 4 4 8 7 3 2 7 4 2 2 4 3 8 7 5 6 3 0 5 7 8 7 3 4 3 1 2 4 0 3 1 5 8 2 3 1 0 1 5 3 3 4 1 3 5 2 2 4 7 0 3 6 6 3 1 2 3 6 4 7 6 1 0 2 7 8 6 0 4 1 4 3 5 7 0 5 4 7 4 7 3 4 4 7 2 7 8 4 7 7 0 5 5 2 4 2 1 6 7 1 7 3 4 8 2 2 6 7 3 3 3 7 3 4 7 0 3 0 5 7 4 2 4 3 3 
5 6 4 2 6 4 5 7 0 3 1 6 0 7 0 3 0 7 2 4 9 8 5 7 4 3 3 3 7 0 0 7 2 3 6 6 7 1 3 5 2 7 6 3 4 6 0 3 7 1 5 7 3 1 3 4 5 7 2 5 9 5 8 7 7 1 4 8 3 7 4 1 6 2 4 4 1 4 4 4 6 4 7 8 6 7 7 7 4 0 8 1 5 4 4 6 5 7 4 2 6 6 3 3 0 6 3 9 7 7 7 4 5 10 0 1 2 0 5 4 5 6 7 2 7 4 4 0 5 0 5 7 7 1 6 5 4 1 9 2 5 5 8 8 8 8 2 6 9 9 6 2 0 6 1 0 5 3 6 5 1 6 3 2 4 6 4 4 3 6 0 9 2 5 5 3 7 3 0 8 9 5 5 7 5 6 3 3 4 3 4 6 7 5 6 0 3 5 6 2 4 7 5 7 4 6 6 0 7 7 5 5 7 4 9 5 2 6 6 5 3 6 5 4 6 7 4 6 9 8 4 4 6 3 3 6 6 5 7 1 0 0 8 5 8 6 2 3 6 6 2 4 6 3 4 4 6 4 6 6 4 1 3 2 5 7 5 2 8 3 5 8 4 5 4 2 7 6 0 7 9 2 8 4 6 9 6 2 2 4 7 9 5 2 5 3 4 2 3 3 
40 31 33 40 29 28 26 40 22 18 18 14 12 26 33 23 35 25 23 22 36 16 9 43 7 15 34 13 20 31 19 37 38 28 26 18 37 32 17 31 13 17 22 12 19 30 11 41 16 16 8 42 31 37 15 22 34 16 20 36 27 42 26 7 16 37 13 33 25 37 33 20 12 27 39 23 18 24 27 40 28 6 20 36 14 32 32 24 30 31 12 35 13 19 32 9 28 37 18 35 28 24 17 34 38 30 14 28 33 33 41 31 35 23 29 32 39 40 41 11 25 18 25 41 24 13 16 27 27 35 34 32 25 34 7 10 22 26 37 16 14 19 32 21 35 12 22 23 20 19 29 18 40 15 29 21 16 29 22 25 34 19 28 9 35 13 20 39 31 36 10 28 24 25 21 38 28 14 30 35 12 18 8 23 28 22 28 34 40 34 20 21 10 36 18 21 19 24 15 16 26 17 21 15 18 25 22 36 23 37 33 19 27 14 14 28 34 19 14 30 37 18 19 27 31 20 15 18 33 32 9 27 39 10 14 23 12 25 31 36 16 27 24 16 27 39 9 15 41 27 27 12 17 12 37 34 13 19 28 16 19 11 33 19 42 37 15 14 23 13 17 22 32 40 19 36 23 34 29 19 16 23 24 26 23 34 31 18 9 21 27 21 13 31 42 17 18 26 33 33 
127 115 139 130 92 81 107 124 66 65 56 65 36 113 118 70 115 83 60 95 125 43 39 136 35 47 100 41 45 101 63 112 126 100 81 49 113 102 56 90 49 46 92 36 65 83 23 132 34 48 26 133 122 134 66 95 111 33 50 110 89 134 97 33 69 121 46 125 74 117 101 58 29 77 125 85 54 94 73 129 107 31 72 136 65 133 125 79 110 108 37 128 27 47 121 36 88 130 41 126 116 105 62 123 126 116 44 93 137 96 142 89 135 74 89 115 133 134 140 42 75 40 92 133 65 44 61 92 79 120 131 116 68 124 32 39 53 90 128 52 45 57 108 49 124 37 61 83 61 57 129 41 133 56 86 62 36 105 92 66 133 43 114 33 110 61 44 122 117 121 27 93 84 99 83 141 86 20 97 120 33 38 44 75 106 65 99 100 129 130 49 65 32 116 35 59 40 77 69 51 97 51 88 48 61 100 64 123 76 127 121 70 109 31 37 92 122 72 34 92 135 76 88 78 114 58 31 40 112 117 24 97 124 28 25 60 48 94 125 117 39 90 85 40 96 128 41 53 128 99 105 46 35 41 118 115 30 83 75 45 45 24 120 44 134 145 36 44 75 45 67 77 97 126 65 117 70 145 94 58 44 66 61 103 69 117 87 59 25 49 105 65 42 108 134 61 66 86 115 134 
69 57 66 71 49 46 50 67 37 31 29 30 18 54 60 38 61 43 36 44 64 24 16 73 15 23 57 19 28 54 32 61 67 50 43 26 62 55 27 51 23 25 43 18 32 47 15 71 21 25 12 72 59 68 29 44 59 21 30 60 46 72 48 14 32 65 20 61 40 63 55 32 16 44 68 41 28 44 42 69 52 13 35 67 30 64 61 40 54 55 18 65 17 28 59 16 47 66 26 64 55 50 30 61 67 56 22 48 66 54 73 50 65 38 49 58 69 71 73 19 41 25 45 72 37 21 28 48 43 63 64 57 39 63 13 16 32 46 66 26 22 30 56 30 63 18 35 41 32 30 62 25 71 26 48 34 21 51 43 39 65 27 55 15 59 28 28 66 57 63 14 48 42 47 38 69 46 17 52 62 17 25 19 38 51 35 50 56 70 64 30 34 15 61 23 33 26 40 32 25 47 26 41 24 30 48 35 65 39 65 60 33 53 19 20 48 62 34 19 49 68 35 41 44 57 32 19 24 58 58 12 47 67 14 18 35 22 46 60 63 23 47 42 22 48 67 18 25 69 49 51 21 23 19 64 59 17 39 43 24 28 15 60 28 73 71 21 22 39 21 30 38 54 69 32 63 37 70 51 31 24 36 36 48 36 60 49 29 12 30 51 34 20 54 73 29 31 45 59 63 
3 1 5 7 0 3 5 3 6 4 5 6 5 7 3 1 7 1 5 5 3 2 4 3 5 1 5 3 4 5 4 3 4 0 0 0 4 7 0 3 5 1 5 3 0 3 6 3 2 5 1 4 5 2 4 5 1 2 7 3 3 3 3 6 5 5 4 4 3 3 2 4 0 6 3 3 3 5 3 3 3 5 3 3 6 6 4 1 2 6 3 5 1 2 1 4 1 0 3 0 4 6 5 1 6 3 3 3 5 3 1 3 3 4 6 3 2 6 1 2 2 3 3 6 3 1 1 5 2 6 3 2 3 5 5 4 4 2 3 4 0 0 2 4 2 3 4 1 3 3 6 4 6 3 6 6 1 3 5 3 5 3 5 5 3 6 4 4 4 0 4 3 5 4 4 3 1 5 5 2 3 3 6 1 3 0 1 5 3 5 3 0 2 1 3 6 4 0 7 1 1 1 5 3 2 4 1 6 2 1 0 1 5 2 3 0 2 4 0 2 0 5 6 3 1 1 2 2 2 4 0 3 3 3 4 3 4 1 5 5 6 4 3 0 3 1 4 5 3 1 5 5 3 4 3 0 0 6 3 0 3 7 3 5 3 4 1 3 2 3 4 3 3 3 0 4 1 6 6 1 3 3 3 4 0 3 3 1 4 3 4 3 0 4 3 4 3 2 0 4 
1 4 8 8 0 0 8 0 7 6 7 10 7 10 5 2 8 4 6 8 4 2 8 0 8 4 5 6 0 6 6 0 4 3 1 3 0 7 3 1 8 2 8 6 3 0 8 2 1 7 4 0 8 4 7 8 2 0 7 0 5 1 6 9 8 6 7 7 4 0 1 5 3 7 0 6 4 7 0 1 6 8 7 6 9 9 7 4 5 7 6 7 0 2 4 7 2 3 2 1 8 9 8 4 7 7 5 5 8 0 1 1 6 6 6 5 3 7 0 5 2 1 6 6 0 4 5 7 2 8 6 6 0 7 8 7 4 4 4 6 3 3 3 0 5 6 4 4 5 4 9 5 6 7 7 7 2 6 9 1 7 0 8 8 3 9 3 3 7 0 6 6 7 7 7 6 0 5 5 4 6 0 9 4 6 2 3 5 1 8 1 3 6 2 0 7 3 3 10 4 4 4 9 6 5 7 2 7 4 3 3 5 8 2 5 1 4 7 3 2 3 8 9 3 4 1 2 1 4 7 3 5 1 6 4 1 7 4 8 6 7 5 6 0 6 0 7 7 1 4 8 8 0 7 3 1 2 9 0 0 2 8 6 5 1 7 2 6 4 6 7 6 1 0 3 5 2 10 7 2 4 4 0 7 3 5 0 4 6 1 7 4 4 6 0 7 6 3 2 7 
