60 
300 
241 1727
597 2666
152 1293
503 2362
448 2347
526 2501
46 743
105 1204
62 817
120 1191
398 2164
117 1225
101 1134
74 887
620 2741
460 2235
561 2504
109 1097
437 2228
444 2305
382 1975
214 1555
476 2357
120 1121
335 1913
78 990
171 1379
316 1880
620 2652
370 2102
558 2594
452 2257
234 1609
589 2502
355 2068
175 1471
522 2354
62 925
195 1563
554 2497
288 1848
507 2395
206 1457
140 1258
74 994
304 1897
542 2464
97 1062
105 1110
319 1979
214 1663
191 1545
292 1904
273 1678
230 1659
542 2489
58 832
499 2244
39 682
437 2197
33 19 28 31 9 26 5 20 23 31 32 6 19 7 10 20 24 32 14 9 13 5 16 12 28 25 14 27 9 14 21 19 11 26 12 11 8 12 9 17 25 29 15 15 10 14 20 25 5 27 23 32 19 17 29 8 32 32 18 15 17 9 9 33 26 9 19 10 19 29 16 21 25 14 15 6 13 17 22 29 12 30 32 12 17 31 26 9 32 26 26 34 22 8 21 7 26 32 34 33 17 31 20 19 12 34 16 8 19 10 30 9 31 22 25 21 28 21 10 15 34 24 24 30 13 7 6 15 24 18 8 29 18 32 28 33 29 7 30 22 14 31 17 20 19 5 19 6 34 18 33 30 14 30 21 18 29 20 12 17 11 28 19 21 19 32 10 25 18 19 19 17 24 12 13 17 32 6 33 18 30 32 29 6 28 21 20 29 28 31 17 22 29 20 18 7 33 30 17 9 33 32 19 9 32 16 15 12 23 32 11 25 10 22 29 15 12 28 27 21 12 19 34 18 8 18 22 28 31 34 26 12 29 7 8 5 26 21 11 25 8 22 17 15 25 25 32 8 30 30 18 19 32 34 14 13 10 10 9 33 8 16 27 20 23 8 21 30 19 21 13 30 5 25 17 6 21 34 14 32 8 34 34 22 23 6 33 33 29 15 15 34 21 28 28 23 9 24 26 8 
41 22 35 39 14 33 5 24 27 36 40 14 26 15 15 26 29 33 25 14 19 8 23 21 35 28 22 34 14 23 29 26 17 33 19 17 14 18 12 19 28 37 22 26 13 19 24 33 8 30 28 35 25 20 29 9 35 38 18 19 25 14 9 36 37 12 22 17 26 34 22 29 32 14 23 13 19 28 24 36 19 41 38 21 24 32 32 11 37 37 33 42 30 15 29 15 30 36 42 41 24 36 25 24 12 43 22 17 20 17 40 16 37 27 30 22 34 28 15 23 37 32 34 36 23 15 15 16 27 22 13 36 24 42 36 40 36 9 36 22 16 38 21 24 26 8 23 9 40 21 37 32 23 33 25 23 34 26 19 23 18 38 22 27 30 41 18 34 23 22 19 23 34 20 18 25 40 13 41 23 30 40 37 8 30 28 28 37 38 36 25 30 37 25 22 15 40 41 25 15 37 40 21 18 32 19 16 19 26 35 12 28 11 30 37 22 19 34 34 22 13 20 41 18 19 21 24 38 36 41 29 13 36 7 11 7 32 23 14 35 16 29 17 21 31 29 35 13 34 35 26 22 39 36 22 13 19 13 15 39 12 23 35 29 25 10 22 41 28 25 16 39 9 33 25 6 25 42 22 41 14 37 41 29 28 12 41 41 32 17 18 40 30 38 30 30 17 31 29 8 
5 2 3 5 1 3 4 0 0 2 4 4 3 4 1 2 4 3 7 2 7 3 6 5 3 1 5 4 3 5 5 3 3 3 7 6 2 5 1 4 2 5 4 7 1 3 4 4 1 3 1 5 5 0 2 2 3 2 4 1 4 1 3 3 7 0 3 3 3 5 2 4 4 2 7 4 5 7 3 3 4 7 3 7 3 2 3 0 1 7 3 5 4 4 8 5 1 1 5 4 7 2 2 3 4 8 3 6 2 3 6 3 4 1 4 2 4 3 1 5 3 6 7 5 6 6 7 1 0 0 5 4 5 6 4 3 3 2 3 4 2 6 0 1 5 0 0 2 2 2 3 2 6 1 0 2 1 3 5 2 3 6 3 3 8 6 7 6 1 2 1 2 7 7 3 8 4 7 5 3 3 8 5 3 1 5 6 5 6 5 4 8 4 1 5 6 4 7 7 4 0 5 2 8 1 0 1 4 2 0 1 2 2 5 4 4 3 2 2 2 1 1 5 2 7 1 2 7 0 3 2 1 6 4 1 1 2 3 3 7 8 5 2 6 3 5 0 2 5 1 4 3 4 1 6 3 5 3 5 3 0 3 4 4 5 2 3 7 7 4 2 5 5 8 4 4 5 5 4 5 2 4 3 3 1 7 6 5 2 4 1 5 4 7 3 3 4 7 3 3 
67 45 62 63 20 58 19 44 52 68 66 17 43 19 24 45 52 71 30 19 32 14 34 25 60 54 28 56 21 30 42 43 28 57 29 28 23 28 22 41 53 58 32 32 24 31 45 54 15 57 49 71 41 39 65 21 68 66 44 32 34 19 26 70 54 23 42 25 39 63 38 46 51 34 33 11 29 36 48 65 23 62 66 25 36 65 54 24 68 54 54 69 46 15 47 13 56 66 69 67 39 65 47 41 32 74 38 16 41 22 62 22 65 48 53 46 58 44 22 30 72 51 50 63 28 16 14 37 53 41 20 58 40 66 56 69 60 22 66 53 35 67 39 45 40 15 42 17 73 39 68 66 29 65 47 43 62 41 26 39 28 58 42 49 41 64 23 51 40 45 44 40 49 28 29 39 68 17 67 39 68 70 58 17 62 44 43 59 58 67 33 50 60 44 41 18 67 62 38 20 72 65 45 23 70 37 33 25 49 70 27 55 25 45 60 31 26 62 58 47 27 41 70 42 18 39 50 58 66 72 55 29 63 23 21 15 57 47 26 52 22 46 40 35 52 55 69 19 64 62 38 41 63 74 31 33 22 24 21 72 21 37 57 42 54 20 48 62 41 46 30 64 15 56 35 21 47 68 32 65 22 74 70 50 49 18 70 66 63 37 33 71 46 57 61 48 21 54 56 24 
7 3 7 7 5 7 0 4 4 6 8 8 7 8 5 6 5 0 10 5 6 3 7 8 7 3 8 6 5 9 8 7 6 7 6 5 6 5 3 1 3 8 6 10 3 4 4 8 3 3 5 2 6 3 0 1 3 6 0 4 7 5 0 2 10 3 3 7 7 5 6 8 6 0 8 7 6 10 1 7 7 10 6 9 7 1 5 3 5 10 6 7 8 7 8 7 3 3 8 8 7 5 5 5 0 8 6 9 1 7 10 7 5 5 5 1 6 7 4 8 3 7 10 6 10 8 9 1 3 4 5 7 6 10 8 7 7 2 6 0 3 6 4 4 6 3 4 3 6 3 4 2 8 2 4 6 5 6 7 6 7 10 3 6 11 9 8 8 4 3 0 6 10 8 5 8 8 6 8 4 0 8 8 2 2 7 8 7 10 5 7 7 8 5 3 7 7 10 8 6 4 8 2 8 0 3 1 7 3 3 0 3 1 7 8 7 7 6 7 1 1 1 7 0 11 3 2 10 5 7 3 0 6 0 3 2 6 1 3 10 8 6 0 6 6 3 3 5 4 5 8 3 7 2 7 0 9 3 6 6 4 7 8 8 1 1 0 11 9 3 2 9 3 8 8 0 4 8 8 9 6 2 7 7 5 6 7 7 2 1 3 6 8 9 1 7 8 6 3 0 
3 8 9 3 4 9 7 6 7 8 7 9 9 9 6 8 1 6 7 4 1 1 2 6 8 4 4 3 3 7 5 8 9 8 0 1 9 1 5 5 2 5 3 7 4 3 0 8 5 1 6 4 1 6 6 3 1 6 5 4 5 4 6 1 7 6 1 9 5 1 8 8 3 4 2 4 1 6 1 10 3 6 4 4 6 1 3 6 6 7 6 3 6 3 1 4 4 3 5 6 0 4 9 3 6 2 9 4 1 6 7 8 2 7 2 3 3 6 4 5 1 1 7 1 7 2 4 7 6 7 1 4 0 7 5 7 6 8 9 7 7 0 7 7 2 7 6 4 8 2 1 5 4 5 6 9 5 4 2 8 9 7 1 9 7 4 2 4 5 8 6 8 6 1 3 1 8 0 6 3 7 1 4 2 6 2 2 3 7 1 4 1 7 6 1 1 5 7 1 2 7 5 7 2 6 6 1 4 2 6 5 4 3 3 6 4 6 9 7 3 1 1 2 4 7 3 5 5 6 8 2 4 0 7 5 5 8 2 1 4 1 2 4 0 4 1 6 4 0 4 7 1 4 6 1 5 7 1 1 9 7 9 8 7 5 3 3 7 2 0 2 9 1 1 6 7 0 3 8 6 8 2 6 9 6 1 1 4 4 5 3 1 8 5 3 6 7 1 1 6 
1 6 7 1 2 7 7 4 5 6 4 6 6 7 4 6 1 5 5 1 3 2 1 4 6 3 2 0 1 4 3 6 7 6 3 3 7 1 3 5 1 3 0 5 3 1 2 6 3 0 4 5 0 4 6 3 1 3 5 1 2 2 6 2 5 4 1 7 3 2 6 6 1 4 2 2 0 5 1 7 1 5 1 3 4 1 1 5 4 5 3 1 4 1 3 2 3 1 3 4 2 2 7 1 6 4 7 3 1 4 5 5 0 5 1 2 0 4 2 3 1 1 5 0 5 2 3 5 4 5 1 2 1 5 3 4 4 6 7 7 6 2 5 5 0 5 4 3 6 1 0 4 2 4 4 7 3 2 0 6 6 4 1 7 6 3 2 2 3 6 5 6 4 2 1 3 6 3 4 1 6 4 2 2 5 0 1 1 5 2 2 3 5 4 2 2 2 5 2 0 5 3 6 3 5 5 1 2 1 5 4 3 3 1 4 1 4 7 5 3 0 0 1 4 5 1 4 4 4 6 0 3 2 7 4 4 6 3 1 3 4 0 4 2 2 2 4 2 1 2 5 1 2 5 1 5 5 1 0 7 5 6 5 4 5 2 3 5 2 1 1 6 3 4 4 6 2 1 6 4 6 3 3 7 3 3 2 2 3 5 1 0 6 3 3 4 4 3 1 6 
170 99 141 160 46 131 32 100 118 156 161 31 96 36 50 100 126 166 76 47 74 31 86 64 140 129 75 140 49 73 109 95 56 131 69 64 42 66 48 92 129 149 80 80 54 75 107 126 29 140 114 168 101 88 150 45 165 160 97 77 88 46 51 171 135 48 101 51 98 152 81 106 130 75 83 33 71 90 115 147 63 155 164 66 87 159 134 47 161 135 132 175 112 43 114 39 134 163 173 167 93 158 102 99 67 180 81 45 99 51 154 45 160 110 131 109 145 105 51 79 175 127 125 156 69 42 37 79 122 91 46 149 97 164 143 166 145 40 151 117 74 163 86 101 100 27 95 34 171 94 169 155 76 154 107 92 147 103 66 86 56 144 100 107 101 165 58 131 92 99 99 86 125 68 69 94 161 38 168 94 157 170 150 35 144 110 107 150 144 162 88 119 146 101 97 43 168 156 93 50 167 164 100 54 164 82 79 63 119 163 59 129 55 115 146 79 60 142 135 110 64 98 176 95 45 93 115 146 155 170 134 65 153 42 44 29 130 111 60 132 50 116 90 83 128 132 163 44 157 151 91 100 163 174 77 72 53 55 51 167 41 81 137 102 123 45 111 156 102 111 70 151 32 134 87 37 112 175 70 164 41 177 172 112 115 39 172 170 150 82 78 176 106 145 146 116 46 129 136 46 
71 48 67 67 24 63 18 48 55 72 73 23 49 25 28 51 51 71 36 24 27 13 36 32 66 56 34 59 23 37 49 48 33 62 23 24 27 27 25 40 54 65 35 38 26 33 42 60 17 57 54 69 41 42 66 21 67 72 43 36 41 24 26 69 60 26 40 31 45 61 42 52 55 34 33 18 29 42 46 70 29 68 70 29 42 64 57 26 72 61 60 73 52 21 43 19 58 69 75 74 35 68 51 44 31 68 43 22 40 28 69 28 66 53 54 47 61 50 26 37 71 51 56 63 35 18 17 38 56 45 19 64 38 73 63 75 66 23 71 52 37 63 43 49 42 19 46 18 78 40 69 67 33 67 50 47 66 46 28 44 33 64 41 53 47 70 23 55 44 48 46 44 56 26 31 35 74 13 74 41 68 64 63 16 64 46 43 63 65 65 40 44 67 48 38 16 73 68 36 22 75 71 47 19 71 40 33 30 50 72 28 56 25 49 66 36 32 67 63 47 27 41 72 41 25 41 50 62 70 78 56 29 59 22 23 17 62 46 25 56 16 48 40 31 56 52 72 22 61 67 45 41 70 76 31 32 29 23 21 77 25 43 64 49 52 20 47 68 42 44 29 71 12 50 42 20 43 73 38 72 26 71 76 55 54 13 68 72 64 36 35 72 52 62 60 54 27 49 54 24 
136 84 122 128 41 114 27 87 100 133 136 33 85 38 47 89 98 134 63 40 52 21 67 55 121 105 61 111 40 64 90 85 54 113 48 45 42 50 41 73 103 122 64 68 45 59 80 109 25 109 99 132 78 74 123 36 129 134 77 64 74 41 43 133 112 42 77 50 82 117 73 93 104 61 62 29 54 75 88 126 52 127 133 53 75 125 108 43 135 112 111 140 95 36 85 32 109 131 142 139 68 129 89 80 54 137 74 37 77 47 128 45 127 95 102 87 116 91 45 66 137 98 104 122 60 31 29 67 103 79 34 121 73 136 118 140 123 36 130 95 64 124 75 88 79 27 83 29 145 75 133 125 60 125 90 81 122 85 51 77 53 119 77 94 84 133 42 105 78 84 82 77 103 50 56 69 137 24 139 76 127 129 121 26 119 87 82 120 120 125 73 89 124 87 72 29 137 127 70 39 140 134 83 37 134 71 61 53 94 135 49 105 43 92 123 65 55 121 116 87 49 77 139 76 40 76 93 118 131 145 106 52 116 35 38 25 113 86 46 105 33 91 72 60 105 101 135 36 120 125 80 78 133 143 58 57 48 42 38 142 39 73 117 88 97 35 87 128 79 85 54 130 21 101 75 31 84 140 65 135 41 138 143 98 98 24 134 137 121 65 63 138 93 118 114 99 44 96 105 38 
68 47 65 63 22 61 19 46 54 70 70 20 46 22 26 48 51 71 32 21 29 13 33 28 64 55 30 56 21 33 46 46 31 60 26 26 25 26 24 41 53 62 32 34 25 32 43 57 16 57 52 70 40 41 66 21 67 69 44 34 38 22 26 69 57 25 41 29 42 62 40 49 52 34 30 14 28 38 47 68 26 64 67 26 39 65 55 25 70 57 57 69 49 18 44 16 57 67 72 71 36 66 49 42 32 70 41 18 41 25 66 25 65 51 53 47 58 47 24 34 71 48 53 62 31 14 13 38 55 43 19 61 38 69 59 72 63 23 69 53 37 64 41 48 40 17 44 17 76 39 68 66 30 66 48 45 64 44 25 42 30 61 41 51 43 66 20 52 42 47 45 42 52 24 29 36 71 15 71 40 69 67 60 16 63 44 40 59 62 65 36 46 64 46 39 15 70 64 35 20 74 68 47 20 71 39 33 28 49 71 28 55 25 46 63 33 29 65 61 47 27 41 69 42 21 40 50 58 68 76 55 29 61 23 22 16 60 47 25 52 19 46 40 33 54 54 71 20 63 64 42 41 66 76 28 33 25 23 20 75 23 40 61 45 53 20 47 65 38 45 29 68 14 53 39 21 45 69 36 68 24 72 73 53 51 16 67 68 64 37 34 70 49 59 61 51 24 51 55 24 
5 2 3 5 1 3 4 0 1 2 3 4 3 4 0 2 4 3 7 2 7 3 5 5 3 1 5 4 3 5 5 2 3 2 7 6 2 5 1 4 2 5 4 7 2 3 4 4 1 3 1 5 5 0 2 2 3 1 4 1 4 1 3 3 7 1 3 3 3 5 2 4 4 2 7 4 5 7 3 3 4 7 3 6 3 2 3 0 1 7 2 5 4 3 8 4 1 1 4 4 7 2 2 2 4 8 3 6 2 3 6 3 4 1 4 2 4 3 1 5 3 6 6 4 6 6 7 2 0 0 4 4 5 6 4 3 2 2 3 4 2 6 0 1 4 0 0 2 2 2 3 2 6 1 0 2 1 3 5 2 3 6 3 3 8 5 7 6 0 2 1 2 6 7 3 8 4 7 4 2 4 8 5 3 1 5 6 5 6 5 4 8 3 1 5 6 3 7 7 4 0 5 2 8 1 0 1 4 2 1 1 2 2 5 4 4 3 2 2 2 1 1 5 3 7 1 2 7 0 3 2 2 6 4 1 2 2 3 3 7 8 5 2 6 3 5 0 2 5 1 4 3 4 1 6 4 5 3 5 3 0 3 4 4 5 2 3 7 7 4 2 4 5 8 4 4 5 5 3 5 2 4 2 3 1 7 6 5 2 4 1 4 4 6 3 3 3 7 3 3 
70 46 62 66 21 58 21 44 53 68 65 16 43 18 24 44 55 73 29 21 35 17 37 25 60 56 31 58 23 29 44 43 28 57 32 31 23 30 24 44 55 60 34 30 27 34 47 53 16 60 49 74 44 41 67 23 71 67 46 33 37 21 28 73 53 25 45 25 41 66 38 45 54 36 36 13 32 35 51 65 26 61 68 28 37 68 57 25 69 53 55 72 44 18 50 15 58 68 70 66 41 67 47 43 34 76 38 17 44 23 60 22 68 49 56 49 60 43 23 32 75 54 48 66 26 19 16 38 54 42 23 61 43 64 56 69 60 23 66 55 37 69 40 46 43 17 42 19 74 41 71 68 31 67 48 43 63 44 29 39 28 56 45 49 39 65 26 53 41 47 46 40 49 30 31 42 67 20 67 42 70 73 60 19 64 47 46 62 56 70 35 52 59 45 44 21 69 61 41 23 73 66 47 26 72 38 36 27 52 71 29 57 27 48 59 34 26 63 58 50 29 43 73 44 17 41 52 59 67 72 57 31 66 25 23 17 57 50 28 54 25 49 42 38 54 58 71 21 67 63 37 44 65 76 34 36 21 26 24 72 22 36 56 40 56 23 50 61 43 49 32 63 18 59 34 23 49 70 32 65 22 76 71 50 49 21 72 69 65 40 35 74 45 57 64 47 21 57 59 26 
74 41 57 70 22 52 18 42 49 64 67 15 39 17 21 39 56 71 36 22 37 18 41 30 58 55 36 62 24 34 49 39 21 53 35 33 17 32 23 42 56 65 37 38 26 35 49 53 15 61 48 73 46 38 63 22 71 66 43 34 40 22 24 74 60 23 46 20 43 67 34 45 57 33 40 18 34 42 51 58 30 68 70 33 38 68 58 20 67 60 56 76 48 22 54 21 57 69 74 71 44 68 41 44 32 80 31 24 44 24 66 21 70 45 58 48 63 45 24 36 75 58 55 68 33 23 22 34 50 37 24 65 45 71 62 70 61 19 59 51 32 72 35 41 46 12 39 18 69 42 73 66 36 65 46 37 62 46 32 36 23 63 45 42 47 71 30 58 40 42 42 35 56 34 32 46 67 23 72 42 67 76 65 19 61 50 50 66 63 71 40 55 61 43 45 24 72 68 45 26 69 70 43 30 68 34 36 30 52 68 27 56 26 52 62 37 27 57 57 48 29 43 77 42 24 41 50 65 63 69 58 30 68 21 21 16 54 50 29 60 28 52 40 40 56 59 68 22 69 63 40 45 70 73 38 33 26 27 26 65 17 33 58 44 55 22 49 68 48 50 33 63 19 62 38 19 51 75 31 70 17 76 72 44 48 23 76 73 64 38 35 76 46 64 63 49 22 59 59 23 
135 84 118 127 38 110 30 84 99 130 130 28 81 32 44 85 102 136 57 38 59 26 68 48 116 106 58 111 40 57 85 81 50 110 55 52 39 53 42 77 104 117 63 61 46 61 86 104 26 113 95 137 81 74 124 38 134 131 81 63 70 38 45 138 104 42 82 45 78 123 70 88 103 63 65 24 57 69 94 123 49 121 131 50 71 129 108 42 133 104 107 139 89 33 91 28 110 132 137 132 74 128 87 80 58 143 70 32 81 43 121 40 129 93 105 90 115 86 43 61 141 100 96 125 52 32 27 68 102 77 37 118 78 128 111 135 118 37 126 98 64 130 74 86 80 26 80 30 142 76 136 127 58 127 90 79 121 83 52 73 50 112 82 91 77 128 45 102 77 84 84 74 96 53 56 75 132 31 133 77 129 136 116 30 119 87 84 119 113 130 68 95 118 85 79 33 134 121 73 40 138 129 85 43 135 70 65 50 97 135 51 106 46 90 117 62 50 119 112 91 52 80 140 79 33 76 95 114 128 140 108 55 123 38 38 27 109 91 49 103 40 92 75 67 103 107 134 36 126 123 74 81 128 143 61 61 41 45 41 138 37 69 111 81 101 38 91 121 80 90 57 124 27 107 69 34 90 137 60 128 38 143 139 95 95 32 137 134 123 69 64 141 87 112 119 93 38 103 110 41 
2 7 8 1 3 8 7 5 6 7 5 7 7 7 5 7 1 5 5 2 2 2 0 4 6 4 2 1 2 5 4 7 8 7 2 3 8 0 4 5 1 4 1 5 3 2 1 6 4 1 4 5 0 5 6 3 1 4 6 2 3 3 6 2 5 5 1 7 3 2 7 7 1 4 1 2 0 5 1 8 1 5 2 3 4 1 2 6 5 5 4 1 5 2 2 2 3 2 4 4 1 3 7 2 6 3 8 3 1 5 6 6 1 5 1 3 1 4 2 4 1 1 5 0 5 1 3 6 5 5 1 3 1 5 3 5 4 7 8 7 7 1 6 6 1 6 5 3 7 1 0 4 2 4 5 8 4 3 0 6 7 5 1 8 6 3 1 2 4 7 5 7 5 1 2 2 7 2 4 2 7 3 2 2 6 1 1 1 6 2 2 2 5 5 2 1 3 5 2 0 6 4 7 3 5 5 1 3 1 5 4 3 3 2 5 2 5 7 6 3 1 1 0 4 5 2 4 4 5 6 1 3 2 7 4 4 6 3 1 3 3 0 4 2 2 2 5 2 1 3 5 1 2 6 1 5 5 1 0 8 5 7 6 5 5 2 3 5 2 1 1 7 2 3 5 7 1 2 7 4 7 3 4 8 4 3 1 2 4 5 2 0 7 4 3 5 5 2 1 6 
7 5 8 6 5 8 2 5 5 7 8 9 8 9 6 7 3 2 10 5 4 1 6 8 8 3 7 6 4 9 8 8 8 8 4 3 7 4 4 0 2 8 5 10 3 4 2 9 4 2 6 0 4 4 2 1 1 6 0 4 7 5 2 1 10 4 1 8 6 3 7 9 6 1 6 6 5 10 0 8 6 10 5 8 7 0 5 4 6 10 7 6 8 6 6 7 3 3 8 8 5 5 7 4 1 6 8 8 0 7 10 8 4 6 4 1 5 7 4 8 2 6 10 4 10 7 8 3 4 5 4 7 4 9 8 8 7 4 8 2 4 5 5 5 5 4 5 3 7 2 3 2 7 3 5 7 5 6 6 7 8 9 1 8 11 8 6 7 5 5 2 7 9 6 4 6 9 5 8 4 2 6 7 0 3 6 6 6 10 3 7 6 8 6 2 6 6 10 6 5 5 8 4 6 2 4 0 7 2 4 1 3 0 7 8 6 7 7 7 0 0 0 6 0 10 2 2 9 5 8 2 1 4 2 3 3 7 0 2 9 6 5 0 4 6 1 4 4 2 5 8 2 7 3 6 0 9 1 4 8 5 8 9 9 0 0 0 10 7 2 1 9 1 6 8 2 2 7 9 8 7 0 7 8 6 4 6 7 2 0 3 5 9 9 0 7 8 4 2 2 
3 5 4 3 0 4 8 1 4 3 0 2 3 3 1 3 4 6 4 0 7 5 4 2 2 3 3 3 3 1 2 3 4 3 7 7 4 5 3 7 3 2 3 3 4 3 5 2 3 3 0 7 4 4 6 4 4 0 7 0 1 0 6 5 3 4 4 3 0 6 3 2 3 5 6 1 4 4 4 4 1 4 2 4 0 3 2 3 2 3 0 3 1 1 7 2 3 2 1 0 6 2 4 2 7 8 4 3 3 0 2 2 4 2 4 4 3 0 0 1 4 5 3 4 3 4 4 5 3 2 5 1 5 2 1 0 0 6 4 7 5 6 3 3 3 3 1 4 3 2 3 5 3 4 3 4 2 1 4 3 3 2 4 4 4 2 5 3 2 5 5 3 3 5 3 7 2 7 1 3 7 8 2 5 5 3 5 3 3 5 1 7 1 2 6 6 1 4 6 3 3 1 6 7 5 3 3 1 3 4 4 4 4 3 0 2 0 4 2 5 3 3 4 5 4 2 5 4 1 2 3 4 6 7 4 4 2 5 4 4 8 4 5 6 1 6 4 2 5 0 1 3 1 5 5 6 2 4 4 4 2 3 1 1 7 4 5 4 5 5 4 2 6 8 0 7 5 2 2 2 3 6 0 4 0 7 5 2 4 7 2 4 2 3 5 0 0 7 4 6 
68 45 64 63 21 60 17 44 52 69 69 19 45 21 25 47 49 69 33 20 28 11 33 28 62 53 30 55 20 33 46 45 30 59 26 25 24 24 22 39 51 62 31 35 23 30 41 56 14 54 50 68 38 39 64 19 65 68 41 32 37 21 24 67 57 23 39 27 41 60 39 49 51 32 32 14 26 39 45 66 26 65 66 27 38 62 54 23 69 58 56 70 49 18 44 16 55 65 72 71 35 64 47 40 30 71 40 19 39 25 66 24 62 49 51 44 57 47 22 34 69 49 53 60 32 16 15 36 53 41 16 61 36 69 59 71 62 21 68 51 34 63 40 46 39 15 43 15 75 37 66 64 30 64 47 44 62 43 25 40 29 61 39 50 44 67 22 52 40 45 43 41 53 25 28 36 71 14 71 38 66 67 61 14 61 43 41 59 62 63 37 46 63 45 37 15 69 65 36 18 72 68 44 21 69 37 30 27 47 69 26 53 23 46 63 32 29 63 60 45 24 38 69 40 22 38 48 60 67 74 53 27 60 21 20 14 58 44 23 53 19 44 38 32 52 52 69 18 61 63 42 39 66 73 29 31 25 21 18 74 21 39 60 45 51 18 45 66 40 43 27 67 12 53 39 18 43 70 35 68 23 70 72 52 50 15 67 68 62 35 32 68 49 60 59 51 23 50 53 22 
2 9 8 2 4 9 10 6 8 8 4 7 8 7 6 7 5 9 2 3 5 5 2 3 7 6 1 2 4 4 2 8 9 8 4 6 9 4 6 8 4 2 3 2 6 5 5 6 6 4 5 8 4 7 9 6 5 5 9 4 3 4 9 5 3 7 5 8 4 5 8 6 2 7 2 1 3 2 5 9 1 2 4 0 5 4 4 8 6 3 5 2 4 1 4 0 6 4 3 3 4 4 9 4 10 5 9 0 4 5 4 7 4 6 4 6 3 4 4 3 4 2 3 4 3 1 0 9 7 7 4 3 4 3 2 5 4 10 9 10 9 4 7 8 3 8 6 6 8 4 3 7 1 7 7 9 6 4 2 7 8 3 5 9 3 0 2 1 6 9 8 8 2 3 4 4 6 5 4 5 10 5 0 6 8 2 2 2 4 5 1 5 5 6 5 3 3 2 3 3 8 3 9 4 8 7 4 3 4 7 7 6 6 2 4 3 4 9 6 6 4 4 2 7 3 5 7 0 6 7 4 7 5 10 7 7 7 6 4 0 5 3 7 5 4 6 7 4 5 4 5 4 1 8 3 8 4 5 4 9 7 7 6 4 9 6 7 3 1 4 5 7 6 5 3 10 5 0 7 3 8 6 5 9 5 6 3 2 7 8 4 3 6 0 6 4 5 5 4 9 
0 7 7 0 2 7 8 4 6 6 4 6 6 6 4 6 3 7 3 1 4 3 1 2 6 4 0 1 2 3 2 6 7 6 4 5 8 2 4 7 2 2 1 3 4 3 3 5 4 2 4 6 2 5 7 4 3 3 7 2 2 2 7 3 3 5 3 7 2 4 6 5 1 5 2 0 2 3 3 8 0 3 2 1 3 2 2 6 5 3 3 0 3 0 4 0 4 2 2 3 3 3 7 2 8 4 7 1 3 3 4 5 2 5 2 4 1 3 2 2 3 1 3 2 4 1 1 7 5 5 3 1 3 3 1 4 3 8 7 8 7 3 6 6 1 6 4 4 6 2 1 5 0 5 5 8 4 2 1 6 7 3 3 8 4 1 2 0 4 8 6 6 2 2 2 4 5 4 3 3 8 4 0 4 6 1 1 0 4 4 1 4 4 5 4 2 2 3 3 1 6 2 7 4 6 5 2 2 2 6 5 4 4 0 3 1 3 7 5 5 2 2 1 5 3 3 5 2 5 6 2 5 4 8 5 5 6 5 3 2 5 1 5 4 2 4 5 3 3 2 4 2 0 6 2 6 3 3 2 7 5 6 5 3 7 4 5 3 2 3 3 6 4 4 3 8 3 0 6 3 7 5 3 7 4 5 2 0 5 6 2 2 5 2 5 3 4 4 3 7 
4 8 10 4 5 10 7 7 8 9 8 9 9 10 7 9 2 6 7 4 0 1 3 7 9 5 5 3 4 8 6 9 10 9 0 1 10 2 5 5 3 6 4 7 5 4 0 9 6 2 7 4 2 6 7 4 2 7 5 4 6 5 7 2 8 6 1 10 6 1 9 9 4 5 2 5 2 7 1 10 4 7 5 5 7 1 4 7 7 8 7 4 7 4 1 4 5 4 6 7 0 5 9 4 6 1 10 5 1 7 8 9 3 8 2 3 4 7 5 6 1 2 8 2 8 3 4 7 7 7 2 5 1 8 6 8 7 8 10 7 8 0 8 8 3 7 7 5 9 3 2 5 4 6 7 10 6 5 3 9 9 7 2 10 8 5 2 4 6 8 6 9 7 2 4 1 9 0 7 4 7 1 4 2 7 3 2 4 8 2 5 0 8 7 1 1 5 7 2 3 8 6 8 1 6 7 1 5 2 7 5 5 3 4 7 4 7 10 8 4 1 1 3 4 8 4 5 6 7 9 2 4 0 7 6 5 9 3 2 5 1 3 5 0 5 1 7 4 0 5 8 2 5 7 2 5 8 2 2 10 7 10 9 8 5 3 4 8 3 1 2 10 1 1 7 7 0 4 9 7 9 2 7 10 6 1 1 5 5 5 3 2 9 6 3 7 8 0 1 6 
40 21 29 38 12 27 11 21 25 32 35 9 21 10 11 20 31 37 22 13 23 11 24 18 30 29 21 34 14 20 27 20 11 27 22 20 8 19 13 24 29 35 21 23 14 20 27 29 9 33 25 40 26 20 32 12 38 34 24 18 23 12 14 39 34 12 25 11 24 37 17 24 31 18 24 11 20 25 28 30 18 38 37 20 21 36 31 10 34 34 30 41 26 13 32 13 30 36 40 37 26 36 20 24 18 45 16 15 24 14 36 12 38 22 32 25 34 24 13 21 40 33 31 37 20 15 15 18 25 18 15 35 26 39 34 37 32 10 30 28 17 40 17 19 26 5 19 11 35 22 39 35 22 34 24 18 32 25 19 18 12 35 25 21 28 39 19 33 21 21 22 18 32 21 18 27 36 16 38 23 35 43 36 12 31 28 29 36 35 39 23 32 32 22 25 16 38 38 27 16 34 38 23 20 35 16 19 17 28 35 14 30 15 29 33 21 15 28 29 26 16 23 42 23 16 21 27 37 31 35 31 16 38 13 12 9 27 27 17 34 19 29 21 24 30 33 35 13 37 33 22 24 37 37 23 19 16 16 16 33 8 17 31 25 30 13 26 38 28 28 18 34 13 36 21 12 28 41 17 38 8 41 38 23 25 16 42 40 34 21 19 41 25 36 34 26 13 34 32 13 
4 8 6 4 3 6 11 4 7 6 1 3 5 4 4 4 7 9 2 2 9 7 5 1 4 6 3 5 5 1 2 5 6 5 8 9 7 6 6 10 5 2 4 1 7 6 7 3 6 6 3 10 6 7 9 7 7 2 10 3 2 3 10 7 1 7 7 5 3 8 6 3 4 8 6 1 6 1 7 6 2 1 4 4 3 6 4 7 5 1 3 4 0 2 8 1 6 4 2 0 8 5 7 5 10 9 6 2 6 3 0 4 6 4 6 7 4 1 3 2 7 6 1 6 0 5 4 8 6 5 7 3 7 0 0 3 1 9 6 11 8 8 6 6 5 6 4 7 5 5 5 8 4 7 6 7 5 4 5 5 5 0 7 7 2 1 6 4 5 8 8 6 2 6 5 8 3 8 1 5 10 9 2 7 8 5 6 4 0 8 1 8 1 5 8 7 3 1 7 5 6 2 9 8 8 6 6 3 6 7 7 7 7 4 0 4 1 6 4 8 5 5 5 8 1 5 8 3 4 3 5 7 8 10 7 7 5 8 6 4 9 5 8 8 4 8 7 5 7 3 1 6 1 8 6 9 0 6 6 6 5 4 2 0 10 7 8 1 6 7 6 3 8 9 0 11 7 2 4 1 6 8 3 6 3 9 7 3 7 9 5 6 3 2 8 1 2 9 7 10 
71 41 61 67 20 57 13 42 48 66 69 18 43 20 22 45 51 65 36 20 31 11 37 30 61 50 33 58 20 34 47 43 27 57 29 27 20 27 19 36 50 63 34 38 20 30 43 56 11 55 49 67 41 35 60 16 65 67 38 31 39 20 20 67 60 19 40 25 42 61 36 48 54 28 36 16 30 42 45 63 28 68 67 30 38 62 55 20 67 60 56 73 49 20 48 19 52 64 73 71 39 64 44 40 27 75 37 22 38 24 67 23 65 47 53 42 60 46 22 35 69 53 55 63 33 20 19 31 49 38 19 62 40 71 61 71 62 16 65 47 30 67 36 43 42 12 40 12 72 36 68 60 34 60 44 40 60 43 28 38 27 63 39 47 46 70 26 56 38 41 39 38 55 30 28 40 70 17 71 38 62 70 63 13 57 46 45 63 63 65 39 50 63 43 39 19 70 68 40 21 68 69 40 25 65 34 29 28 46 65 22 50 20 49 63 34 28 60 58 42 23 37 73 36 24 36 44 63 64 73 53 24 63 17 16 10 56 43 23 57 22 48 34 35 53 53 65 18 63 62 41 39 68 69 33 28 26 21 21 71 18 37 60 46 49 16 43 68 44 44 27 66 13 57 39 15 45 73 33 70 20 70 72 49 48 17 71 71 58 32 30 71 48 63 57 50 23 53 54 18 
3 6 8 2 3 8 6 5 6 7 6 8 7 8 5 7 0 4 6 3 2 0 2 5 7 3 3 2 2 6 5 7 8 7 2 2 8 0 3 4 1 5 2 6 3 2 0 7 4 0 5 3 0 4 5 2 0 5 4 2 4 3 5 0 6 4 0 8 4 0 7 7 2 3 2 3 1 6 0 8 3 6 3 4 5 0 2 5 5 7 5 3 6 3 3 3 3 2 5 5 1 3 7 2 5 3 8 4 0 5 7 7 1 6 0 2 2 5 3 5 0 2 6 0 7 3 4 5 5 5 0 4 0 6 4 6 5 6 8 6 6 1 6 6 2 5 5 3 7 1 0 4 3 4 5 8 4 3 2 7 7 6 0 8 7 4 2 4 4 6 5 7 6 2 2 3 7 1 5 2 6 3 4 1 5 2 2 2 7 0 4 2 6 5 0 2 4 6 2 1 6 5 6 3 4 5 0 4 0 5 3 3 2 3 6 3 5 7 6 2 0 0 2 3 7 2 3 5 5 7 0 2 1 6 4 4 7 2 0 5 3 1 3 1 3 1 5 2 0 3 6 0 3 5 2 4 6 0 0 8 5 8 7 6 4 1 2 7 3 0 0 8 1 3 5 6 0 3 7 5 7 1 5 8 4 2 2 3 3 4 1 1 7 5 2 5 6 2 0 5 
104 59 87 98 28 81 20 60 70 95 99 22 60 25 30 62 76 99 49 28 46 18 53 41 87 76 47 85 30 47 68 59 36 80 43 39 27 40 28 55 76 91 49 52 31 45 64 79 16 84 70 101 61 51 89 26 99 97 58 46 55 28 30 102 85 28 60 33 60 92 50 67 79 44 52 21 43 58 69 90 39 97 99 42 54 95 81 27 97 85 80 107 70 27 71 25 79 97 106 103 57 95 62 59 40 110 51 29 59 33 95 30 97 67 79 65 88 65 30 49 105 78 78 94 45 27 25 47 72 54 28 91 59 102 88 102 89 24 93 70 44 99 51 61 61 15 57 20 104 55 102 92 48 91 63 56 88 63 41 53 36 90 60 66 64 101 37 81 54 59 59 53 78 42 42 59 100 25 103 56 94 104 92 21 85 67 66 92 90 98 55 73 90 61 59 27 102 97 58 31 100 100 59 35 98 48 46 39 71 97 34 77 32 71 90 49 38 86 83 65 37 58 107 57 31 54 68 91 93 105 80 38 93 25 25 17 80 66 36 82 32 70 53 51 78 80 96 26 95 91 58 59 99 104 48 43 35 33 31 102 24 51 85 64 74 26 66 97 64 67 41 94 20 83 55 22 67 107 45 101 26 106 104 69 69 25 105 103 89 49 46 106 67 90 87 72 30 79 81 27 
37 25 32 35 10 30 14 22 28 35 31 8 22 9 12 22 30 40 17 10 21 11 21 14 30 30 17 31 13 15 23 22 15 29 20 20 13 18 14 25 29 31 19 18 15 19 27 26 10 32 24 41 25 22 36 14 38 32 26 17 19 10 17 39 29 14 25 13 21 36 20 22 29 20 22 7 18 20 28 33 14 33 35 17 18 36 30 14 35 29 28 38 21 10 29 9 31 35 36 32 24 34 25 23 21 43 20 11 24 11 31 11 36 24 30 27 32 20 12 17 40 30 26 36 15 12 11 21 28 21 14 32 25 34 29 34 28 14 34 31 21 38 21 24 24 9 21 11 37 22 37 36 18 35 25 23 32 23 17 20 14 30 25 26 23 34 17 29 22 25 25 21 27 19 17 25 33 14 34 22 38 41 32 12 34 25 26 33 30 38 18 31 28 23 25 14 35 33 24 14 37 34 26 18 38 20 20 14 28 37 17 30 16 26 28 18 11 32 29 27 16 23 39 25 11 22 28 32 33 35 30 18 37 16 13 11 29 28 16 30 17 27 24 23 28 33 37 12 37 31 17 24 33 40 20 21 11 15 15 37 11 18 27 19 32 14 28 33 25 27 18 31 13 34 16 15 28 37 16 33 12 41 36 26 24 15 40 36 35 23 19 39 22 31 35 22 9 32 32 16 
5 5 2 6 2 2 9 2 4 3 0 0 1 0 1 1 7 8 5 2 9 7 7 3 1 5 5 5 5 2 4 2 2 2 9 10 4 7 5 9 5 3 5 4 5 6 8 0 5 6 1 9 7 5 6 6 6 0 8 3 3 2 8 7 4 5 7 1 3 8 3 0 5 6 8 3 7 4 7 3 3 4 4 6 2 6 5 4 3 4 2 6 1 3 10 4 5 4 3 1 9 4 4 5 9 10 2 4 6 2 2 1 6 1 6 6 5 0 2 3 6 7 4 7 4 7 7 6 3 3 7 4 8 3 2 1 0 7 2 9 6 9 3 3 6 4 1 6 2 5 5 6 6 5 4 4 3 4 6 2 2 3 6 3 5 4 8 6 4 6 6 2 5 8 5 10 0 9 2 5 8 10 4 7 6 6 7 6 3 8 3 10 0 3 8 8 3 5 8 6 4 3 7 10 6 3 5 4 5 5 5 6 6 5 0 4 0 3 1 6 5 5 7 7 5 4 6 6 1 0 5 6 9 9 5 6 2 7 6 7 10 6 7 9 4 8 5 5 8 2 0 6 3 6 8 8 2 6 7 2 3 1 0 1 9 6 7 5 8 7 6 0 8 10 1 9 8 4 0 3 3 8 2 3 1 10 8 5 6 8 4 6 0 5 7 0 1 9 7 8 
7 0 4 7 3 4 3 2 1 3 5 6 4 6 2 3 5 2 9 4 7 4 7 7 5 2 7 6 4 7 7 4 3 4 8 7 3 6 2 4 3 7 6 9 2 4 5 6 2 4 3 5 6 1 0 2 4 3 3 3 6 3 2 4 9 1 4 4 5 6 3 6 6 1 8 6 6 9 3 4 6 9 5 8 5 2 5 0 3 9 5 7 6 5 9 6 2 2 6 6 8 4 2 4 3 9 3 8 2 5 8 5 5 2 5 2 6 5 3 7 4 8 8 6 8 8 9 0 0 1 6 6 6 8 6 5 4 0 3 3 0 7 1 1 6 0 2 3 3 3 4 2 8 2 2 2 3 5 7 3 4 8 4 3 10 7 8 8 2 0 0 3 9 8 4 9 6 8 6 4 2 9 7 3 0 6 8 7 8 6 6 9 5 3 5 8 5 9 8 6 1 7 0 9 0 0 2 6 3 1 0 3 2 7 6 6 5 3 4 2 2 2 7 2 9 2 2 9 2 4 3 1 7 2 2 2 4 3 3 9 9 6 1 7 5 5 1 4 5 3 6 3 6 0 8 3 7 3 6 3 1 4 6 6 4 2 2 9 9 4 3 6 5 9 6 3 5 7 5 7 3 4 5 4 3 8 8 7 2 3 2 6 6 8 3 5 5 8 4 2 
5 2 4 5 1 3 4 1 1 2 4 4 4 5 1 3 4 3 7 2 6 3 5 5 3 1 5 4 3 5 5 3 3 3 6 6 3 4 0 4 1 5 4 7 1 2 4 4 0 2 1 4 4 0 2 1 3 2 3 1 4 1 3 3 7 0 3 4 3 5 2 4 4 1 7 4 4 7 2 4 4 7 3 6 3 1 3 0 1 7 3 5 4 3 7 4 1 1 5 4 6 2 2 2 4 8 3 6 1 3 6 3 4 1 4 1 4 3 1 5 3 6 6 4 6 6 7 1 0 1 4 4 5 6 4 3 3 2 3 4 2 6 1 1 4 0 1 1 3 1 2 1 6 1 0 3 1 3 5 2 3 6 2 3 8 6 6 6 1 2 1 3 7 6 3 7 5 6 5 2 3 8 5 2 1 4 6 5 6 4 4 7 4 1 4 6 3 7 7 4 1 5 2 8 1 0 1 4 1 0 0 1 2 5 4 4 3 3 3 2 1 1 5 2 7 0 1 7 1 3 2 1 6 4 0 1 3 3 2 7 8 4 2 6 3 4 0 2 4 1 4 2 4 1 6 3 5 2 4 3 0 4 5 5 4 2 2 7 7 3 2 5 4 8 4 4 4 5 4 5 2 4 3 4 1 7 6 5 1 3 0 4 5 6 3 3 4 6 3 3 
1 8 8 1 3 9 9 5 7 8 5 7 8 8 6 8 2 7 4 3 3 3 0 4 7 5 2 1 3 5 3 8 8 8 2 4 9 2 5 6 3 3 2 4 5 3 3 7 5 2 5 6 2 6 7 5 3 5 7 3 3 3 8 3 5 6 2 8 4 3 8 7 2 6 0 2 1 4 2 9 1 4 3 2 5 2 3 7 6 5 5 1 5 2 2 1 5 3 4 4 2 3 8 3 8 3 9 2 2 5 6 7 2 6 2 4 2 5 3 4 2 0 5 1 5 0 1 7 6 6 2 3 2 5 3 6 5 8 8 8 8 2 7 7 1 7 6 5 8 3 1 6 1 6 6 9 5 3 1 7 8 5 3 9 5 2 0 1 5 8 7 8 4 0 3 2 7 2 4 3 8 3 1 4 7 1 0 1 5 3 2 3 5 6 3 1 3 4 1 1 7 4 8 2 6 6 2 3 3 6 5 5 4 1 5 2 5 8 7 5 2 2 0 5 5 3 6 3 6 7 2 5 2 8 5 6 7 4 2 2 3 1 6 3 3 3 6 3 2 4 6 2 2 7 0 6 5 2 2 9 6 8 6 5 7 4 5 5 0 2 3 7 3 3 5 8 2 1 7 4 8 4 5 9 5 4 1 2 5 6 3 1 7 3 4 5 5 3 2 7 
3 6 5 3 1 5 9 3 5 5 1 3 4 3 3 4 5 7 2 1 7 5 4 0 3 4 2 3 3 0 0 4 5 4 7 7 6 5 4 8 3 0 3 2 5 4 6 2 4 4 1 8 4 5 7 5 5 1 8 1 1 1 8 5 2 5 5 4 1 6 4 3 2 6 5 0 4 2 5 5 1 2 2 3 1 4 3 5 3 2 1 3 0 0 7 1 4 2 0 0 6 3 6 3 8 7 5 1 4 1 1 3 4 3 4 5 3 0 1 0 5 5 1 4 1 4 4 6 4 4 5 1 5 1 0 1 0 7 5 9 7 6 4 4 3 5 3 5 4 3 3 6 3 5 4 6 3 2 3 4 4 1 5 5 3 1 5 3 3 7 6 4 2 5 3 7 2 7 0 4 8 8 1 5 6 3 5 3 1 6 0 7 1 3 6 5 1 2 6 4 5 0 7 7 6 4 4 1 4 5 5 5 5 2 0 2 0 5 3 6 3 3 4 6 2 3 6 3 3 3 3 5 7 9 5 5 4 6 4 3 8 4 6 7 2 6 5 3 6 1 1 4 0 6 5 7 1 4 4 5 4 4 2 0 8 5 6 2 5 5 4 3 7 7 0 9 6 1 3 0 5 6 1 5 2 8 5 2 5 8 3 4 2 2 6 0 1 7 5 8 
37 24 30 36 10 28 13 21 27 33 32 7 20 8 10 21 30 38 19 10 21 11 22 15 29 29 18 31 13 16 24 20 13 28 20 19 11 18 13 24 29 32 19 19 14 18 26 25 9 31 22 40 25 21 34 13 37 31 25 16 20 10 16 39 30 13 24 12 21 36 18 22 29 19 22 8 18 21 27 32 15 34 35 17 18 35 29 12 34 30 27 39 23 10 30 10 30 34 36 34 25 34 23 22 20 43 18 12 23 11 33 9 36 23 30 26 32 20 11 18 39 30 28 35 16 13 12 20 26 20 14 32 25 35 30 33 28 13 32 30 19 38 19 22 24 8 20 10 36 21 37 35 19 34 24 21 31 23 17 19 13 31 24 24 24 36 17 30 20 24 24 19 28 19 17 25 33 14 35 22 37 41 33 11 33 26 26 34 31 38 19 31 29 22 25 14 35 35 24 14 36 35 25 18 37 18 19 15 27 36 15 29 15 26 29 18 11 31 27 26 16 22 39 24 12 21 27 33 32 34 30 17 37 15 12 10 27 27 16 31 17 27 22 23 28 32 36 11 36 30 18 24 34 39 21 20 12 15 15 35 10 17 28 21 31 13 27 35 26 27 18 31 12 34 18 14 27 38 15 35 10 41 35 25 23 15 40 37 34 22 18 39 22 32 34 23 9 32 31 15 
7 3 0 7 3 0 7 1 2 0 3 3 1 3 0 0 7 6 8 3 10 6 8 6 2 4 7 7 5 5 6 1 0 1 10 9 0 7 4 7 4 6 6 7 5 6 7 3 4 6 1 8 7 3 4 5 6 2 6 3 5 3 5 6 7 3 6 0 4 8 0 3 6 4 9 5 7 8 6 0 5 8 5 8 4 5 5 1 2 7 4 7 4 5 10 6 4 4 6 4 9 5 0 5 7 11 0 7 5 4 6 2 7 0 7 5 6 3 3 6 6 9 7 7 7 8 9 3 1 0 7 6 8 6 5 3 2 4 0 6 3 9 0 0 7 1 0 5 0 4 6 5 8 4 3 0 3 5 7 1 1 6 6 0 8 7 9 8 3 3 3 0 7 9 5 10 3 10 5 5 6 11 7 6 4 7 9 7 6 8 5 10 3 2 8 9 5 8 10 7 2 6 4 11 3 1 4 5 5 3 4 5 5 7 4 6 2 0 2 5 4 4 8 5 8 3 5 8 0 1 5 4 9 6 4 4 1 6 6 9 11 7 5 9 5 8 3 5 8 2 3 5 5 4 9 6 5 6 7 0 0 1 4 4 7 5 6 8 9 7 5 3 8 11 4 6 8 6 2 6 0 7 4 0 1 10 9 6 5 7 4 7 3 7 6 3 4 10 6 6 
6 4 1 6 1 1 7 0 3 1 1 1 0 1 0 0 6 6 6 2 9 6 7 4 0 4 5 5 4 3 4 0 1 0 9 9 2 6 4 7 4 4 5 5 4 5 7 1 4 5 0 8 6 3 5 5 6 0 7 2 4 1 6 6 6 3 6 0 3 7 1 1 5 5 8 3 6 6 6 2 4 6 4 7 2 5 4 2 1 6 2 6 2 3 9 4 4 3 4 2 8 4 2 4 7 10 1 5 5 2 4 0 6 0 6 5 5 1 2 4 6 7 5 6 5 7 7 4 1 1 6 4 7 4 3 1 1 5 1 7 4 8 1 1 6 2 0 4 0 4 5 5 6 4 2 2 2 3 6 0 0 5 5 2 6 5 8 6 2 4 4 1 6 8 4 9 1 9 3 4 6 10 5 6 4 6 7 6 5 7 4 9 1 2 7 8 4 6 8 6 2 4 5 10 4 2 4 4 4 3 4 4 5 5 2 4 1 1 0 5 4 4 6 5 6 3 5 7 0 0 4 5 8 7 4 4 0 6 5 7 10 6 5 8 4 7 3 4 7 1 1 5 3 4 7 7 4 5 6 1 1 0 2 2 8 5 6 6 8 6 5 1 7 10 2 7 7 5 1 4 1 7 2 1 0 9 8 5 5 7 3 6 2 6 6 1 2 9 6 6 
36 28 38 34 14 36 13 26 31 40 39 15 28 16 17 29 26 39 20 13 15 7 18 18 36 30 18 30 13 21 26 28 21 35 12 13 18 14 15 23 28 34 18 21 15 18 22 33 11 29 29 37 21 24 36 12 34 38 24 19 22 14 16 35 32 15 21 19 24 31 25 29 28 19 16 10 15 23 24 39 15 36 36 15 23 33 30 16 39 33 32 37 28 11 21 10 31 35 39 39 17 35 29 23 19 35 26 12 21 16 37 17 33 29 27 25 31 27 14 20 36 25 30 32 20 9 9 23 31 25 10 33 19 39 33 40 35 16 40 30 22 31 25 28 21 12 26 11 43 21 35 36 17 36 28 28 35 25 14 25 20 34 21 31 26 36 11 28 24 28 26 26 30 12 17 17 41 7 39 22 38 33 32 9 35 23 21 32 35 33 21 23 36 27 20 7 38 36 17 11 41 37 27 10 39 23 17 17 26 39 17 30 14 25 35 19 18 37 35 25 14 21 36 23 15 22 28 32 38 42 28 17 30 15 14 11 34 25 13 29 9 24 22 16 29 27 39 12 31 35 25 21 36 41 15 19 17 12 11 43 15 25 35 27 29 12 25 37 21 22 16 39 7 26 23 14 22 37 23 38 17 37 40 32 29 8 33 37 34 21 19 36 29 32 32 29 16 25 28 15 
3 9 7 4 4 7 11 5 8 7 2 5 6 5 5 6 6 10 0 3 8 7 4 2 5 7 3 4 5 2 2 6 7 6 7 9 8 6 7 10 5 2 4 0 7 6 7 4 7 6 4 10 6 7 9 7 6 4 10 4 3 3 10 7 0 7 6 6 3 7 7 5 4 8 5 1 5 0 7 8 2 0 4 3 4 6 5 7 6 0 4 3 1 1 7 1 7 5 2 1 7 5 8 5 11 8 7 0 6 4 2 5 5 6 6 7 4 2 4 2 6 5 0 6 1 4 3 9 7 6 6 3 6 1 0 4 3 10 7 11 9 7 7 7 4 7 5 7 7 5 5 8 3 8 7 8 6 4 4 6 7 1 6 8 0 0 5 3 6 9 9 7 0 6 5 7 4 7 2 6 10 8 1 7 8 4 5 4 1 7 0 8 2 6 7 6 3 0 6 5 7 2 10 7 8 7 6 3 6 8 8 7 7 3 2 3 3 8 5 8 5 5 5 8 0 5 8 2 5 5 5 8 7 11 7 8 6 8 6 3 8 5 8 8 4 8 7 5 7 4 2 6 1 9 5 10 2 6 6 7 6 6 4 1 10 7 8 0 4 6 6 5 8 8 1 11 7 1 5 1 7 8 4 7 4 9 6 3 8 10 5 5 4 0 8 2 3 8 6 10 
102 61 87 97 26 81 22 60 72 96 97 20 59 23 31 62 76 101 46 27 46 19 52 38 86 78 45 84 29 44 65 59 36 80 43 40 28 40 30 57 77 89 48 49 33 45 65 77 18 84 69 103 61 54 92 28 100 95 60 45 53 26 33 103 82 30 61 33 58 93 50 65 78 46 51 19 43 55 70 91 38 94 98 40 51 96 80 30 97 82 78 106 67 25 70 23 81 97 104 100 57 95 63 59 43 110 51 27 60 30 93 28 97 67 79 66 87 63 30 47 106 77 76 94 43 26 23 49 74 56 29 89 59 99 86 99 87 26 93 73 47 99 53 62 60 18 58 21 104 56 102 94 46 93 65 58 88 61 40 53 36 87 61 67 62 99 36 79 55 62 61 53 76 42 41 58 98 25 101 57 96 104 90 22 88 66 65 91 87 98 53 73 88 61 59 27 100 94 57 31 102 98 62 35 100 50 48 37 72 99 36 78 34 69 88 47 36 87 82 67 38 59 106 59 28 56 70 89 94 104 80 40 93 28 27 19 80 68 36 80 32 70 55 51 76 81 99 26 95 89 55 60 97 106 47 45 32 33 31 102 26 50 83 62 76 28 68 94 63 67 42 92 21 83 52 25 68 105 44 98 27 107 102 69 69 25 105 102 91 51 47 106 65 88 89 69 28 79 82 30 
39 20 30 37 11 28 10 20 24 31 35 9 21 10 10 21 30 36 22 12 21 10 23 18 30 28 20 33 13 19 27 21 12 27 20 19 9 18 11 22 28 34 20 22 13 18 26 28 7 31 24 38 25 19 31 11 37 33 23 17 22 11 13 38 33 11 24 12 23 36 17 24 30 17 23 10 19 25 26 31 17 38 36 19 20 34 30 9 33 33 29 40 26 12 30 12 29 34 39 37 25 34 21 23 17 44 17 14 22 13 36 11 36 22 30 24 33 24 12 20 39 32 31 36 20 14 14 17 23 17 14 34 25 38 33 36 32 10 31 27 16 39 16 19 25 4 19 9 35 21 37 33 21 33 22 19 31 24 18 18 13 34 23 22 27 38 18 32 20 21 21 18 31 20 17 26 36 14 38 22 34 41 35 10 30 27 28 35 35 37 22 31 32 21 24 15 37 38 26 15 33 37 22 19 34 15 18 17 26 34 13 28 13 28 33 20 15 29 29 25 15 22 41 22 16 20 25 36 31 36 29 15 37 12 10 8 27 26 15 33 18 28 20 23 29 31 33 12 36 32 22 23 37 36 22 18 15 14 15 34 7 18 31 24 29 12 25 38 27 26 17 34 11 35 21 11 27 40 17 38 9 40 37 24 24 15 41 39 32 20 17 40 25 35 33 26 13 32 31 12 
5 8 10 4 5 10 7 7 8 9 8 10 10 10 7 9 2 6 8 5 0 1 3 7 9 5 5 4 4 8 7 9 10 9 0 0 10 2 6 4 3 7 4 8 5 4 0 9 6 2 7 4 3 6 6 4 1 7 5 5 6 5 6 1 8 6 1 10 6 1 9 10 4 4 3 5 3 8 0 10 5 8 5 5 7 1 5 7 7 9 7 4 8 5 2 5 5 4 7 8 1 5 9 5 6 2 10 6 1 8 9 9 3 8 3 3 4 7 5 7 1 3 8 3 9 4 5 7 7 7 2 6 2 8 6 8 7 8 10 7 8 1 8 8 4 7 7 5 9 3 2 5 5 6 7 10 6 6 4 9 10 8 1 10 9 6 3 5 6 8 6 9 8 3 4 2 10 1 8 4 7 1 5 2 7 4 3 4 9 2 6 1 8 7 0 2 6 8 3 3 8 7 7 2 6 7 1 6 3 7 5 5 3 5 8 5 8 10 9 3 1 1 3 4 9 4 5 7 7 9 3 4 1 7 6 5 9 2 2 6 1 3 4 0 5 0 7 5 0 6 9 2 5 7 3 4 8 2 3 10 7 10 9 8 4 3 3 9 4 1 2 10 0 2 8 6 0 5 10 8 9 1 7 10 7 0 2 5 5 4 4 3 10 7 2 8 8 0 1 6 
2 6 5 2 1 5 8 2 5 4 1 3 4 3 2 4 4 7 3 0 7 5 3 0 3 4 2 2 3 1 0 4 5 4 6 7 5 4 4 7 3 0 2 2 4 3 5 2 4 3 1 7 4 5 6 5 4 1 7 1 0 1 7 5 2 5 4 4 1 6 4 3 2 5 5 0 4 2 5 5 0 2 2 3 1 4 2 5 3 2 1 2 0 0 6 0 4 2 0 0 6 2 5 3 8 7 5 1 4 1 2 3 3 3 4 4 2 0 1 0 4 4 2 4 2 3 3 6 4 4 4 1 5 1 0 1 0 7 5 8 6 6 4 4 3 4 2 4 4 3 3 5 2 5 4 6 3 1 3 4 4 1 4 5 3 1 5 2 3 6 6 4 2 5 3 6 3 6 0 3 8 7 1 5 6 3 4 2 2 5 0 7 1 3 6 5 1 3 5 3 5 0 7 7 6 4 3 1 3 5 5 4 5 2 0 1 1 5 3 5 3 3 3 6 3 3 5 3 3 3 3 5 6 8 4 5 4 6 4 3 7 3 6 6 1 6 5 3 5 1 1 4 0 6 4 7 1 4 4 5 4 4 2 1 8 5 6 3 4 4 4 3 6 7 0 8 5 1 3 0 5 6 1 5 1 7 5 1 5 7 3 4 3 2 6 0 1 7 4 7 
4 2 3 4 0 3 5 0 1 2 3 3 3 3 0 2 4 4 6 1 7 4 5 4 2 1 4 4 2 4 4 2 3 2 7 7 3 4 1 5 2 4 4 6 2 3 4 3 1 3 0 5 4 1 3 2 3 1 5 0 3 0 4 4 6 1 3 3 2 5 2 3 4 2 6 3 4 6 3 3 3 6 2 6 2 2 2 1 0 6 2 5 3 3 8 4 1 1 4 3 6 2 2 2 5 8 3 5 2 2 5 2 4 0 4 2 3 2 0 4 3 6 6 4 5 6 6 2 0 0 4 3 5 5 3 2 2 3 3 5 3 6 1 1 4 1 0 2 2 2 3 3 5 2 0 3 0 2 5 2 2 5 3 3 7 5 6 5 0 3 2 2 6 6 2 7 3 7 4 2 4 8 4 3 2 4 6 4 5 5 3 7 3 0 5 6 3 6 7 4 1 4 3 8 2 0 2 3 2 1 2 2 3 4 3 3 2 2 2 3 1 1 5 3 6 1 2 6 0 2 2 2 6 5 1 2 2 4 3 6 8 4 3 6 2 5 1 2 5 0 3 3 3 2 6 4 4 3 4 3 0 3 3 3 5 2 3 6 6 4 3 4 5 8 3 5 5 4 3 4 2 4 2 3 0 7 6 4 2 5 1 4 3 6 4 2 3 7 3 4 
41 21 34 39 13 32 6 24 26 35 39 13 25 14 14 25 30 33 25 14 20 9 24 20 34 28 22 34 14 22 29 25 16 32 20 18 12 18 12 20 28 37 22 25 13 19 25 32 8 31 28 36 25 20 28 10 36 37 19 19 24 14 10 37 36 12 23 16 26 35 21 28 32 15 24 13 20 28 25 35 19 41 38 21 24 33 32 10 37 36 32 42 30 15 30 15 29 36 42 41 25 36 24 24 14 43 21 17 21 17 39 15 37 26 31 23 35 27 14 23 38 32 34 36 23 16 16 14 26 21 14 36 25 41 36 40 35 8 35 23 15 39 19 23 26 7 23 9 39 21 38 32 23 33 24 22 33 26 19 22 17 37 23 26 30 41 19 34 22 21 18 22 34 21 18 26 40 14 41 23 31 41 37 9 29 28 28 37 38 37 25 31 36 25 23 15 40 41 26 16 36 40 20 18 32 18 17 19 26 34 11 28 12 30 36 22 18 33 33 23 14 21 42 19 19 21 24 38 35 40 30 13 37 8 11 7 31 24 15 35 17 29 18 22 31 30 35 13 35 34 25 23 39 35 22 15 19 14 15 38 11 22 35 28 26 10 23 41 28 26 16 38 10 34 25 7 26 42 21 41 13 38 40 28 27 14 41 41 32 18 18 41 29 38 31 30 16 32 30 9 
74 42 63 69 23 59 10 45 50 68 72 21 46 23 25 47 53 65 39 23 32 13 39 33 63 53 36 61 23 37 50 45 29 59 30 27 22 29 22 35 53 66 36 41 23 32 43 58 13 57 52 66 44 37 59 17 67 70 35 34 42 23 19 68 62 21 41 27 45 63 38 50 57 28 38 19 32 45 45 65 31 71 70 33 41 63 58 21 69 63 59 75 52 23 50 22 55 67 76 74 41 67 46 43 24 76 39 25 39 27 70 25 67 49 55 43 62 49 25 38 71 55 58 66 36 22 21 31 51 40 21 65 42 74 64 73 65 16 67 44 31 68 38 44 44 13 43 15 75 39 70 62 36 63 46 42 63 46 31 40 29 66 41 49 49 73 28 58 41 41 39 40 58 32 31 42 73 18 74 41 60 72 66 14 58 49 48 65 66 67 42 51 66 45 39 21 73 71 42 24 70 72 40 26 65 35 31 31 49 67 23 53 21 52 66 37 31 62 61 43 25 39 75 36 27 39 46 66 67 75 55 25 64 14 19 12 59 43 25 60 24 50 34 36 56 53 68 21 64 65 44 41 71 70 35 26 29 23 24 73 20 40 63 49 47 17 42 71 47 45 28 69 13 58 42 12 46 76 36 73 22 70 75 51 51 18 73 74 60 31 33 74 51 66 57 53 26 54 55 16 
107 62 92 100 32 86 16 65 74 100 104 27 65 30 36 67 77 97 53 33 45 17 55 45 92 79 50 88 32 51 72 65 40 86 42 38 31 41 31 52 78 96 52 56 34 47 63 84 19 84 75 97 63 55 89 25 99 103 53 50 59 33 29 101 89 31 60 38 64 91 55 72 82 43 53 25 45 62 67 95 43 101 102 45 59 94 84 31 102 89 85 110 75 31 71 29 82 100 111 108 58 99 67 62 36 110 56 33 58 38 100 35 99 72 80 65 91 71 35 54 105 79 83 96 50 29 27 47 76 59 29 95 60 106 92 107 95 24 98 67 46 99 56 65 64 19 63 22 109 57 103 92 51 93 68 61 93 67 43 58 41 94 60 71 69 105 38 84 59 61 59 58 82 44 44 59 105 24 108 59 91 103 96 20 87 70 68 95 95 97 59 73 96 66 57 28 106 101 59 33 104 105 60 35 98 52 46 43 72 100 34 79 31 74 96 52 44 91 89 64 37 58 109 54 35 57 69 94 99 110 81 37 93 22 28 18 86 64 36 85 31 73 51 51 82 78 100 29 94 96 63 60 104 105 49 38 40 33 33 106 29 56 90 69 70 26 63 101 66 66 41 100 18 83 60 18 66 110 51 105 31 104 109 74 75 24 106 107 90 46 48 108 72 94 85 77 35 78 81 25 
4 10 11 4 6 11 9 8 9 10 8 10 11 11 8 10 4 8 7 5 2 3 3 7 10 6 5 4 5 8 7 10 11 10 0 3 11 3 7 7 4 6 4 7 6 5 2 10 7 3 8 6 3 8 8 5 3 7 7 5 6 6 8 3 8 8 3 11 7 3 10 10 5 6 2 5 3 7 2 11 4 7 6 4 8 3 5 9 8 8 7 4 8 5 0 5 6 5 7 7 1 6 11 5 8 0 11 5 3 8 9 10 4 9 4 5 4 8 6 7 3 2 8 3 8 3 4 9 8 9 3 6 2 8 6 8 8 10 11 9 9 1 9 9 4 9 8 6 10 4 3 7 4 7 8 11 7 6 3 10 10 8 3 11 8 5 2 5 7 10 8 10 7 2 5 0 10 1 8 5 9 0 4 4 8 4 2 4 8 3 5 0 8 8 2 1 6 7 1 4 9 7 9 0 8 8 3 6 4 8 7 6 5 5 8 5 8 11 9 5 3 3 3 6 8 5 7 5 8 10 4 6 1 9 7 7 10 4 3 5 0 3 6 2 6 3 8 5 2 6 9 3 5 8 2 6 8 3 3 11 9 11 9 8 7 4 5 8 3 2 4 10 3 0 8 8 2 4 10 7 10 4 7 11 7 2 2 5 6 7 5 3 10 5 4 8 8 1 3 8 
5 2 5 5 2 5 3 2 2 3 5 6 5 6 2 4 3 2 8 2 5 2 5 6 4 0 5 4 2 6 5 4 4 4 6 5 4 4 0 3 1 5 4 8 0 2 3 5 0 2 2 3 4 1 1 0 2 3 2 1 5 2 2 2 7 0 2 5 4 4 3 5 4 0 6 4 4 8 1 5 4 8 3 6 4 0 3 1 2 7 4 5 5 4 7 5 0 1 5 5 6 2 4 2 3 7 4 6 0 4 7 4 3 2 3 0 4 4 1 5 2 6 7 4 7 6 7 1 1 2 3 4 4 7 5 4 4 2 4 3 2 5 2 2 4 1 2 0 4 1 2 0 6 0 1 4 2 3 5 4 4 7 2 4 8 6 6 6 1 2 1 4 7 6 2 7 6 6 5 2 2 7 5 1 1 4 6 5 7 4 5 6 5 2 3 6 4 8 6 4 2 5 2 7 0 1 0 4 1 1 0 0 0 5 5 4 4 4 4 1 0 0 5 1 8 0 0 7 2 4 1 0 5 3 0 0 4 2 1 7 7 4 1 5 3 3 1 2 3 2 5 1 4 1 6 2 6 1 4 4 2 5 5 5 3 1 1 8 7 2 1 6 3 7 5 3 3 5 5 6 4 3 4 5 2 6 5 5 0 2 0 4 6 7 2 4 5 6 2 2 
100 64 90 94 28 84 24 63 75 98 98 22 62 26 33 65 76 103 44 27 45 19 50 37 88 79 43 83 29 44 63 62 39 83 41 39 30 40 31 58 78 87 47 47 34 45 64 79 19 84 71 103 60 56 94 29 100 98 61 46 51 28 34 103 80 32 61 35 58 92 53 67 76 47 49 17 42 53 70 93 35 92 97 38 53 96 80 32 100 80 80 103 67 23 68 20 82 98 102 100 56 95 66 59 44 108 54 25 60 32 92 31 96 70 78 67 86 65 31 45 106 75 74 93 41 23 20 51 76 58 28 87 58 98 84 102 89 28 96 74 49 98 56 65 59 20 60 22 107 57 101 96 43 95 67 60 90 61 38 56 38 86 61 69 60 96 34 76 58 64 63 56 74 40 41 56 100 23 100 57 98 102 87 23 90 65 63 88 86 98 50 72 89 64 59 25 100 92 55 29 104 96 64 33 102 53 48 36 72 101 38 79 35 67 88 46 38 90 85 68 39 60 104 60 26 57 71 86 97 106 80 41 92 29 29 20 83 68 36 77 30 68 57 50 76 80 101 26 94 91 56 60 95 108 45 46 32 33 30 105 28 53 84 62 77 28 68 92 60 67 43 94 20 81 52 26 67 102 46 97 29 107 104 72 71 24 103 99 92 52 47 105 67 85 89 70 29 78 82 31 
70 48 67 66 24 63 19 48 55 72 72 22 49 25 28 50 52 71 36 23 27 13 35 31 66 56 33 58 23 36 49 48 33 62 23 24 27 27 25 40 54 65 34 38 26 33 42 60 17 57 54 70 41 42 66 21 67 72 43 36 40 24 26 69 60 26 41 31 45 61 42 52 55 34 32 17 29 41 46 70 29 67 70 29 42 65 57 27 72 60 60 72 52 21 42 19 58 69 75 74 35 68 51 43 32 68 43 21 41 28 69 28 66 53 54 47 61 50 26 37 71 50 56 63 34 17 16 38 56 45 19 64 38 72 62 75 66 24 71 53 37 63 43 49 42 19 46 18 78 40 69 67 33 67 50 47 65 46 28 44 33 64 41 53 46 69 22 55 43 48 46 44 55 26 31 34 74 13 74 41 69 64 63 16 64 46 42 62 65 65 39 44 67 48 38 16 72 68 35 22 75 71 47 18 72 40 33 30 50 72 29 56 25 49 66 35 32 67 63 47 27 41 71 42 24 41 51 62 70 78 56 30 59 23 23 17 62 46 25 55 16 48 40 32 56 52 72 22 62 66 45 41 69 76 30 32 28 23 21 77 25 43 63 48 53 20 47 68 41 44 30 71 12 50 42 20 44 72 38 71 26 71 76 55 54 14 68 71 64 36 35 71 52 62 60 54 26 49 55 24 
3 9 10 2 5 10 9 7 8 9 7 9 9 9 7 9 3 7 5 4 3 3 1 5 8 6 3 3 4 6 5 9 10 9 1 3 10 2 6 7 3 5 3 5 6 4 3 8 6 3 6 6 2 7 8 5 3 6 7 4 4 5 8 3 6 7 3 9 5 3 9 8 3 6 0 3 2 5 3 10 3 5 4 2 6 3 4 8 7 6 6 2 6 3 1 3 6 4 5 6 1 5 10 4 8 1 10 3 3 6 7 8 3 8 3 5 3 6 5 5 3 1 6 2 6 1 2 8 7 8 3 4 2 6 4 7 6 9 10 9 9 2 8 8 2 8 7 6 9 3 2 7 3 7 7 10 6 4 2 9 9 6 3 10 6 3 0 3 6 9 8 9 5 0 4 1 8 2 6 4 9 2 3 4 8 2 1 2 6 3 3 2 7 7 3 0 4 5 0 2 8 5 9 1 7 7 3 4 3 7 6 6 5 3 6 4 6 10 8 5 3 3 1 6 6 4 6 3 7 8 3 6 2 9 6 6 8 5 3 3 2 2 6 2 4 3 7 4 2 5 7 3 3 8 1 7 6 3 2 10 8 9 8 6 7 4 5 6 1 2 3 9 3 2 6 9 2 2 8 5 9 4 6 10 6 3 1 3 6 7 4 2 8 3 5 6 7 2 3 8 
37 24 31 35 9 29 13 21 27 34 32 8 21 9 11 22 29 38 18 9 21 10 21 14 29 29 17 31 12 16 23 21 14 28 20 19 12 17 12 24 28 31 19 19 14 18 26 26 8 31 23 39 24 21 34 12 37 31 25 16 19 9 15 38 30 13 24 12 20 35 18 22 28 19 21 7 18 21 27 32 14 34 34 17 17 35 29 12 34 30 26 38 22 10 29 9 29 34 36 34 24 33 24 22 19 42 19 11 23 10 32 10 35 23 30 25 31 20 11 17 39 30 27 35 16 12 11 20 26 20 13 31 24 35 29 33 28 13 33 30 19 38 19 22 23 8 20 10 36 21 37 35 18 34 24 22 31 22 16 19 13 31 24 24 24 35 16 29 20 24 24 19 28 18 16 25 33 13 34 21 37 40 32 11 33 25 26 33 31 37 19 30 29 22 24 13 35 34 24 13 36 34 25 17 37 19 18 14 26 36 15 29 15 26 29 18 11 31 28 26 15 22 39 23 12 20 27 33 32 35 29 16 36 14 12 9 28 27 15 30 16 26 22 22 27 32 35 11 36 30 18 23 33 39 20 20 12 14 14 36 10 18 28 21 31 13 26 34 25 26 17 32 12 33 17 14 27 37 15 34 11 40 34 25 23 14 39 36 34 22 18 39 22 32 34 23 9 32 31 15 
36 27 34 35 11 32 15 24 30 37 33 10 24 11 14 24 30 41 15 11 21 11 20 13 32 31 17 31 13 15 22 24 17 31 19 19 15 18 15 26 30 30 19 16 16 19 27 28 11 32 26 41 24 23 37 14 38 34 27 18 19 11 18 39 27 15 25 15 21 36 22 24 28 21 21 6 18 18 28 35 13 31 35 15 19 36 30 15 37 27 29 37 22 9 28 8 32 36 35 33 24 35 27 23 22 42 22 9 24 12 30 13 36 26 30 27 32 22 13 16 40 29 24 35 13 11 10 23 29 23 14 31 24 32 27 36 30 16 36 32 22 38 23 26 23 11 23 12 39 23 37 37 17 37 26 25 33 23 16 22 16 28 25 28 20 33 15 28 23 27 26 22 25 18 17 24 35 13 34 23 39 40 30 13 35 25 25 32 28 38 17 30 30 24 25 13 35 31 23 14 39 33 27 17 39 22 20 14 28 39 18 31 17 25 29 18 13 34 31 28 17 24 38 26 9 22 29 31 35 37 30 19 36 17 14 12 31 28 17 28 16 26 24 22 28 33 38 12 37 32 19 24 32 41 19 22 10 16 14 39 13 20 29 20 33 14 28 31 24 27 19 33 13 33 17 16 28 35 18 32 14 42 37 28 26 14 39 35 36 24 19 39 24 29 35 24 11 32 32 17 
1 6 6 1 1 6 7 3 5 5 3 5 5 5 3 5 3 6 3 0 5 3 2 2 4 3 1 1 1 2 1 5 6 5 5 5 6 3 3 6 1 1 1 3 3 2 3 4 3 2 2 6 2 4 6 3 3 2 6 0 1 0 6 3 3 4 3 5 1 4 5 4 0 4 3 0 2 3 3 6 0 3 0 2 2 2 1 4 3 3 2 1 2 0 5 0 3 1 1 2 4 1 6 1 7 5 6 2 2 2 3 4 2 3 2 3 1 2 0 1 2 3 3 2 3 2 3 5 4 4 3 0 3 3 1 3 2 6 6 7 6 4 4 4 1 4 3 3 5 1 1 4 2 4 3 6 2 0 1 4 5 3 3 6 4 2 3 2 3 6 5 5 3 3 1 5 4 5 2 2 7 5 1 3 5 1 3 1 3 4 0 5 3 3 4 3 0 3 4 1 4 1 6 5 5 4 2 0 2 4 4 3 3 1 2 0 2 5 4 4 1 1 2 4 4 2 4 3 3 4 1 4 4 7 3 4 4 4 2 3 6 1 4 4 0 4 4 1 3 1 3 2 0 5 3 6 3 2 2 6 4 5 3 3 6 3 4 4 3 3 2 5 4 5 2 7 3 1 4 2 5 4 2 6 2 5 3 1 4 6 1 2 4 2 4 2 2 5 3 6 
40 19 31 38 12 29 9 21 23 32 36 11 22 12 11 22 30 35 23 12 21 10 23 18 32 28 21 33 14 20 27 22 13 29 20 19 9 18 11 22 28 35 21 23 13 18 26 30 7 31 25 38 25 18 30 11 36 35 22 18 23 12 12 38 34 11 24 13 24 36 18 26 31 16 24 11 19 26 26 32 17 39 37 20 21 34 31 8 34 34 30 41 27 13 30 13 29 35 40 38 25 35 21 23 16 44 18 15 22 14 37 13 37 23 31 24 34 25 12 21 39 32 32 36 21 15 15 16 23 18 14 35 25 39 34 37 33 8 32 26 15 39 16 20 25 4 20 9 36 21 38 33 22 32 23 19 32 25 19 19 14 35 23 23 28 39 19 33 20 20 20 19 32 20 18 26 37 14 39 22 33 42 36 10 29 27 28 36 36 37 23 31 33 22 24 15 38 39 26 15 34 38 21 19 33 15 18 17 26 33 12 28 13 29 34 21 16 30 30 24 14 21 41 21 17 20 25 37 32 37 30 14 37 11 10 8 29 25 15 34 18 28 20 23 30 31 33 12 36 32 23 23 37 35 22 17 17 14 15 35 8 19 32 25 28 11 24 39 28 26 17 35 11 35 22 10 27 41 18 39 10 39 38 25 25 14 41 39 32 20 18 40 26 36 32 27 14 32 31 11 
37 28 39 35 15 37 13 27 31 40 40 16 29 17 18 30 27 39 21 14 14 7 19 19 37 31 19 31 14 22 27 29 21 36 11 13 18 14 15 23 29 35 19 22 16 18 21 34 11 29 30 37 22 24 37 13 34 39 24 20 23 15 17 36 34 16 21 20 25 31 25 31 29 20 17 11 16 24 24 40 16 37 37 16 24 33 31 17 40 34 33 38 30 12 21 11 32 36 41 40 18 36 30 24 19 34 27 13 21 17 39 18 34 30 28 25 32 28 15 21 36 26 32 33 21 10 10 23 32 26 11 34 20 40 34 41 36 16 41 30 23 32 25 29 22 13 27 12 44 22 35 36 18 36 28 28 36 26 15 26 21 36 22 32 27 37 12 29 25 28 26 27 31 14 17 17 42 6 40 23 38 32 33 9 36 25 22 33 36 33 22 22 37 28 20 8 39 37 18 12 41 39 28 9 39 24 17 18 26 39 17 31 14 26 37 20 19 38 36 25 14 21 37 23 16 23 28 33 39 43 29 17 30 15 15 11 35 25 14 30 8 25 23 16 30 27 40 13 31 36 26 22 37 42 16 19 18 13 12 44 16 26 36 28 29 12 25 38 22 23 16 40 7 25 24 14 22 38 24 39 18 37 41 33 30 7 34 38 35 21 19 37 31 34 32 30 17 25 28 15 
5 2 4 5 1 4 4 1 1 3 4 5 4 5 2 4 3 2 7 2 6 2 5 5 4 0 5 4 2 5 5 4 4 4 6 5 4 4 0 3 1 5 4 7 0 2 3 5 0 2 2 4 4 0 2 0 2 2 3 1 4 1 2 2 7 0 2 4 3 4 3 5 4 1 6 4 4 7 2 4 4 7 3 6 4 1 3 1 2 7 3 5 5 4 7 5 0 0 5 5 6 2 3 2 3 7 4 6 1 4 6 4 3 2 3 0 4 4 1 5 2 6 7 4 7 6 7 1 1 1 4 4 5 6 5 4 3 2 4 3 2 5 1 2 4 1 1 1 3 1 2 1 6 0 1 3 1 3 5 3 4 6 2 4 8 6 6 6 1 2 1 3 7 6 2 7 5 6 5 2 3 7 5 2 1 4 6 5 7 4 4 7 4 2 3 6 4 7 6 4 2 5 2 7 1 1 0 4 1 0 0 1 1 5 4 4 4 4 3 1 0 0 5 1 7 0 1 7 2 4 1 0 6 3 0 0 3 2 2 7 7 4 1 5 3 4 0 2 4 1 5 2 4 1 6 3 6 2 4 4 1 4 5 5 3 1 1 8 7 3 1 5 4 7 5 3 3 5 5 5 3 3 3 4 2 6 6 5 1 3 0 4 5 7 2 4 4 6 2 2 
134 83 117 126 37 109 29 83 97 129 130 28 81 32 43 84 100 135 58 36 58 25 67 48 116 104 57 110 39 57 84 81 49 109 54 51 38 52 40 75 103 116 62 62 44 59 85 103 24 111 94 135 79 73 123 37 132 130 79 61 68 37 43 137 106 41 80 45 77 121 69 87 102 61 64 23 55 70 92 122 48 122 129 50 69 127 106 41 131 106 106 138 89 31 90 28 108 130 136 133 73 126 86 78 56 142 69 33 79 42 122 39 127 91 103 88 114 85 41 60 140 100 98 123 54 31 27 66 100 76 36 116 76 129 112 134 117 35 125 96 63 129 73 85 78 25 79 28 141 75 134 126 58 125 88 78 119 81 50 72 49 113 80 90 79 129 44 102 75 83 82 73 98 52 55 74 131 30 133 75 128 135 117 29 118 86 84 118 114 129 67 94 118 83 77 32 132 122 73 39 137 128 83 42 134 68 63 48 95 133 49 104 45 89 117 61 49 118 111 89 51 79 139 78 34 75 93 114 127 140 107 53 122 36 36 25 108 89 48 103 39 91 74 66 101 106 133 35 125 121 74 79 127 142 60 59 41 44 40 138 36 68 111 81 100 36 90 122 80 88 56 124 26 106 69 32 89 136 60 129 37 142 138 94 94 31 136 133 121 67 63 139 87 114 117 93 38 102 108 39 
2 5 6 2 1 6 6 2 4 5 4 5 5 5 3 5 1 4 5 0 4 2 2 3 4 2 2 1 0 4 3 5 6 5 4 4 6 2 2 4 0 3 1 5 2 0 2 5 2 0 2 4 1 3 4 2 1 2 5 0 2 1 5 2 5 3 1 5 2 3 5 5 1 3 3 1 1 5 1 6 1 5 0 3 3 1 0 4 3 5 2 2 3 1 4 2 2 0 3 3 3 0 5 0 5 5 6 3 1 3 5 4 1 3 1 2 1 3 0 3 1 3 5 1 5 3 4 4 3 3 2 2 2 4 2 3 3 5 6 6 5 3 4 4 1 4 3 2 5 0 0 3 3 3 3 6 2 1 2 4 5 4 1 6 6 3 3 3 2 5 4 5 4 3 0 4 5 4 3 0 5 5 2 2 4 1 3 2 5 2 2 4 4 3 3 3 1 5 4 1 4 3 5 5 4 3 0 2 0 3 3 2 2 2 3 1 3 5 4 2 0 0 2 3 5 0 3 4 3 5 0 2 4 6 2 3 4 3 1 4 5 1 3 3 1 3 3 0 2 1 4 1 2 4 3 4 4 1 1 6 3 5 4 4 5 2 3 5 4 1 1 5 3 5 3 6 2 2 5 3 5 3 2 6 2 4 3 2 2 4 0 1 5 4 3 3 3 4 1 5 
203 120 171 191 55 159 39 122 143 189 191 37 116 43 61 121 150 199 88 56 87 36 102 74 169 155 88 167 58 85 129 116 69 158 81 75 52 78 59 110 154 177 95 93 65 89 127 150 35 167 139 201 120 107 181 54 198 192 116 92 105 55 62 204 160 59 120 62 116 181 99 126 154 90 97 38 84 106 138 178 75 184 195 77 103 191 160 58 195 159 158 209 132 50 135 45 161 195 206 198 110 190 124 118 81 213 99 52 119 61 182 55 191 134 156 131 172 125 62 92 210 151 147 186 81 48 42 96 147 111 54 177 115 194 170 199 173 49 183 141 90 194 105 123 119 34 116 41 207 112 203 186 89 185 130 112 177 123 77 104 69 171 120 130 118 195 67 155 111 120 120 105 148 79 82 111 192 44 199 113 188 201 177 42 174 131 127 179 170 193 104 141 173 123 115 49 201 184 110 59 202 194 121 63 198 99 95 75 143 197 71 155 66 136 174 94 71 172 163 132 76 118 210 115 52 112 138 173 188 205 160 78 182 51 53 36 158 133 71 156 57 137 108 98 153 158 197 52 187 181 107 119 194 210 91 86 62 66 60 201 51 97 162 120 147 54 133 184 121 132 83 181 38 159 102 45 133 208 85 194 51 212 206 135 139 45 205 202 180 98 94 210 126 172 175 137 54 153 162 56 
2 8 9 2 4 9 8 6 8 8 6 8 9 9 6 8 2 7 5 3 2 2 1 5 8 5 3 2 3 6 5 8 9 8 1 3 9 2 5 6 3 4 2 6 5 3 2 8 5 2 6 5 2 6 7 4 2 6 7 4 4 4 7 3 6 6 2 9 5 2 8 8 3 5 0 3 1 5 2 10 2 5 4 3 6 2 3 7 6 6 6 2 6 3 1 3 5 3 5 5 1 4 9 4 7 2 9 3 2 6 7 8 2 7 2 4 2 6 4 5 2 0 6 2 6 1 2 7 7 7 2 4 1 6 4 6 6 8 9 8 8 1 7 8 2 7 6 5 8 3 1 6 3 6 6 9 6 4 1 8 9 6 2 9 6 3 0 3 6 9 7 8 5 0 3 1 8 1 6 3 8 2 3 3 7 2 0 2 6 2 3 1 6 6 2 0 4 5 0 2 7 5 8 1 7 7 2 4 3 7 6 5 4 3 6 3 6 9 7 4 2 2 1 5 6 4 6 4 7 8 2 5 1 8 6 6 8 4 2 3 2 2 5 2 4 3 7 4 1 4 7 2 3 7 0 6 6 2 2 9 7 9 7 6 6 4 4 6 1 2 3 8 3 2 6 8 2 2 8 5 8 3 5 10 6 3 0 3 5 6 3 2 8 4 4 6 6 2 2 7 
