60 
300 
203 1546
305 1928
513 2470
298 1858
524 2531
109 1128
494 2423
67 860
347 1998
233 1527
305 1895
41 673
501 2454
211 1535
433 2200
384 2018
467 2250
71 898
128 1181
135 1260
354 1933
237 1581
316 1948
498 2497
581 2663
339 2001
226 1548
37 681
184 1466
279 1873
237 1656
56 799
60 871
573 2561
181 1472
56 820
358 2024
309 1931
475 2394
328 1864
184 1508
109 1200
452 2250
245 1709
188 1527
245 1598
305 1885
101 1067
599 2633
199 1599
396 2117
599 2693
347 1952
343 1895
335 2057
305 1930
162 1341
64 927
490 2335
184 1485
11 11 15 27 6 12 14 29 10 20 33 7 23 8 31 20 34 33 7 8 32 10 9 34 14 17 7 23 13 16 20 20 12 11 34 8 28 6 18 14 29 11 8 29 8 8 21 28 18 29 13 19 34 34 16 18 14 23 12 24 21 24 15 19 17 14 28 6 13 12 25 5 24 31 11 13 12 19 29 5 5 15 17 13 22 6 6 32 33 18 21 11 15 14 25 30 12 8 31 20 29 31 22 19 13 16 18 15 8 26 15 32 21 18 31 24 17 18 30 6 13 21 20 24 9 23 30 12 6 29 9 34 9 22 30 21 6 17 17 8 7 23 29 16 11 11 19 14 19 30 22 11 21 7 17 20 25 25 26 19 34 34 19 18 25 13 26 19 31 9 8 22 13 28 29 16 28 23 6 20 14 28 15 9 8 5 8 26 20 12 6 30 30 30 27 15 18 10 17 28 7 5 6 12 26 31 22 15 13 16 12 18 27 30 34 11 26 34 14 34 28 10 20 8 31 18 27 15 18 26 22 16 15 27 11 8 8 22 23 18 22 21 33 32 14 34 34 20 10 19 29 34 7 19 29 29 24 29 17 6 17 12 23 10 14 28 21 18 25 23 12 30 30 26 15 21 23 24 12 26 27 17 13 31 12 33 25 29 19 30 5 5 32 6 21 15 28 28 30 21 
17 17 22 34 9 15 20 33 19 24 39 10 29 12 38 24 36 32 10 7 40 17 12 37 23 21 14 30 20 22 27 25 15 10 34 9 33 9 20 20 37 15 12 28 14 14 27 35 17 36 15 26 44 38 16 20 17 25 16 32 26 28 21 26 23 18 35 5 17 18 26 10 27 40 11 18 16 22 39 5 11 19 22 21 23 11 13 36 38 26 27 22 23 18 35 37 15 15 33 27 37 34 27 24 20 20 23 23 14 29 21 38 25 24 32 25 22 22 39 13 15 23 26 31 12 29 34 20 5 35 15 39 15 27 37 21 12 26 19 8 14 27 36 20 11 14 26 21 25 34 27 15 25 13 23 26 29 29 27 23 36 39 22 20 33 16 31 26 30 12 14 26 22 35 35 23 38 26 9 23 20 38 23 15 12 9 12 28 28 15 10 29 33 29 32 17 24 13 22 34 10 6 14 16 29 33 28 22 14 19 16 25 29 32 41 12 31 41 21 38 31 12 25 12 36 18 32 18 24 26 29 22 17 30 13 13 15 27 27 20 24 21 39 37 17 40 41 28 12 23 39 38 15 23 36 35 29 30 20 11 22 16 28 13 17 29 23 28 31 25 20 29 36 30 22 31 29 28 19 31 33 19 19 36 16 31 32 31 23 35 6 9 35 11 20 18 30 32 29 27 
5 5 3 4 0 0 4 4 6 2 4 2 5 2 3 0 0 4 1 2 5 3 4 3 7 2 3 7 3 2 3 5 0 3 1 4 6 3 2 4 6 4 0 2 5 8 3 3 3 3 1 3 8 5 4 3 0 1 5 4 1 4 7 5 6 0 3 2 2 7 2 7 2 7 4 7 0 1 8 3 5 2 7 5 2 3 5 0 1 4 2 8 5 3 7 3 3 3 1 3 4 0 2 3 7 4 1 6 5 3 6 2 3 3 5 3 1 2 6 4 3 3 6 7 1 7 2 6 2 2 7 4 7 4 3 1 6 6 2 1 6 5 3 4 2 2 5 3 4 4 7 6 5 7 2 5 0 4 4 3 0 1 1 4 6 5 5 4 2 6 2 0 6 6 6 3 8 2 5 0 6 7 4 2 5 0 6 0 5 3 3 2 0 3 2 2 7 0 7 8 0 2 6 6 0 2 8 5 2 2 0 3 4 2 3 2 1 3 3 1 3 0 1 0 2 3 4 0 3 3 3 2 2 0 4 6 3 6 2 0 2 1 8 4 4 3 6 4 4 3 8 4 4 0 3 5 4 3 2 4 4 3 3 0 1 2 2 7 3 4 4 2 7 3 3 7 7 4 3 6 5 4 2 2 5 2 3 2 2 6 3 5 3 7 3 2 5 6 2 2 
7 7 8 8 3 3 7 6 10 5 7 4 8 5 7 4 2 0 3 1 9 8 5 4 11 5 7 9 7 6 7 6 3 1 1 0 6 5 2 7 10 6 5 0 7 7 7 7 0 8 1 7 11 5 0 3 4 3 6 8 6 6 8 8 7 4 8 0 5 8 0 6 5 10 0 7 4 3 11 2 7 5 7 9 0 6 8 5 5 8 7 12 9 6 11 7 5 7 3 7 8 4 6 6 8 5 6 9 8 2 8 7 5 7 0 3 5 5 10 8 3 0 8 9 4 7 5 9 1 6 8 7 7 6 7 1 7 10 4 1 9 6 7 6 0 4 8 7 7 5 7 6 5 7 6 7 4 6 0 5 3 5 2 0 9 5 7 8 1 5 6 4 10 8 8 7 11 4 5 3 7 11 8 7 6 4 6 3 9 4 5 0 4 0 5 3 8 3 7 7 4 1 9 6 2 2 7 8 0 4 4 7 4 2 7 0 5 7 7 5 4 3 6 4 6 2 6 3 7 2 7 7 3 4 0 7 7 7 5 2 0 1 7 7 4 6 9 8 0 5 11 5 9 4 7 8 7 0 4 6 6 5 6 3 4 0 2 11 7 3 8 0 8 6 7 11 8 6 8 6 8 0 7 6 6 0 7 2 5 7 0 5 4 7 0 2 3 6 0 6 
6 6 5 5 1 1 5 4 8 3 5 2 6 3 4 2 0 2 1 0 6 5 4 3 9 3 5 7 5 3 4 5 1 1 0 2 6 3 0 5 7 4 2 1 5 7 5 5 1 5 0 5 9 5 2 3 1 0 5 6 3 4 7 6 6 2 5 1 2 7 0 7 3 8 2 7 2 0 9 2 5 3 6 7 1 4 6 2 3 5 4 10 7 4 9 5 3 5 0 5 5 1 4 4 7 4 3 7 6 1 6 4 4 4 3 2 3 2 8 5 2 2 6 8 2 7 3 7 1 4 7 5 7 4 5 0 7 8 2 0 7 5 5 4 0 2 6 5 5 4 7 6 4 7 4 6 1 5 2 4 0 3 0 2 7 5 5 5 1 5 4 2 8 7 7 5 9 2 5 0 6 9 6 4 5 2 5 0 6 3 3 1 1 2 3 1 7 0 6 7 1 0 7 6 0 0 7 6 0 2 2 4 3 0 5 1 3 5 5 2 3 1 3 1 4 2 5 1 4 2 5 4 1 1 2 6 4 6 3 0 0 0 7 5 4 4 7 5 2 4 9 4 6 2 4 6 5 1 3 5 5 4 4 1 2 0 0 9 4 3 6 1 7 4 5 8 7 4 5 6 6 3 4 3 5 0 5 1 3 6 1 4 3 7 1 1 4 5 1 4 
3 3 7 6 6 5 4 3 8 4 4 3 4 3 9 6 5 3 6 3 6 8 1 2 7 4 7 4 9 8 9 1 6 0 3 5 1 3 5 4 6 2 6 3 3 2 5 9 3 7 6 9 8 1 3 2 5 5 1 10 6 2 2 5 2 7 6 3 4 2 5 1 3 6 5 1 6 6 8 1 3 4 1 7 5 5 5 6 5 9 7 8 6 3 8 7 3 8 5 8 9 6 6 3 4 2 7 5 4 6 2 8 3 5 6 2 7 4 8 6 3 6 3 3 4 1 4 6 2 7 2 4 2 3 8 3 2 7 3 3 5 1 8 3 4 3 4 9 5 1 1 0 1 1 8 3 6 1 5 2 3 5 6 6 6 0 2 6 2 0 6 6 7 4 3 9 8 4 0 6 2 8 10 8 2 7 1 4 6 2 3 1 5 3 5 4 3 6 1 2 3 4 5 0 6 5 2 5 5 4 6 7 0 6 8 5 6 6 9 5 3 4 6 6 5 0 3 6 6 1 9 6 3 5 6 1 8 2 4 6 6 2 2 2 1 5 5 9 6 2 8 1 7 5 9 4 3 5 3 3 2 3 5 6 4 5 6 8 5 0 10 1 2 2 8 8 2 2 7 0 4 6 8 4 1 1 8 6 3 1 5 1 3 1 2 6 0 0 3 7 
27 27 34 58 12 24 33 62 27 43 70 16 51 19 65 40 67 69 15 17 69 24 22 72 36 37 17 53 29 34 43 45 23 25 69 19 62 15 37 33 65 26 17 60 21 24 46 59 39 62 27 41 77 73 35 39 28 47 29 52 44 52 37 43 41 28 60 14 28 32 52 17 51 69 25 33 24 39 66 13 15 33 41 32 46 15 17 65 68 40 45 31 36 32 58 63 27 19 62 43 62 62 47 42 33 36 38 37 21 54 36 67 45 40 66 51 35 38 67 16 29 45 46 56 19 53 62 30 14 60 25 72 25 48 63 43 19 41 37 17 21 51 61 36 23 24 43 31 43 64 51 28 47 21 36 45 50 55 56 42 68 70 38 40 56 31 57 42 64 24 19 44 33 63 65 36 64 48 18 40 35 64 34 21 21 10 22 52 45 27 15 62 61 63 56 32 43 19 41 64 15 12 19 30 52 63 52 36 27 34 24 39 58 61 71 24 53 72 31 69 59 20 42 16 65 39 58 30 39 54 47 35 32 55 25 22 19 50 49 36 45 43 74 69 32 71 75 44 24 42 66 72 19 39 61 63 53 61 37 16 38 27 49 20 30 57 43 44 53 50 28 62 67 56 33 50 53 52 28 58 59 38 29 65 29 68 53 60 41 66 13 15 67 20 44 31 61 62 62 44 
1 1 1 1 4 4 1 2 2 1 1 3 1 2 5 4 4 6 6 4 1 3 4 4 3 2 3 3 5 5 5 3 4 4 4 7 5 2 5 1 2 1 4 5 1 6 0 4 6 2 6 5 4 4 6 4 4 4 3 6 3 3 4 0 4 4 1 5 2 6 6 7 2 2 7 5 4 5 4 4 1 2 4 2 6 1 0 3 2 5 3 4 1 2 3 2 3 3 5 4 5 4 2 0 3 2 3 2 1 7 3 4 2 0 8 4 4 2 2 1 4 7 3 4 3 5 2 1 4 3 5 1 5 2 3 4 4 2 3 4 2 3 3 2 5 3 1 5 0 1 6 5 4 5 4 1 5 2 7 2 2 2 5 8 2 5 2 0 4 6 2 4 2 3 3 5 3 2 5 4 4 3 6 4 3 5 4 2 1 3 2 4 3 6 1 4 4 4 5 7 1 5 2 6 5 5 6 1 6 3 4 3 3 6 3 6 3 0 5 3 3 2 2 4 1 4 1 4 1 4 5 2 4 3 7 5 3 4 2 5 6 4 6 1 4 1 2 5 8 3 4 2 1 3 5 1 1 6 3 0 1 2 1 4 3 5 6 3 0 4 5 4 5 1 4 3 5 2 2 5 1 8 3 1 3 4 3 6 2 5 7 4 3 6 5 6 5 5 5 3 
48 48 67 115 30 53 60 119 48 84 137 31 97 36 133 86 141 134 34 34 135 48 38 138 64 72 36 96 61 72 88 82 53 43 139 36 113 27 76 61 123 46 38 119 36 34 90 121 74 123 57 85 144 137 66 74 61 96 50 106 90 98 63 82 71 62 119 26 56 51 105 21 99 131 48 54 54 82 125 21 24 64 70 60 93 29 29 133 137 81 91 53 67 59 109 127 51 40 129 88 125 130 94 79 56 67 79 66 37 110 63 136 87 78 129 98 75 76 128 31 54 89 83 100 40 94 124 55 25 123 39 141 39 91 128 87 27 76 71 35 33 94 124 67 48 47 81 65 81 122 90 45 85 30 76 83 106 102 108 79 139 142 82 77 106 52 107 83 126 36 38 94 60 117 120 73 120 96 24 86 59 120 70 44 34 26 34 107 87 50 28 120 125 123 113 63 75 45 70 114 31 24 29 49 109 128 90 65 57 67 54 79 108 125 144 49 110 142 65 141 115 43 86 38 129 71 112 66 78 105 97 70 63 113 49 34 40 90 96 77 93 86 134 131 57 142 141 89 45 78 125 138 35 81 125 121 99 120 71 27 71 52 97 46 60 116 89 80 106 91 58 120 123 107 68 92 95 99 55 105 113 74 60 128 50 133 108 122 80 122 25 21 131 26 86 66 111 113 122 91 
2 1 1 0 6 6 2 4 1 3 2 4 1 4 6 6 5 8 7 6 0 3 5 5 2 3 3 4 5 6 6 5 5 6 6 9 6 4 7 2 0 2 5 7 1 7 0 5 7 2 7 6 2 5 8 6 5 6 5 7 4 4 5 1 5 5 1 6 4 7 8 8 4 1 8 6 5 7 2 6 1 3 5 0 8 2 1 4 3 6 3 2 0 4 2 3 4 3 6 4 6 6 3 1 4 4 5 1 2 8 3 5 4 2 10 6 6 4 1 0 6 9 4 5 5 6 4 0 6 4 6 2 6 3 3 6 5 0 5 5 1 5 4 3 7 5 0 6 1 3 7 6 5 6 5 2 6 3 9 4 4 4 7 9 0 6 3 0 6 7 3 5 1 3 3 5 2 4 7 5 5 2 7 4 4 6 5 4 0 5 3 6 5 8 3 5 5 6 7 8 3 7 2 7 6 7 7 0 7 5 6 3 5 7 4 8 4 0 6 4 5 4 3 6 2 6 3 6 2 5 6 3 6 5 9 6 3 5 3 6 8 5 7 2 6 2 2 6 10 4 2 3 0 5 5 2 1 8 4 1 2 3 2 5 5 7 7 1 0 6 5 6 6 2 4 1 6 4 2 6 2 10 4 3 5 6 3 8 4 6 8 5 4 7 7 8 7 6 7 4 
17 17 16 29 9 16 20 35 15 25 39 13 29 13 32 24 36 41 12 14 35 11 16 41 21 22 9 31 13 18 21 28 15 18 40 16 37 12 24 20 34 17 11 36 14 19 24 28 25 30 18 20 42 42 24 25 18 28 20 25 24 31 24 24 26 16 30 12 18 22 31 16 29 38 19 23 14 24 36 12 11 20 26 17 28 10 11 35 36 18 20 18 20 20 32 32 18 8 36 20 30 35 25 24 21 23 20 22 14 32 23 33 27 22 40 31 20 23 35 9 20 28 28 33 14 33 35 18 12 31 19 39 19 28 29 27 15 22 23 13 14 31 28 22 17 17 24 15 24 36 32 20 29 17 19 27 29 32 35 25 38 37 23 26 31 22 33 22 37 19 11 25 18 36 37 16 35 28 15 22 23 35 16 10 16 9 17 30 25 19 11 36 34 38 31 21 27 13 27 39 10 11 13 22 30 37 33 21 19 21 15 20 34 36 35 17 29 35 14 38 34 13 23 12 35 25 33 18 21 33 23 19 21 31 19 17 7 31 28 22 28 27 44 38 22 38 41 21 18 26 36 41 10 23 30 35 30 37 23 12 23 17 27 12 19 34 27 24 27 31 12 36 40 31 15 27 33 31 14 36 33 25 12 36 20 39 24 35 24 39 12 13 38 17 28 21 37 37 37 23 
2 2 4 3 4 3 2 0 5 1 2 1 2 0 6 4 3 3 5 2 4 5 1 1 5 1 4 3 6 5 6 1 3 1 2 5 2 0 3 2 4 0 4 3 2 4 2 6 3 4 4 6 6 1 4 1 3 3 1 7 3 0 3 3 3 4 4 2 1 4 4 4 0 4 4 3 4 4 6 1 2 1 3 4 4 2 3 3 2 6 4 7 4 0 6 4 0 5 3 5 7 4 3 1 3 0 4 3 2 5 3 5 0 2 5 2 5 1 5 3 1 5 2 4 2 3 1 4 2 4 3 1 3 0 5 2 3 5 1 2 3 1 5 0 3 1 3 6 2 0 4 2 1 4 5 2 4 1 5 0 1 3 4 5 4 2 1 3 2 3 3 3 5 3 3 6 6 1 2 3 3 6 7 5 1 4 2 1 4 1 1 1 2 4 2 2 3 3 3 5 1 3 3 3 4 3 4 3 4 1 4 4 1 4 5 4 3 3 6 2 0 1 3 4 2 1 1 4 3 1 6 3 2 3 5 3 5 2 1 4 4 1 4 1 2 2 3 6 6 0 6 0 4 3 6 2 1 4 0 1 1 0 2 3 1 3 4 6 2 2 7 1 3 0 5 6 4 0 4 3 2 6 5 1 1 2 5 5 0 3 5 1 0 4 2 5 2 3 2 4 
68 68 95 167 41 76 86 175 66 123 200 44 141 50 194 125 209 201 48 50 197 66 55 205 90 105 48 141 85 103 127 120 77 67 207 53 169 37 112 86 179 66 53 177 50 50 130 175 111 179 83 122 210 204 100 110 88 142 72 153 131 144 92 118 104 89 173 39 81 74 155 33 146 191 71 80 77 119 181 31 32 92 103 83 137 39 39 196 202 116 132 73 95 85 156 186 73 54 190 127 182 191 136 115 81 97 114 94 51 162 92 199 127 112 192 146 108 111 186 40 80 132 122 147 57 140 182 76 38 179 56 206 56 133 186 129 37 108 104 50 45 138 181 97 70 68 117 92 117 180 134 67 126 44 108 121 156 150 161 115 206 208 119 114 154 79 157 118 188 56 53 137 84 171 176 104 174 141 37 125 86 174 99 60 48 36 48 159 125 73 38 181 184 184 165 93 110 65 104 171 44 34 39 74 161 190 135 93 83 99 77 114 161 185 210 71 161 208 92 208 170 62 125 53 190 108 164 95 112 157 140 101 93 166 72 49 54 133 140 113 137 128 200 193 85 208 207 128 66 115 181 204 47 118 181 177 145 179 104 37 103 74 141 65 87 172 131 114 154 139 80 181 182 157 97 132 140 145 77 157 165 108 84 189 72 200 156 180 116 181 35 30 194 38 129 96 169 169 183 132 
3 2 3 3 9 9 4 6 2 6 4 7 3 6 9 9 8 10 10 8 2 6 7 7 0 6 6 4 8 9 8 6 8 8 8 11 7 6 9 4 0 4 8 10 2 8 3 7 10 4 10 8 0 7 10 8 8 9 6 9 7 6 6 3 6 8 3 9 6 7 10 9 6 0 11 6 8 10 0 8 2 6 6 3 11 5 3 7 6 8 6 0 2 6 0 6 7 5 9 7 8 9 6 3 4 6 7 1 3 11 4 7 6 5 12 8 8 6 2 2 8 11 5 5 7 7 6 2 8 6 6 4 7 5 6 9 6 2 7 8 1 6 6 5 10 7 1 8 4 4 7 7 7 7 8 3 9 4 12 6 7 6 9 12 0 8 3 2 9 9 6 8 1 4 3 8 0 7 8 8 5 0 9 7 6 9 7 7 3 7 6 8 8 10 6 8 5 8 8 9 6 10 3 8 9 9 8 1 10 7 8 6 7 10 6 10 7 2 8 7 7 6 6 9 5 8 5 9 5 8 9 5 8 8 11 7 6 6 6 9 10 8 8 3 8 5 3 8 12 6 0 5 2 7 8 4 3 11 7 3 4 6 5 8 7 10 10 0 3 8 8 8 6 4 7 1 7 6 5 8 4 12 6 5 6 8 5 11 6 7 11 7 7 8 9 11 8 8 9 7 
16 16 19 31 7 12 18 32 16 22 37 9 28 10 35 21 34 36 8 9 37 14 12 37 22 19 11 29 17 19 24 25 12 13 34 11 33 8 19 18 35 14 9 30 13 15 24 32 20 33 14 23 42 38 19 20 14 23 16 29 23 28 21 24 23 15 32 7 14 19 27 12 26 38 14 19 13 20 37 7 9 17 23 19 24 9 11 33 35 23 24 19 20 17 33 34 14 12 31 24 34 32 25 22 19 19 20 21 13 28 21 35 24 21 35 26 19 19 36 10 15 24 26 31 10 29 32 18 7 32 15 38 15 25 34 21 12 23 19 8 13 27 33 19 12 12 24 18 23 33 28 16 25 13 20 25 26 29 29 22 33 36 20 21 31 17 31 23 32 14 11 23 20 34 35 20 36 24 11 20 20 36 20 12 12 6 13 25 25 14 9 31 30 32 29 16 24 10 23 35 7 6 12 17 27 32 29 20 14 17 13 22 30 31 38 13 28 38 18 35 30 10 22 9 34 20 31 16 21 28 26 19 16 27 14 13 12 27 25 19 24 21 40 36 18 37 40 25 14 22 37 38 12 20 33 34 28 31 19 10 21 15 26 11 15 29 22 26 28 26 17 31 36 29 19 28 30 27 16 32 32 21 16 33 16 34 29 31 21 36 7 9 34 13 22 17 32 33 31 24 
3 3 4 3 3 2 2 1 5 1 2 0 3 0 5 3 2 3 3 1 4 4 1 1 6 1 4 4 5 4 5 3 2 1 1 4 3 0 2 2 5 1 3 2 3 5 3 5 2 4 3 5 7 2 3 1 2 2 2 6 3 2 4 3 4 3 4 1 1 5 3 5 0 5 4 4 3 3 7 1 3 1 4 5 3 2 3 2 2 6 4 7 4 1 6 4 0 4 2 5 6 2 2 2 4 1 3 4 3 4 4 4 1 2 5 1 3 0 6 3 1 4 4 5 0 4 0 4 1 3 4 2 5 1 4 1 4 5 0 1 4 2 4 1 2 0 3 5 3 1 5 3 2 5 4 3 3 2 4 1 0 2 3 5 5 3 3 3 1 4 3 2 6 4 4 5 6 0 3 2 4 6 6 4 2 3 3 0 4 1 1 1 1 3 1 1 4 2 4 6 0 2 5 4 3 2 5 4 3 0 3 4 1 3 4 3 2 3 5 1 0 0 2 3 2 1 2 3 2 1 5 3 1 1 4 4 4 3 1 3 3 1 5 2 2 2 4 6 5 1 7 2 4 2 5 3 2 3 0 2 2 1 2 2 0 2 3 6 2 2 6 1 5 1 5 6 5 1 4 4 3 5 4 1 2 1 4 4 0 4 4 2 0 5 2 4 3 3 2 4 
5 5 1 2 2 3 5 5 5 3 4 4 5 4 1 2 1 6 3 4 3 1 6 6 7 3 1 7 1 1 1 7 1 5 4 6 8 4 4 5 5 5 2 5 5 9 2 0 6 1 3 1 7 7 7 6 3 4 6 2 1 6 8 4 8 1 2 5 3 9 5 9 4 6 6 8 0 4 7 5 5 4 8 4 5 3 5 2 2 1 0 7 5 5 6 1 5 0 4 0 1 3 2 4 7 5 0 6 5 5 7 0 5 3 7 6 1 3 5 2 5 6 7 8 3 9 4 5 5 1 8 4 9 5 0 4 8 5 5 4 6 6 0 5 4 4 5 1 4 5 9 8 6 9 0 6 2 6 7 5 2 2 3 7 5 7 6 3 5 8 1 2 5 7 7 1 7 3 8 0 7 6 2 0 6 2 7 2 4 5 4 5 3 6 3 4 8 2 9 10 2 5 7 8 2 4 10 5 4 4 2 1 6 4 0 5 1 2 1 2 5 2 1 2 3 6 5 2 2 5 1 2 5 2 6 8 0 7 3 2 4 4 9 5 6 3 7 1 7 5 7 5 3 2 0 5 5 6 4 5 5 4 3 1 3 4 4 6 2 7 1 5 8 4 0 6 9 5 2 8 5 7 0 3 6 5 0 5 4 8 6 6 4 9 5 4 7 8 5 0 
1 1 6 5 7 7 3 3 6 4 3 4 3 4 9 7 7 6 8 5 5 7 3 3 5 4 7 1 9 8 9 1 7 3 5 8 1 3 6 3 4 1 7 6 1 2 4 9 6 6 8 9 5 2 6 4 6 6 2 10 7 2 0 4 0 7 5 5 5 1 7 3 4 4 7 0 7 8 6 3 1 4 0 6 8 4 3 6 5 9 7 6 4 3 6 7 3 7 7 8 10 7 6 2 1 2 7 2 3 8 0 8 3 5 8 4 8 5 6 5 4 8 0 0 5 1 4 4 4 7 0 3 1 3 7 5 0 5 4 5 2 1 8 3 6 4 2 9 3 1 1 2 2 1 8 0 8 0 8 3 4 6 8 8 3 2 0 5 5 3 6 7 5 1 0 9 5 5 3 7 0 5 10 8 1 8 1 5 5 4 3 3 6 6 5 5 0 7 2 3 4 6 2 3 7 6 2 3 7 5 7 7 2 7 7 8 7 5 9 6 4 4 6 7 5 2 3 7 5 3 10 6 5 6 8 1 7 1 4 7 8 4 2 1 3 5 2 10 8 3 6 0 5 6 9 3 1 7 4 1 0 3 5 7 5 7 7 6 4 2 9 3 0 1 8 6 1 2 6 2 3 9 8 4 2 4 7 8 4 1 8 2 4 2 5 8 3 2 5 7 
37 37 53 88 26 43 47 91 39 66 104 26 74 29 103 68 109 103 29 28 103 39 30 105 50 56 30 73 49 57 70 62 43 34 107 30 85 22 60 47 94 36 32 92 28 24 69 94 58 95 46 67 110 104 52 57 49 75 39 83 71 75 47 63 53 50 92 22 45 37 82 15 77 100 39 39 44 64 96 17 19 50 52 47 73 24 24 103 106 65 72 42 52 46 84 98 40 33 100 70 98 100 73 61 43 51 62 50 29 86 48 105 67 61 100 76 60 59 99 25 43 70 63 75 33 70 95 43 21 95 29 107 28 70 99 68 20 59 55 28 26 71 96 52 38 38 62 52 63 92 66 34 65 21 60 63 83 77 84 61 107 109 64 61 81 40 81 64 97 28 32 73 47 88 90 58 92 74 19 67 45 92 56 36 27 23 26 83 67 40 23 92 96 94 87 50 57 37 51 84 26 21 23 36 85 99 66 50 46 53 44 63 82 97 111 40 86 109 53 109 88 35 67 32 99 55 86 52 61 81 77 56 50 88 40 25 33 68 74 61 73 67 100 99 44 109 107 71 37 61 96 104 29 64 97 92 76 93 55 22 54 41 75 37 47 90 70 62 81 70 47 92 92 81 55 72 70 76 44 79 86 59 48 99 38 101 84 95 62 91 22 17 100 18 67 53 85 85 94 72 
29 28 34 58 11 26 34 63 27 44 72 18 52 20 64 41 67 71 15 19 69 24 24 73 37 38 17 55 28 32 41 47 23 26 71 21 64 17 39 34 65 27 17 62 22 26 46 58 40 61 27 40 77 75 37 41 30 49 31 51 44 54 38 44 42 27 60 16 29 33 53 19 52 70 27 35 23 40 67 15 16 34 43 32 47 16 18 66 69 39 44 31 36 33 59 63 29 19 64 42 60 63 47 43 34 38 37 38 23 55 38 66 47 40 67 53 34 40 67 17 30 46 48 57 21 55 64 31 16 60 27 73 27 49 62 45 20 41 38 19 22 53 60 37 25 26 44 30 44 66 53 30 49 23 35 47 51 56 57 43 70 71 39 41 57 33 59 43 66 26 19 45 33 64 66 34 65 50 19 38 36 64 32 20 23 11 24 54 46 29 17 64 62 65 57 34 44 20 43 66 16 14 20 32 52 65 54 37 28 36 25 39 60 63 71 25 54 72 30 70 61 22 43 17 66 41 60 30 40 56 46 35 34 56 26 24 18 52 50 36 46 45 76 70 34 72 76 42 25 43 67 74 19 40 60 64 54 62 38 18 40 29 50 19 31 58 45 44 54 52 27 64 69 57 33 50 55 54 28 60 60 39 28 66 31 70 52 61 42 68 14 17 69 21 46 32 62 64 64 44 
29 28 35 59 12 25 34 63 28 44 72 17 53 20 66 41 67 69 14 18 70 25 23 72 37 38 19 54 30 34 43 46 24 25 69 19 63 16 37 34 66 27 18 60 22 25 47 60 38 63 25 42 78 74 35 40 30 47 30 53 45 53 38 44 42 29 61 14 29 33 51 18 52 71 25 34 25 38 68 13 16 34 42 33 45 17 18 66 69 41 46 32 37 33 59 64 28 20 63 44 62 63 48 43 34 37 39 38 23 53 38 68 47 41 65 52 36 39 68 18 29 44 47 57 21 54 64 32 14 62 26 73 26 49 64 43 20 42 38 17 22 52 62 37 23 25 45 32 44 65 52 29 48 22 37 47 51 56 55 43 69 71 37 39 58 32 59 44 64 24 20 46 34 64 66 36 65 49 18 39 36 65 35 22 22 11 23 53 47 28 16 62 62 63 58 33 44 19 42 65 16 12 20 31 51 63 53 37 26 35 25 40 59 61 72 23 54 73 32 70 60 21 43 17 66 39 60 29 40 55 48 36 33 56 24 23 20 51 50 35 44 44 74 70 33 73 76 44 23 43 68 73 20 40 62 64 54 60 38 18 40 28 51 20 31 56 43 45 55 51 29 62 68 57 34 51 54 53 29 59 60 37 29 66 30 68 54 59 42 67 12 16 68 20 44 30 61 63 62 45 
1 2 6 5 6 5 3 2 6 3 3 3 3 3 8 6 5 4 7 3 5 7 1 2 6 3 6 2 8 7 8 0 6 1 4 6 0 2 5 3 5 0 6 4 2 2 4 8 4 6 6 8 6 0 4 2 5 5 0 9 6 1 1 4 1 6 5 3 4 2 6 2 3 5 5 1 6 6 7 2 2 3 1 6 6 4 4 5 5 9 6 7 5 2 6 6 2 7 5 7 9 6 5 1 2 1 6 3 3 7 1 7 2 4 6 3 7 3 6 5 3 6 1 2 4 1 3 4 3 6 1 3 1 2 7 4 1 6 3 3 3 0 7 2 5 3 3 8 3 0 1 0 0 1 7 1 6 0 6 2 3 5 6 7 4 1 1 5 3 2 5 6 6 2 1 8 6 3 1 6 1 6 9 7 0 6 0 3 5 2 3 2 5 4 4 4 1 6 1 2 3 5 3 1 6 5 2 3 6 3 6 6 0 6 7 6 6 5 9 5 2 3 5 6 4 1 2 6 5 2 9 5 4 5 6 0 7 0 3 6 6 3 2 1 1 4 3 9 7 1 7 0 6 5 8 3 1 5 2 1 1 2 4 6 4 5 6 6 4 1 9 2 1 1 8 6 1 1 6 1 3 7 7 3 0 2 7 7 3 0 6 0 2 2 3 7 1 1 3 7 
17 17 18 31 6 14 19 34 16 23 38 11 29 12 32 21 33 38 9 11 37 13 14 39 22 20 10 31 15 16 21 27 11 15 37 13 36 10 21 19 36 16 9 33 14 17 25 30 22 32 15 21 43 40 21 23 16 25 18 27 22 30 23 24 25 13 31 10 16 21 28 14 28 38 16 21 11 21 37 9 11 19 25 18 25 10 12 33 35 20 23 20 21 19 33 33 16 10 33 22 31 32 25 24 21 21 19 22 14 29 22 33 26 22 37 29 17 21 36 10 17 25 27 33 12 31 34 18 10 31 17 39 18 27 32 24 14 23 21 10 14 29 31 21 14 15 25 16 24 35 31 18 27 16 18 26 26 31 31 24 36 36 20 23 32 20 32 23 35 16 11 23 20 35 36 18 36 26 13 19 22 36 18 11 14 5 15 27 25 17 10 34 32 35 30 18 26 10 25 38 9 8 14 20 26 34 31 21 15 19 12 20 32 33 36 14 27 37 16 36 32 11 22 9 34 23 32 15 21 30 24 19 19 29 15 16 10 29 27 19 25 24 42 38 20 37 41 22 15 24 37 39 11 20 30 35 29 33 21 11 22 16 27 9 17 31 24 26 28 29 15 34 39 31 17 28 32 29 15 34 33 22 14 35 18 36 27 32 23 38 9 11 36 15 25 18 34 35 34 23 
3 2 2 1 7 7 3 5 0 4 3 6 3 5 7 7 6 9 8 7 0 4 7 7 1 5 4 5 6 7 7 6 6 7 7 10 7 5 8 3 0 3 6 9 2 8 1 6 9 2 8 6 2 7 9 7 7 7 6 7 5 5 6 2 6 6 1 8 5 8 9 9 5 1 10 7 6 8 1 7 2 5 6 1 9 4 2 6 5 6 4 1 1 5 1 4 6 3 8 5 7 7 4 2 5 5 6 2 3 10 4 6 5 3 11 8 7 5 0 0 7 10 5 6 6 7 5 1 7 5 7 3 7 4 4 7 6 0 6 7 2 6 4 5 8 6 1 6 3 4 8 7 6 7 6 3 7 4 11 5 5 5 8 11 0 7 4 0 8 8 4 6 0 4 4 6 1 6 8 6 6 1 7 5 6 7 7 5 1 6 5 7 6 9 4 7 5 7 8 9 4 8 3 8 7 8 8 1 9 6 7 4 6 9 5 9 6 0 6 6 6 5 5 7 4 7 4 7 4 7 7 4 7 6 10 7 4 6 5 7 9 7 8 3 7 4 3 7 11 6 1 4 0 6 6 3 2 10 6 2 3 5 4 6 6 8 9 0 1 7 6 7 7 3 5 0 7 5 3 7 3 11 5 4 6 7 4 9 5 7 10 6 6 8 8 9 8 7 8 5 
1 1 3 3 4 4 1 0 5 1 1 1 2 0 6 4 4 4 5 2 3 4 1 1 5 1 4 3 6 5 6 1 4 2 3 5 3 0 3 1 4 0 4 4 1 4 2 6 4 4 5 6 5 2 4 2 3 3 1 7 3 0 3 2 2 4 3 3 1 4 5 4 1 4 5 3 4 5 6 2 1 1 3 4 5 1 2 3 2 6 4 6 3 0 5 4 0 5 4 5 6 4 3 0 3 0 4 3 2 6 2 5 0 2 6 2 5 1 5 3 2 6 2 3 2 3 1 3 2 4 3 1 3 0 5 3 3 4 1 2 3 1 5 0 4 1 2 6 2 0 4 3 1 4 5 1 4 0 6 0 1 3 4 6 3 2 1 3 3 3 3 4 5 2 2 6 5 1 3 4 2 5 7 5 1 4 2 2 3 1 0 2 3 4 2 2 3 4 3 5 1 4 3 3 4 4 4 2 5 2 4 4 1 5 5 5 3 3 6 2 1 1 3 4 2 2 0 4 2 2 6 3 2 3 6 3 5 2 1 4 5 2 4 1 2 2 3 6 6 0 6 0 4 3 6 2 1 5 1 0 0 0 2 4 2 4 5 5 2 2 6 2 3 0 5 5 3 0 4 3 2 6 5 1 1 2 4 5 1 3 5 1 1 4 3 5 3 3 3 4 
6 6 5 6 1 1 6 5 8 4 6 3 6 4 4 2 0 2 0 1 7 5 4 4 9 4 5 8 5 3 4 6 1 2 0 2 6 4 1 6 8 5 2 1 6 8 5 5 1 5 0 5 10 5 2 3 2 1 5 6 3 5 7 7 7 1 6 1 3 8 0 7 4 9 2 7 2 0 10 2 6 4 7 7 0 5 6 3 4 5 4 10 7 5 10 5 4 5 1 5 5 1 4 5 8 5 3 8 7 0 7 4 4 5 3 3 3 3 8 6 3 1 7 8 3 7 3 8 1 4 8 5 8 5 5 0 7 8 3 0 8 6 5 5 0 3 7 5 6 5 7 6 5 8 4 6 1 5 2 5 1 3 0 2 8 6 6 6 1 6 4 2 8 8 7 5 10 3 6 0 7 9 5 4 6 2 6 1 7 4 4 1 2 2 4 2 8 0 7 8 2 1 8 6 0 1 8 7 0 2 2 5 4 0 5 0 3 5 4 3 3 1 4 1 4 3 5 0 5 2 5 5 2 2 1 7 5 7 4 0 0 1 8 6 4 5 8 5 2 4 10 5 7 2 4 6 6 1 3 5 5 4 5 1 2 0 0 9 5 4 6 1 8 5 5 9 8 5 5 7 6 2 4 4 6 1 5 0 4 7 1 5 3 8 1 0 4 6 1 4 
0 0 5 4 8 7 2 3 4 4 3 5 2 4 9 8 7 7 9 6 3 6 4 5 3 4 6 0 8 8 9 3 7 5 6 9 3 4 7 2 2 1 7 7 0 4 3 8 7 5 8 9 3 4 8 5 7 7 3 10 6 3 2 3 2 8 4 6 5 3 8 5 4 1 9 2 7 8 4 5 0 4 2 4 9 4 2 6 5 9 6 4 3 3 3 6 4 6 7 8 9 8 5 1 0 3 7 0 2 9 0 8 4 4 10 6 8 5 4 3 6 9 1 1 6 3 5 2 6 6 3 3 3 3 7 6 2 4 5 6 0 3 7 3 7 5 1 9 2 1 4 4 4 3 8 0 8 1 9 3 5 6 8 10 1 4 0 3 6 5 6 7 4 0 0 9 3 5 5 7 2 3 10 7 3 8 3 5 3 5 4 5 6 8 5 6 1 7 4 5 4 8 0 5 8 7 4 1 8 6 8 6 3 8 7 9 7 3 9 6 5 5 6 8 5 4 3 8 5 5 9 5 6 6 9 3 7 2 4 8 9 6 4 0 5 4 0 9 10 4 4 1 4 6 8 2 0 8 5 1 1 4 4 7 6 8 8 4 3 4 9 5 2 1 8 4 3 3 5 4 2 10 7 4 3 6 6 9 4 3 9 4 5 4 6 9 5 4 6 7 
15 15 16 28 8 15 17 32 13 22 36 10 26 11 34 22 36 39 11 12 34 11 14 38 19 19 7 29 15 18 22 25 14 16 38 14 34 9 22 17 33 14 10 34 11 16 22 30 23 30 17 21 40 39 22 23 16 26 17 28 22 28 21 22 23 16 29 10 15 20 30 13 27 36 17 20 13 23 35 9 8 17 23 16 27 7 9 33 34 21 21 17 18 17 30 30 15 9 35 21 32 34 22 21 19 20 19 19 12 31 20 33 24 19 38 29 19 20 33 7 17 27 25 31 11 30 32 16 10 29 16 37 16 25 31 25 12 21 21 11 11 28 30 19 15 14 22 16 22 33 30 17 26 14 19 24 28 29 33 23 36 35 22 25 29 19 30 20 35 16 8 24 17 33 34 18 33 25 12 22 20 33 19 10 13 8 14 27 23 16 9 34 32 36 28 18 24 12 24 37 8 10 11 19 29 35 30 18 17 19 14 18 31 34 35 16 27 35 17 35 31 11 20 10 32 23 30 18 19 30 25 16 19 29 17 14 9 28 25 21 27 24 41 35 19 35 39 23 17 23 34 38 9 21 31 32 27 35 20 9 20 15 24 11 16 32 26 23 25 28 15 34 37 29 16 25 30 28 13 33 30 24 14 33 17 37 26 34 22 36 11 10 35 14 26 20 34 34 35 22 
60 60 82 142 34 63 75 149 59 104 170 38 121 43 162 104 173 165 39 40 167 57 47 172 79 89 42 121 72 86 107 104 63 54 170 42 144 33 92 75 153 59 44 145 45 45 111 147 90 152 68 102 180 173 80 91 73 117 64 128 110 124 80 102 90 74 147 29 69 65 127 29 123 163 56 70 65 98 155 25 30 79 90 73 112 35 36 164 170 98 111 65 82 74 135 157 63 47 158 107 153 159 115 99 71 83 96 82 46 133 80 167 109 96 157 121 90 93 159 37 66 107 105 126 48 120 153 67 29 151 50 175 50 114 157 105 35 93 87 40 42 119 152 84 56 58 101 77 101 153 114 59 108 40 91 105 129 129 132 98 172 175 98 92 133 68 135 102 154 48 46 114 74 146 151 88 149 118 33 103 75 149 83 52 44 29 44 132 107 62 34 148 153 150 139 77 96 53 89 145 38 26 37 63 133 157 115 82 67 82 64 97 137 153 177 57 135 176 77 174 142 52 105 44 160 89 140 78 96 130 117 86 77 139 57 44 47 115 119 93 112 105 170 165 72 175 177 108 52 98 155 173 42 99 152 151 125 146 88 35 89 64 120 54 73 141 108 99 131 116 68 148 156 134 82 114 120 124 67 134 141 88 72 159 64 163 132 148 98 154 27 28 163 35 104 78 141 144 149 111 
11 12 19 31 12 17 15 30 15 22 35 9 25 10 38 25 39 37 13 11 36 16 10 36 19 19 12 25 20 23 27 20 17 13 38 14 29 8 23 15 33 10 13 33 9 11 24 35 22 34 19 26 39 35 21 21 18 27 12 32 26 24 16 22 18 20 32 9 16 15 31 9 26 35 17 15 17 25 34 7 6 17 19 18 28 9 8 36 37 26 26 17 18 15 30 35 13 14 36 26 37 36 26 19 15 17 23 17 10 33 16 38 22 21 38 27 23 21 35 10 16 27 21 26 12 25 32 15 9 34 11 36 11 23 36 25 7 22 19 11 9 23 35 17 16 13 21 21 21 29 25 13 22 9 23 20 31 24 32 20 36 38 25 25 28 15 26 23 34 12 12 27 18 30 30 23 33 26 8 25 15 33 23 15 8 11 9 29 24 14 8 32 34 35 30 18 19 15 19 32 9 10 8 15 31 36 25 17 19 19 17 23 28 36 40 17 31 38 22 38 30 12 24 13 34 20 28 20 21 28 30 20 18 31 17 10 14 23 25 23 28 24 36 32 16 37 36 28 17 20 35 33 11 23 36 31 24 35 19 6 16 13 26 15 17 33 27 23 28 25 20 32 32 26 21 26 25 24 17 28 29 24 19 33 12 36 31 35 21 31 11 6 34 9 24 21 30 30 34 26 
7 7 3 4 2 4 6 6 6 5 6 5 7 5 0 3 1 7 4 5 5 3 7 7 8 5 2 9 0 1 0 8 2 6 5 7 9 6 5 6 7 6 2 6 7 11 4 1 6 2 3 0 9 8 7 7 4 4 8 0 2 7 9 6 9 1 3 6 4 11 5 11 5 8 7 10 0 4 8 6 7 5 10 5 5 5 6 3 4 0 1 9 6 6 8 2 6 1 4 1 0 3 3 6 9 7 2 8 7 5 9 1 6 4 8 7 2 5 6 4 6 6 9 10 4 10 5 7 6 2 10 6 10 6 1 5 9 6 6 4 8 8 1 6 5 5 6 0 6 6 10 9 8 10 1 7 3 7 8 7 4 3 3 7 7 9 7 4 6 9 3 3 7 8 9 0 8 5 9 0 9 8 0 1 8 3 9 3 6 6 5 6 4 7 4 5 9 2 10 11 3 6 8 10 2 5 11 7 4 5 3 2 7 5 2 5 2 3 0 4 6 3 3 3 4 7 6 2 4 6 0 3 6 4 6 9 1 9 5 3 5 5 11 7 8 4 8 0 7 7 8 7 4 3 0 6 6 7 6 6 7 6 4 1 5 5 5 8 3 8 1 6 10 6 1 7 10 7 3 10 6 7 0 5 8 6 1 5 5 9 6 8 6 11 6 5 8 9 6 2 
17 17 22 34 9 15 20 33 19 25 39 10 30 12 38 24 36 33 10 8 40 17 12 37 24 21 14 30 20 22 26 25 15 11 34 8 33 10 19 20 37 15 12 28 14 14 27 35 17 36 15 26 44 38 16 20 17 25 16 32 26 28 21 26 23 18 35 5 17 18 26 10 28 40 11 19 16 22 39 6 11 19 23 21 23 11 13 36 38 26 27 22 23 18 35 36 15 15 33 27 36 34 27 24 20 20 23 23 15 28 21 38 25 24 32 26 22 22 39 13 15 22 26 31 12 29 34 20 6 35 15 40 15 27 37 21 12 26 20 8 15 28 36 21 11 14 26 21 25 34 28 16 25 13 23 26 29 30 27 23 36 39 21 19 33 17 32 26 30 13 14 26 22 35 36 23 38 26 10 23 20 38 23 15 13 9 13 28 28 15 10 29 33 29 32 17 25 13 23 34 10 6 14 17 28 32 28 22 14 19 16 24 30 32 41 12 31 41 21 38 31 12 25 12 36 18 32 18 24 27 29 22 17 30 12 13 15 28 27 20 23 21 39 37 17 40 42 27 11 23 39 38 15 23 36 35 30 29 20 11 22 16 28 13 17 28 23 28 31 25 20 29 37 30 22 31 29 28 19 31 33 19 19 36 17 31 32 31 23 36 6 9 35 12 20 17 30 33 29 27 
47 47 64 112 27 50 58 117 46 81 134 28 95 32 129 83 138 135 32 33 132 45 37 137 62 69 32 96 57 69 85 82 51 45 137 36 115 24 74 58 121 45 35 118 35 37 87 117 74 120 55 82 143 138 67 73 58 94 50 103 87 97 64 79 72 59 116 25 53 53 103 25 96 129 48 56 51 79 123 21 22 61 72 57 92 26 27 130 134 78 88 51 64 57 106 124 48 37 126 85 122 127 91 77 56 65 75 64 35 108 63 133 85 74 129 97 72 73 126 28 53 88 83 101 37 96 120 52 25 119 40 138 40 89 124 85 28 73 68 33 32 94 121 65 46 44 79 62 79 121 92 47 86 32 72 83 103 102 108 77 136 138 79 77 105 55 106 80 125 39 35 91 58 116 120 70 118 92 27 83 59 118 67 40 34 23 35 104 84 48 25 121 122 123 110 61 76 43 72 117 28 22 28 52 107 126 93 64 55 64 51 76 109 123 140 47 107 139 62 138 112 40 83 35 126 73 110 63 75 105 94 67 61 110 48 35 36 91 93 75 91 85 137 130 58 138 140 86 45 77 123 137 32 78 121 119 98 119 68 26 70 49 94 43 57 115 87 78 103 94 54 121 124 105 65 90 96 97 52 107 111 73 56 125 50 133 104 120 76 123 24 22 128 29 86 64 114 115 122 88 
51 51 67 115 27 51 63 121 50 85 139 32 99 37 131 84 138 132 31 32 136 48 40 140 66 73 35 100 59 70 87 86 51 44 136 32 118 28 74 63 125 49 36 115 39 39 91 119 71 123 54 83 147 141 64 75 60 95 53 104 89 101 67 84 75 60 119 24 56 55 100 26 100 134 44 59 52 79 127 21 27 65 75 61 88 30 31 132 137 80 91 55 68 61 111 127 52 39 126 87 124 127 94 82 60 69 78 69 39 106 67 135 89 78 124 99 73 76 130 32 55 85 87 104 40 99 124 57 25 122 43 142 43 94 127 84 31 78 71 33 37 98 123 69 44 48 84 63 83 125 94 50 89 35 74 87 104 105 104 81 138 141 78 72 109 57 110 84 124 41 38 92 62 120 123 71 123 96 29 83 63 123 68 43 38 24 38 106 88 52 29 120 124 119 113 63 79 43 74 119 31 21 33 53 106 126 95 68 53 67 52 79 111 122 143 44 109 143 63 140 116 43 86 36 130 73 114 63 78 105 95 70 62 112 44 38 39 94 97 74 89 85 139 134 60 142 144 88 41 81 127 141 36 80 123 123 102 116 72 30 74 53 98 43 60 112 86 83 106 95 56 120 127 109 67 94 99 101 55 110 115 69 59 129 53 131 107 118 80 126 20 25 132 31 84 62 115 117 120 90 
4 4 0 1 3 3 3 4 3 2 3 4 4 3 2 3 2 7 4 5 2 0 5 5 5 3 0 6 2 2 2 6 2 5 4 7 7 4 5 3 4 3 2 6 3 8 1 2 6 0 4 2 6 6 7 5 3 4 5 3 1 5 7 3 7 2 0 5 3 8 5 9 3 5 7 7 2 4 5 5 4 3 7 2 6 2 3 2 2 2 0 6 3 4 5 0 4 0 4 1 3 3 1 3 6 4 1 5 4 6 6 1 4 2 8 5 2 3 3 1 5 7 6 7 3 8 3 4 5 0 7 3 8 4 0 4 7 3 4 4 5 6 1 4 5 4 3 2 3 4 8 7 6 8 2 4 3 5 8 4 2 1 4 7 4 7 5 1 5 8 0 2 4 5 6 2 5 3 7 2 6 5 3 1 5 3 6 2 3 5 3 5 3 6 2 4 7 3 8 9 2 5 5 8 3 5 9 4 5 4 3 0 5 5 0 5 2 0 2 2 4 2 1 3 2 5 4 3 1 5 3 0 5 3 7 7 0 6 3 3 5 4 8 4 6 1 5 2 8 4 5 4 1 2 2 3 4 6 4 3 4 3 2 2 3 5 5 5 0 6 2 5 7 3 1 4 8 4 0 7 3 8 1 2 6 5 0 6 3 7 7 6 4 9 5 5 7 7 5 1 
15 15 22 34 12 17 18 32 18 25 38 10 28 12 40 26 39 35 13 10 39 18 11 36 22 21 15 27 22 24 29 22 18 11 37 13 29 9 22 19 36 13 14 32 12 10 27 37 21 36 19 28 42 35 19 20 19 28 14 34 27 26 18 25 20 21 35 8 17 14 30 6 27 38 15 15 19 25 38 6 9 19 19 21 27 11 11 38 38 28 29 20 22 17 33 37 15 16 36 28 39 37 28 22 17 19 25 20 13 32 18 40 24 24 36 26 24 22 38 13 16 26 23 28 13 25 34 18 8 36 12 39 11 26 38 24 9 25 20 11 12 25 37 19 15 14 24 23 24 32 23 12 22 9 25 23 31 27 31 22 37 40 25 23 31 13 29 26 33 9 15 28 21 33 32 25 36 27 6 26 17 36 25 17 10 12 9 30 27 14 10 30 35 33 32 19 21 16 18 30 11 9 11 12 32 35 24 20 18 20 18 26 27 35 42 16 32 41 23 39 31 14 26 14 36 17 31 21 24 27 31 23 18 32 16 10 16 24 27 24 27 23 35 35 15 40 39 30 16 22 38 36 14 24 38 34 27 33 20 9 20 16 28 16 18 32 26 26 31 22 22 30 33 29 23 29 26 27 19 27 32 23 21 36 14 34 33 35 23 32 10 6 35 8 23 21 27 29 32 28 
48 47 60 108 27 52 59 120 43 82 135 32 95 35 127 83 139 139 33 37 129 40 41 141 61 70 28 98 54 67 83 85 51 49 140 39 119 28 77 59 119 47 35 122 35 40 84 114 78 116 57 79 141 142 71 77 59 96 53 100 85 101 66 78 74 59 112 29 55 56 106 29 99 128 51 59 50 81 121 25 23 63 75 54 94 26 27 130 134 75 84 49 62 60 104 120 52 32 128 82 119 128 89 78 58 68 74 64 35 110 65 130 88 73 132 101 71 75 123 24 57 91 85 103 39 99 123 51 29 117 43 139 43 91 121 88 30 71 72 36 32 97 117 67 49 48 79 59 79 123 96 51 89 36 70 84 104 104 112 80 138 138 80 80 103 59 108 76 129 43 32 91 55 117 121 66 117 95 31 82 62 116 64 38 37 24 38 106 82 53 27 125 123 127 110 64 78 43 75 121 30 25 29 55 108 129 96 63 57 68 51 72 113 125 137 50 106 136 59 138 116 42 81 35 125 77 111 63 73 109 91 64 65 111 51 39 33 94 95 76 94 88 140 131 62 137 141 83 48 80 121 140 29 78 118 119 99 123 72 27 71 51 93 42 59 117 89 76 100 98 51 125 127 107 61 88 99 100 48 111 111 76 53 126 53 137 100 122 79 127 27 25 132 32 89 66 118 119 125 85 
7 7 2 3 3 5 7 7 6 5 6 6 7 6 1 4 2 8 5 6 4 2 8 8 8 5 2 9 1 2 1 9 3 7 6 8 10 6 6 6 6 7 3 7 7 11 4 1 8 2 5 0 8 9 8 8 5 5 8 0 3 8 10 6 10 2 3 7 5 11 6 12 6 7 8 10 2 5 8 7 7 6 10 5 6 5 6 4 4 0 0 8 6 7 7 2 7 0 5 1 0 4 4 6 9 7 2 8 7 6 9 1 7 5 9 8 3 5 5 4 7 8 9 10 5 11 6 7 7 3 10 6 11 7 0 6 10 6 7 5 8 9 0 7 6 6 6 0 6 7 11 10 8 11 2 7 4 8 9 7 4 4 4 8 7 9 8 4 7 10 3 4 6 9 9 0 8 5 10 1 9 7 1 2 8 4 9 4 6 7 6 7 5 8 5 6 10 3 11 12 4 7 8 10 4 6 12 7 6 6 4 2 8 6 2 6 3 2 0 4 7 4 3 4 5 8 7 3 4 7 1 3 7 4 8 10 0 9 5 4 6 6 11 7 9 5 8 0 8 7 8 7 4 4 1 7 7 8 6 6 7 6 5 2 5 6 6 7 3 9 0 7 10 6 1 7 11 7 3 10 7 8 0 5 8 7 0 6 6 10 8 8 6 11 7 6 9 10 7 2 
4 4 2 2 1 1 3 3 5 1 3 2 4 2 3 1 1 4 3 3 3 2 4 3 6 1 2 6 3 2 2 5 1 3 2 5 6 2 3 3 5 3 1 3 4 7 2 2 4 2 3 3 7 5 5 4 1 2 4 4 0 4 6 3 6 1 2 3 1 7 3 7 2 6 5 6 1 2 7 3 4 2 6 4 4 2 3 0 0 3 1 7 4 3 6 2 3 2 2 2 3 1 1 2 6 3 1 5 4 4 5 2 3 2 6 3 1 1 5 2 3 5 5 7 1 7 2 4 3 1 6 3 7 3 2 2 6 5 2 2 5 5 2 3 3 2 4 3 3 3 7 6 4 7 2 4 2 4 5 3 0 0 2 5 5 5 4 3 3 6 1 1 5 5 5 3 6 1 5 1 6 6 4 2 4 2 5 0 4 3 2 3 1 4 1 2 6 1 7 8 0 3 5 6 2 3 8 4 3 2 1 2 4 3 2 3 0 2 3 0 2 0 0 1 1 4 3 1 1 3 3 1 2 1 5 6 2 5 1 2 3 2 7 3 4 1 5 3 5 3 7 3 3 0 2 4 3 4 2 3 3 2 2 0 1 3 3 6 1 4 3 3 7 3 2 6 7 3 2 6 3 6 2 1 4 3 2 4 2 6 4 4 2 7 3 3 5 6 3 1 
1 1 2 2 4 3 1 1 4 0 0 1 1 1 5 4 3 5 5 3 2 3 2 2 4 0 3 3 5 5 5 2 3 3 3 6 4 1 4 1 3 0 3 4 1 5 1 5 4 3 5 5 5 3 5 3 3 3 2 6 3 2 3 1 3 4 2 3 1 5 5 6 1 3 6 4 3 4 5 3 1 0 4 3 5 0 1 2 1 5 3 5 2 1 4 3 1 3 4 4 6 4 2 0 3 1 3 3 1 6 3 4 1 1 7 3 4 1 4 2 3 6 3 4 2 4 1 2 3 3 4 0 4 0 4 3 3 3 2 2 3 2 4 0 4 2 1 5 1 0 5 4 2 5 4 1 4 1 6 1 1 2 4 6 3 4 2 2 3 5 2 3 4 3 3 5 4 1 4 3 3 4 6 4 2 4 3 1 2 2 0 3 3 5 1 2 3 4 4 6 0 4 3 4 4 4 5 2 5 2 4 3 2 5 4 5 3 2 5 2 2 1 2 4 1 3 0 4 1 2 6 2 3 3 6 4 4 3 0 4 5 2 5 1 3 1 3 6 7 1 5 1 3 2 5 1 1 5 1 0 1 0 1 3 2 4 5 4 1 3 5 2 4 0 4 4 4 1 2 4 1 7 4 0 2 3 3 5 1 4 6 3 1 5 4 5 4 4 4 3 
3 3 7 7 8 7 4 3 8 5 4 4 5 4 10 8 7 5 8 4 7 8 3 3 7 5 8 3 10 9 10 2 7 2 5 7 0 4 6 4 6 2 7 5 3 0 6 10 5 8 7 10 7 2 5 4 7 6 2 11 7 3 1 6 1 8 7 4 5 0 7 1 4 6 6 0 8 7 8 3 3 5 0 7 7 5 5 7 6 10 8 8 6 3 7 8 4 9 7 9 10 7 7 3 3 3 8 4 4 8 1 9 4 6 7 4 8 5 8 6 4 7 2 2 5 0 5 6 4 8 1 4 0 4 9 5 1 7 4 5 4 2 9 4 6 5 4 10 5 2 0 1 2 0 9 2 8 1 7 3 4 6 7 7 5 1 2 6 4 2 7 7 7 3 2 10 7 5 2 7 2 7 11 9 2 8 1 5 6 3 4 2 6 5 6 5 2 7 0 1 4 6 4 1 7 6 0 4 7 5 8 8 1 7 9 7 7 6 10 6 4 5 7 7 6 1 4 7 6 3 10 7 5 6 7 0 9 1 5 7 7 4 0 2 2 6 4 10 8 3 8 1 7 7 10 5 3 6 4 3 2 4 6 7 5 6 7 7 6 1 10 2 1 2 9 8 0 3 7 0 5 8 9 5 2 3 8 8 4 0 7 2 4 0 4 8 1 1 4 8 
15 15 23 34 13 18 19 33 19 25 38 11 29 12 41 27 40 36 14 11 40 19 11 37 22 22 15 28 23 25 29 22 18 11 37 13 30 10 23 19 36 14 15 32 12 10 27 37 21 37 19 29 43 36 19 21 20 28 15 35 28 27 18 26 20 21 36 9 18 14 30 6 28 38 16 15 19 25 38 6 9 20 19 21 27 12 12 38 39 28 29 20 22 18 34 38 15 17 37 29 39 38 29 23 17 19 26 21 13 33 18 41 25 24 36 27 25 23 39 13 16 27 24 28 14 25 35 19 8 37 12 39 11 26 39 25 9 25 21 11 13 25 38 20 15 15 25 24 25 32 23 12 23 9 26 24 32 27 31 22 38 40 25 24 32 14 29 26 34 9 15 29 21 33 33 26 37 28 7 26 17 37 26 18 11 12 10 30 27 15 10 31 36 33 33 19 22 16 18 30 11 10 12 12 32 36 23 21 18 20 19 26 27 36 43 17 33 41 24 40 32 14 27 15 37 17 31 22 25 28 32 23 19 33 17 10 17 25 28 24 28 24 35 35 16 40 40 30 16 22 38 36 15 25 38 34 28 34 21 10 20 16 29 17 19 33 27 27 31 23 22 31 33 29 24 30 25 27 20 27 32 23 22 36 14 34 34 36 23 32 10 7 36 7 24 22 28 29 33 29 
21 22 34 58 19 30 30 60 25 43 68 17 48 19 70 46 74 72 21 21 68 26 21 71 32 37 20 46 34 39 48 41 30 25 73 23 58 15 42 30 61 22 22 64 16 19 45 63 42 63 33 46 72 70 38 40 33 52 26 57 47 50 31 41 35 34 60 17 30 27 57 14 51 64 29 28 30 45 63 14 10 33 35 30 51 15 14 69 70 44 48 27 33 30 54 66 27 22 68 47 66 68 48 38 26 34 42 31 17 60 30 71 44 39 70 52 41 40 65 15 30 50 40 49 22 48 63 27 16 64 20 70 20 46 66 47 13 38 38 20 15 47 64 34 28 26 39 36 40 60 47 24 44 16 41 39 57 49 60 40 72 73 45 44 52 29 51 41 67 22 21 50 30 56 58 40 60 50 15 46 29 60 39 25 17 17 18 56 43 27 15 63 65 66 58 34 37 26 37 60 17 16 13 27 59 68 47 31 33 36 30 42 56 67 74 29 58 71 36 73 59 24 45 22 66 39 56 37 40 55 52 37 35 59 30 18 22 45 49 42 51 46 69 63 31 72 69 48 28 40 63 68 18 43 66 60 48 65 37 12 33 26 49 26 32 62 49 40 53 49 32 63 62 52 37 47 48 50 29 55 56 43 32 65 26 70 56 66 41 62 17 12 67 15 47 38 59 59 65 48 
3 4 5 5 3 2 3 2 7 2 3 1 4 1 6 3 2 2 3 0 5 5 1 1 7 2 5 5 6 5 6 3 3 0 0 3 3 1 1 3 6 2 3 1 4 5 4 6 1 5 3 6 8 2 2 0 2 2 2 7 3 2 4 5 4 3 5 0 2 5 2 4 1 6 3 4 3 3 8 0 3 2 4 6 3 3 4 3 3 6 5 8 5 2 8 5 1 5 2 5 6 3 3 2 5 2 4 5 4 3 4 5 2 4 4 0 4 1 7 5 0 3 4 5 1 4 1 5 0 4 4 3 4 2 5 0 4 6 0 0 5 3 5 2 1 1 4 6 4 2 4 3 2 4 5 3 3 2 3 2 0 3 3 4 6 2 3 5 0 3 4 3 7 5 4 6 7 1 2 3 4 7 7 5 2 3 3 1 5 0 2 0 2 2 2 0 4 2 4 5 1 2 5 3 3 2 5 5 2 1 3 5 1 3 5 3 3 4 6 2 0 1 3 3 3 0 3 3 4 0 6 4 0 2 3 3 5 3 2 3 3 0 5 3 1 3 5 6 4 1 8 2 5 2 6 4 3 2 1 3 2 2 3 3 1 2 3 7 4 1 7 0 5 2 6 7 5 2 5 3 4 4 5 2 2 0 5 3 1 4 3 2 1 5 1 3 2 3 1 4 
14 14 21 33 11 16 18 31 17 23 37 9 27 11 39 25 38 35 12 9 38 17 10 35 21 20 14 27 21 23 27 22 17 10 36 12 30 8 21 18 35 13 13 31 12 11 26 36 20 35 18 27 42 35 18 19 18 27 13 33 26 26 18 24 20 19 34 7 16 15 29 7 26 37 14 15 17 24 37 5 8 18 19 20 26 10 11 36 37 26 27 19 21 16 33 36 14 15 35 27 37 36 27 22 17 18 24 20 12 31 18 39 23 23 35 25 23 21 38 12 15 26 23 28 12 26 33 18 7 35 12 38 12 25 37 23 9 24 19 10 12 25 36 19 14 13 24 22 23 31 24 12 22 10 24 23 30 27 30 21 36 39 24 23 31 13 29 25 32 10 13 27 20 32 32 24 36 26 6 25 17 36 24 16 10 10 9 28 26 13 9 29 34 32 31 17 21 14 19 31 9 8 11 13 31 34 25 20 17 18 17 24 26 34 41 15 31 40 22 38 30 12 25 13 35 17 30 20 23 26 30 21 17 31 15 10 15 24 26 22 26 22 36 35 14 39 39 28 15 21 37 35 13 23 36 33 27 33 19 9 19 15 27 15 17 31 25 26 30 22 21 29 33 28 22 29 26 26 18 28 31 22 20 34 13 33 32 34 22 32 9 6 34 9 22 20 28 29 31 27 
17 17 21 33 8 14 19 33 18 24 38 10 29 11 37 23 35 34 9 7 39 16 12 37 23 21 13 30 19 21 25 25 14 11 33 9 33 9 18 20 37 15 11 28 14 15 26 34 18 35 14 25 44 38 17 20 16 24 16 31 25 28 21 25 23 17 34 6 16 19 25 11 27 39 12 19 15 21 39 6 11 19 23 21 22 11 12 35 37 25 26 21 22 18 34 36 15 14 32 26 35 33 27 24 20 20 22 22 14 27 21 37 25 23 33 26 21 21 38 12 15 22 26 31 11 29 33 19 6 34 16 39 16 26 36 20 12 25 19 8 14 28 35 20 10 13 25 20 25 34 28 16 25 13 22 26 28 30 27 23 35 38 20 19 33 17 31 25 31 13 13 25 22 35 36 22 37 26 10 22 20 37 22 14 13 8 13 27 27 15 10 30 32 30 31 17 25 12 23 35 9 5 14 17 27 31 29 22 13 18 15 24 30 31 40 11 30 40 20 37 31 12 24 11 36 19 32 17 23 27 28 21 16 29 12 13 14 28 27 19 23 21 40 37 17 39 41 26 12 23 39 38 14 22 35 35 29 29 20 11 22 16 28 12 16 28 22 27 30 26 19 30 37 30 21 30 30 28 18 31 33 19 18 35 17 32 31 30 22 36 6 9 35 12 21 16 31 33 30 26 
17 17 23 35 11 16 20 34 20 25 39 11 30 12 39 25 38 33 12 9 40 18 12 37 24 22 15 30 22 23 28 24 17 9 35 10 32 10 21 20 38 15 14 30 14 13 28 37 18 37 17 28 44 37 16 20 19 27 16 34 27 28 21 26 22 20 36 6 18 17 28 9 28 40 13 18 18 23 40 5 11 20 22 22 25 12 13 37 39 27 29 22 23 19 35 38 16 16 35 28 38 36 28 24 20 20 25 23 15 30 21 40 25 25 33 26 24 23 40 14 16 24 26 31 13 28 34 20 6 36 14 40 14 27 38 22 11 26 20 10 15 27 37 21 13 15 26 23 26 34 26 15 24 12 24 26 30 29 28 23 37 40 23 21 33 16 31 27 31 11 15 27 23 35 35 25 38 27 9 25 20 38 24 17 12 11 12 29 28 15 11 29 34 30 32 18 24 14 21 33 11 8 14 15 30 34 27 22 16 20 18 26 29 34 42 14 32 42 23 39 31 14 26 13 37 17 32 20 25 27 31 23 18 32 14 12 16 27 28 22 25 22 38 37 16 40 41 29 13 23 40 38 15 24 37 36 29 31 21 11 22 17 29 15 18 30 25 28 32 24 22 29 36 30 23 31 28 28 20 30 34 20 21 36 16 32 33 33 23 35 8 8 36 10 21 19 29 32 30 28 
4 4 1 2 2 2 3 3 4 1 3 2 3 2 3 2 1 5 3 3 3 1 4 4 6 1 1 6 2 2 2 5 1 4 3 6 6 3 3 3 4 3 1 4 3 8 1 2 5 1 3 3 6 5 5 4 2 3 4 4 0 4 6 3 6 1 1 4 1 7 4 8 2 5 6 7 1 3 6 4 3 2 6 3 4 1 3 1 0 3 1 6 3 3 6 1 3 1 3 2 3 2 0 2 6 3 1 5 4 5 5 1 3 1 6 4 2 2 4 2 3 5 5 7 2 7 2 4 4 0 7 3 7 3 1 3 6 4 3 2 5 5 2 3 4 2 3 3 3 3 7 6 5 7 2 4 2 4 6 3 1 0 3 6 4 6 4 2 4 6 0 1 4 5 5 2 6 2 6 1 6 5 4 1 5 2 5 1 3 3 2 3 2 5 1 3 6 2 7 8 0 4 5 7 2 3 8 4 4 2 2 1 4 4 1 4 0 1 3 1 3 0 0 2 1 4 3 2 1 4 3 0 3 1 5 6 1 5 2 2 4 3 7 3 5 1 5 3 6 3 6 4 2 1 2 3 3 5 3 3 3 2 1 1 2 4 4 5 1 5 3 3 7 2 2 5 7 3 1 6 3 6 1 1 5 4 1 4 2 6 5 5 3 8 4 4 5 6 4 1 
38 38 52 88 23 40 47 91 39 65 104 24 75 28 101 65 106 99 26 25 104 38 29 104 51 55 28 75 47 55 68 63 41 31 103 27 87 21 57 47 95 36 29 88 29 28 69 92 55 94 43 65 112 104 49 55 46 73 39 81 69 75 50 64 56 48 91 19 43 40 78 18 76 101 35 43 42 61 97 15 20 49 55 47 69 23 24 101 104 63 70 43 52 46 85 97 39 32 97 68 96 98 72 61 45 51 60 52 30 82 50 104 67 60 96 73 57 58 99 25 41 66 65 78 31 73 94 43 18 94 32 107 31 70 98 64 22 60 54 26 28 72 95 52 35 36 63 50 63 93 69 36 66 25 58 65 80 78 81 60 105 107 61 57 83 41 82 64 93 29 30 71 48 90 92 57 93 73 20 65 47 93 54 34 27 21 27 81 67 38 22 88 94 91 86 48 59 34 54 88 24 18 25 38 82 96 70 52 42 51 41 61 82 94 110 36 84 109 50 107 87 33 66 29 99 52 86 50 60 78 75 54 47 85 36 27 32 70 73 58 69 64 103 100 44 108 109 69 34 60 97 105 29 62 95 93 77 90 54 23 55 40 75 35 46 87 67 63 81 69 45 88 95 82 53 72 74 76 43 81 87 55 46 98 39 98 83 91 61 94 18 18 99 22 63 50 84 87 90 70 
0 0 2 1 5 5 1 2 2 2 1 3 0 2 6 5 5 7 6 5 1 4 4 4 2 2 3 3 6 6 6 3 5 4 5 8 4 3 6 0 1 1 5 6 0 6 0 5 6 2 6 6 3 4 7 5 4 5 3 7 4 3 4 0 3 5 1 5 3 5 7 6 3 2 7 4 5 6 3 4 0 2 4 2 7 1 0 4 3 6 3 3 1 2 3 3 3 4 5 5 6 5 2 0 3 3 4 1 0 7 2 5 2 1 8 5 5 3 2 1 4 8 3 4 4 5 3 1 5 4 4 1 5 2 4 5 4 2 4 4 1 3 4 2 6 3 0 6 0 1 5 4 4 5 5 1 6 2 8 2 3 3 6 8 1 5 1 1 5 6 3 5 2 2 2 6 3 3 5 5 3 3 7 5 3 6 4 3 1 4 2 4 4 7 2 4 3 5 5 6 2 6 2 5 6 6 6 0 6 4 5 3 3 6 4 7 4 1 6 4 3 3 3 5 2 4 1 5 2 4 6 3 5 4 8 4 4 3 2 6 7 4 6 0 4 2 1 6 8 3 3 2 2 4 6 0 0 7 3 0 1 2 2 5 4 6 6 3 0 5 6 4 4 0 5 3 5 2 2 5 0 9 4 2 3 5 4 7 3 4 7 4 3 6 5 7 5 5 5 4 
14 14 19 31 9 14 16 30 16 21 35 7 26 8 36 23 36 36 10 9 36 14 10 35 20 18 11 27 18 20 25 22 14 12 35 12 31 6 20 17 34 12 11 31 11 13 24 33 20 33 16 24 41 36 19 19 16 25 14 31 24 26 19 23 21 17 32 7 14 17 28 10 24 36 14 17 15 22 36 6 8 16 21 18 25 8 9 34 35 24 25 18 19 15 32 34 12 12 33 25 35 34 24 21 17 17 21 19 11 30 19 36 22 21 36 25 21 19 36 10 14 25 23 29 10 27 30 16 7 32 13 36 13 23 34 22 10 22 17 9 11 25 34 17 13 11 22 19 22 31 26 14 23 11 21 23 28 27 30 20 34 36 22 22 30 16 29 23 32 12 11 24 19 32 33 21 34 23 9 22 18 34 21 13 10 8 11 26 24 12 7 31 31 33 28 16 22 12 21 33 7 7 10 16 29 33 27 19 16 16 15 22 28 33 38 14 29 37 20 36 28 10 23 11 33 19 29 18 21 27 28 19 16 29 15 11 12 25 24 21 25 21 38 34 16 36 38 26 15 20 36 35 11 21 34 32 26 32 17 8 19 13 25 12 14 30 24 24 28 25 18 31 34 27 20 27 28 25 16 30 30 22 17 32 14 34 29 33 19 34 9 7 32 11 23 19 30 31 32 25 
8 8 8 9 3 4 8 7 11 7 8 5 9 6 7 5 2 1 3 2 10 9 6 5 12 6 8 10 8 6 7 7 4 2 2 1 7 6 3 8 11 7 5 1 8 8 8 8 1 8 2 8 12 6 1 4 5 4 7 8 6 7 9 9 9 4 9 1 6 9 0 7 6 11 1 8 5 3 12 3 8 6 8 10 0 7 9 6 6 8 7 13 10 7 12 8 6 8 3 8 8 4 7 7 10 7 6 10 9 2 9 7 6 8 0 4 6 6 11 9 4 1 9 10 5 8 6 10 2 7 9 8 9 7 8 2 8 11 5 2 10 7 8 7 1 5 9 8 9 6 8 7 6 8 7 8 5 7 1 6 4 6 2 0 10 6 8 9 2 6 7 5 11 9 9 8 12 5 6 3 9 12 8 7 7 5 7 4 10 5 6 1 5 1 6 4 9 3 8 8 5 2 10 7 3 3 8 9 1 5 5 8 5 3 8 0 6 8 7 5 5 4 7 5 7 2 7 3 7 3 8 8 4 5 1 8 8 8 6 3 1 2 8 8 5 7 10 8 0 6 12 7 9 5 7 9 8 1 5 8 7 6 7 4 5 1 2 12 8 4 9 1 9 7 8 12 9 7 8 7 9 0 7 7 7 1 8 2 6 8 1 6 5 8 2 2 4 7 1 7 
5 5 2 3 1 2 5 5 5 3 5 4 5 4 1 1 0 6 3 4 4 2 6 5 7 3 1 8 1 0 1 7 1 5 3 6 8 4 4 5 6 5 1 5 5 9 3 1 5 2 3 1 8 7 6 5 2 3 6 2 1 5 8 5 8 0 2 4 3 9 4 9 4 7 6 8 0 3 7 5 5 3 8 4 4 3 5 1 2 1 0 8 5 5 7 1 4 1 3 1 1 2 2 4 7 5 0 6 5 4 7 0 4 3 7 5 0 3 5 3 5 5 7 8 3 8 3 6 4 1 8 4 9 5 1 3 8 5 4 3 6 6 1 5 4 4 5 1 5 5 9 7 6 9 0 6 2 6 6 5 2 2 2 6 6 7 6 3 4 8 2 1 6 7 7 1 7 3 7 0 7 7 2 0 6 2 7 2 5 5 4 4 2 6 3 4 8 1 8 10 2 4 7 8 2 4 9 5 4 4 1 1 5 4 1 4 1 2 1 2 4 1 1 2 3 5 5 1 2 5 1 2 4 2 5 8 1 7 3 2 4 4 9 5 6 3 7 1 6 5 7 5 3 2 1 5 5 5 4 5 5 4 3 0 3 4 4 7 2 6 2 4 8 4 1 6 9 5 2 8 5 6 0 3 6 4 1 4 4 8 5 6 4 9 5 4 7 8 5 0 
4 4 8 8 8 7 5 4 9 6 5 5 6 5 11 8 7 4 8 4 8 9 3 3 8 6 9 4 10 10 10 3 7 1 5 6 1 4 6 5 7 3 8 5 4 1 7 10 4 8 7 11 8 2 4 4 7 6 3 12 8 3 2 7 3 8 8 4 6 1 7 0 5 7 6 0 8 8 9 3 4 5 1 8 7 6 6 7 7 11 9 9 7 4 9 9 4 9 7 10 11 8 7 4 4 4 9 5 5 8 3 10 4 7 7 4 9 6 9 7 4 7 3 3 6 1 5 7 4 8 2 5 1 5 9 5 2 8 4 5 5 3 10 4 6 5 5 11 6 3 0 1 3 0 9 3 8 2 6 4 5 7 8 7 7 2 3 7 4 1 8 8 8 5 3 11 8 6 1 7 3 9 12 9 3 8 2 5 8 4 5 2 7 5 6 5 3 7 1 0 5 6 5 1 8 6 0 6 7 5 8 9 1 7 9 7 8 7 11 7 4 5 8 8 7 1 5 8 7 3 11 8 5 7 7 1 9 2 6 7 7 4 1 3 3 7 5 11 7 4 9 2 8 7 10 6 4 6 5 4 3 5 6 8 6 6 7 9 7 1 11 2 2 3 10 9 2 4 8 1 6 8 9 6 3 3 9 8 5 2 7 2 4 0 4 8 1 1 4 9 
2 2 3 3 3 3 1 1 5 0 1 0 2 0 5 3 3 4 4 2 3 4 2 2 5 0 3 4 5 4 5 2 3 2 2 5 3 0 3 2 4 1 3 3 2 5 2 5 3 3 4 5 6 2 4 2 2 2 2 6 2 1 4 2 3 3 3 2 0 5 4 5 0 4 4 4 3 4 6 2 2 0 4 4 4 1 2 2 1 5 3 6 3 1 6 3 0 4 3 4 6 3 2 1 4 1 3 4 2 5 3 4 0 2 6 2 4 0 5 3 2 5 3 4 1 4 0 3 2 3 4 1 4 1 4 2 4 4 1 1 4 2 4 1 3 1 2 5 2 1 5 3 2 5 4 2 3 2 5 1 0 2 4 5 4 3 2 3 2 4 2 3 5 3 3 5 5 0 3 3 3 5 6 4 2 3 3 1 3 1 0 2 2 4 1 1 4 3 4 6 0 3 4 4 3 3 5 3 4 1 3 3 1 4 4 4 2 2 5 1 1 0 2 3 1 2 1 3 2 2 5 2 2 2 5 4 4 3 0 3 4 1 5 1 2 1 3 5 6 1 6 1 3 2 5 2 1 4 0 1 1 0 1 3 1 3 4 5 2 3 6 2 4 0 4 5 4 1 3 4 2 6 4 0 2 2 4 4 0 4 5 2 0 5 3 4 3 4 3 3 
2 2 5 4 4 3 2 1 6 2 3 1 3 1 7 4 4 3 5 1 5 6 0 0 6 2 5 4 7 6 6 1 4 0 2 4 2 1 3 3 5 1 4 2 3 3 3 6 2 5 4 7 7 1 3 1 3 3 1 8 4 1 3 4 3 5 5 2 2 3 4 3 1 5 4 3 4 4 7 0 2 2 2 5 4 3 4 3 3 7 5 7 5 1 7 5 0 6 3 6 7 4 4 1 3 1 5 4 3 5 3 6 1 3 5 1 5 2 6 4 1 5 3 4 2 3 2 5 1 5 3 2 3 1 6 2 3 6 1 1 4 1 6 1 3 1 3 7 3 0 3 2 0 3 6 2 5 1 4 1 1 3 4 5 5 1 2 4 1 2 4 4 6 3 3 7 7 2 1 4 3 7 8 6 1 5 1 2 5 0 2 0 3 3 3 2 3 4 3 4 1 3 4 2 4 3 4 4 4 2 4 5 0 4 6 4 4 4 7 3 1 2 4 4 3 0 2 4 4 0 7 4 2 3 5 2 6 2 2 4 4 1 3 2 0 3 4 7 5 0 7 0 5 3 6 3 2 4 1 2 1 1 3 4 2 3 4 7 3 1 7 0 3 1 6 7 3 1 5 2 3 5 6 2 1 1 6 5 1 2 4 0 1 3 2 5 1 2 2 5 
1 1 2 1 4 4 0 1 3 1 0 2 1 1 5 4 4 5 5 4 2 3 3 3 4 1 3 3 5 5 5 3 4 3 4 6 4 2 4 0 2 0 3 5 1 5 0 4 5 2 5 5 4 3 6 3 3 4 2 6 3 2 4 1 3 4 2 4 2 5 5 6 1 3 6 4 4 5 4 3 1 1 4 2 6 0 1 3 2 5 3 5 2 1 4 3 2 3 4 4 5 4 1 0 3 2 3 2 1 6 3 4 1 1 7 4 4 2 3 1 3 6 3 4 2 5 1 2 3 3 4 0 5 1 3 4 4 3 2 3 2 3 4 1 5 2 1 5 0 1 5 4 3 5 4 1 4 2 7 2 2 2 5 7 2 4 2 1 4 5 2 3 3 3 3 5 4 2 4 3 3 4 6 4 2 4 3 2 2 3 1 3 3 5 1 3 3 4 5 6 1 5 3 5 4 4 6 1 5 2 4 3 3 5 3 5 3 1 5 2 2 1 2 4 1 3 1 4 1 3 6 2 3 3 6 4 3 3 1 4 5 3 5 1 4 1 2 5 7 2 4 1 2 3 5 1 1 6 2 0 1 1 0 3 2 5 5 4 0 4 5 3 4 0 4 4 5 2 2 4 1 7 4 1 3 3 3 6 1 4 6 3 2 6 4 6 4 4 4 3 
26 26 33 57 14 25 31 60 26 41 69 15 50 17 66 42 69 69 16 17 68 24 20 70 35 35 17 51 30 35 44 44 25 24 69 20 60 13 37 31 63 24 18 60 19 22 45 60 38 61 28 42 75 71 35 38 29 47 27 53 44 51 35 42 39 30 59 13 26 30 53 16 49 68 25 31 26 40 65 12 13 31 39 31 47 14 16 65 67 41 45 29 34 30 57 63 25 20 63 44 63 63 46 40 31 34 38 35 20 55 35 67 44 38 66 50 36 36 66 15 27 46 45 54 18 51 61 29 13 60 23 71 24 46 64 43 17 40 35 16 19 49 62 34 24 22 42 32 41 62 50 26 45 20 37 44 52 53 56 40 67 69 40 40 55 30 56 41 63 22 18 45 32 61 63 36 63 46 16 41 33 63 35 21 19 12 20 51 44 26 13 61 60 63 55 30 41 21 39 63 13 12 17 29 54 63 50 34 28 32 26 39 56 62 72 25 54 71 32 69 57 19 42 18 64 38 57 32 38 53 49 34 31 54 26 21 19 48 47 38 47 43 72 67 31 70 73 45 24 40 65 71 18 39 62 61 51 61 35 15 37 26 48 21 28 58 44 43 52 49 29 61 66 54 34 48 52 50 27 57 57 39 29 63 27 67 53 61 39 65 13 13 65 18 44 33 59 60 62 45 
36 36 49 84 27 45 47 93 32 66 104 28 73 30 102 69 110 110 31 33 98 36 35 110 43 57 27 74 47 57 69 67 44 41 111 36 92 25 64 46 87 37 32 97 27 32 66 92 64 91 49 65 102 110 59 63 50 78 43 81 70 78 51 60 57 50 87 27 46 44 86 25 79 93 44 46 44 67 87 23 18 51 57 42 77 23 22 104 105 62 69 33 48 48 75 96 43 29 102 67 96 102 72 61 44 54 62 46 28 89 49 104 69 59 105 81 60 61 92 20 47 75 65 78 35 77 97 38 27 94 34 107 34 72 96 72 24 53 59 32 22 76 93 54 43 41 59 50 61 95 74 41 70 28 59 63 84 80 90 63 109 109 67 66 75 47 82 59 102 36 30 74 41 88 91 56 84 76 27 68 48 85 54 34 31 24 31 85 63 44 24 98 98 101 87 53 60 39 59 93 27 25 21 45 87 103 74 46 49 56 45 60 88 100 108 44 86 104 50 109 91 37 67 33 99 62 86 54 59 86 75 54 54 89 45 31 30 73 75 63 77 71 107 100 50 107 105 68 43 64 87 107 23 65 95 91 75 98 58 21 55 42 74 38 50 94 73 55 78 77 44 98 97 82 52 64 76 78 41 86 85 64 46 99 43 108 81 98 64 97 26 22 103 27 72 56 93 92 99 70 
2 2 1 1 3 3 2 2 3 1 2 2 2 1 4 3 2 5 4 3 2 2 3 3 5 1 2 5 3 3 4 4 2 4 3 6 5 2 4 2 3 2 2 4 2 7 0 3 5 1 4 4 5 4 5 4 2 3 3 5 1 3 5 2 5 3 1 4 1 6 5 7 2 4 6 6 2 4 5 3 2 1 5 2 5 0 2 1 0 4 2 5 2 2 5 1 2 2 3 3 4 3 0 1 4 3 2 3 2 5 4 3 2 0 7 4 3 1 3 1 3 6 4 5 2 6 1 3 3 1 5 1 6 2 2 3 5 3 3 3 3 4 2 2 4 2 2 4 2 2 6 5 4 6 3 3 3 3 6 2 1 1 4 7 3 5 3 1 4 6 1 2 4 4 4 4 5 1 5 2 5 5 5 2 3 3 4 1 2 3 1 3 2 5 0 3 5 3 6 7 0 4 4 6 3 4 7 3 4 2 3 2 3 4 2 5 2 1 4 1 2 1 1 3 0 4 2 3 0 3 4 1 3 2 6 5 2 4 1 3 5 3 6 2 4 0 4 4 7 3 5 2 2 2 3 2 2 5 2 2 2 1 0 2 2 4 4 4 0 4 4 3 6 1 3 4 6 2 1 5 2 7 2 0 4 3 2 5 1 5 6 4 2 7 4 5 5 5 4 2 
13 13 21 32 11 17 17 31 17 23 36 9 27 10 39 25 39 36 13 10 37 17 9 35 20 20 13 26 21 23 28 21 17 11 37 13 29 8 22 17 34 12 13 32 11 10 25 36 21 35 18 27 41 34 19 19 18 27 12 33 26 25 17 23 19 20 33 8 16 14 30 7 26 36 15 15 18 24 36 6 7 18 18 19 27 10 10 37 37 26 27 19 20 16 32 36 13 15 35 27 37 36 27 21 16 17 24 19 11 32 17 39 23 22 36 26 23 21 37 11 15 26 22 27 12 25 33 17 8 35 11 37 11 24 37 24 8 23 19 10 11 24 36 18 15 13 23 22 23 30 24 12 21 9 24 22 31 25 31 20 36 38 24 24 30 13 27 24 33 10 13 27 19 31 31 24 35 26 7 25 16 35 24 16 9 11 8 29 25 13 8 30 34 33 31 18 20 15 19 31 9 9 10 13 31 35 25 19 18 19 17 24 26 35 41 16 31 39 22 38 30 13 25 13 35 18 29 20 22 27 30 21 18 31 16 9 15 23 26 23 27 23 35 34 14 38 38 28 16 20 36 34 13 23 37 32 26 33 19 8 18 14 27 15 17 32 26 25 29 23 20 31 32 27 22 28 25 25 18 27 30 23 20 34 12 34 32 35 21 31 10 5 34 8 23 21 29 29 32 27 
