10  30  300
1620  5062
1437  5027
288  2549
355  2840
482  3081
1287  5420
1376  5161
399  2861
1248  3956
1187  4184
312  1819
272  1841
328  1883
192  1514
156  1397
504  2355
504  2433
176  1421
64  889
568  2495
364  2029
360  2023
452  2189
168  1404
96  1104
172  1398
344  1922
288  1773
408  2231
60  926
556  2568
116  1131
360  2100
592  2579
480  2285
400  2176
64  899
128  1207
216  1631
408  2100
30  23  34  13  27  5  10  28  17  31  25  26  17  31  15  5  27  28  22  30  6  9  12  28  29  29  16  12  28  23  8  26  27  30  10  27  14  19  11  25  20  24  16  10  8  35  33  18  17  32  27  5  21  7  21  28  30  11  10  10  31  12  31  17  8  17  27  33  12  20  9  22  23  19  7  7  24  20  32  11  26  18  33  5  8  30  7  17  7  18  34  9  5  10  14  8  9  29  7  11  22  35  10  5  15  18  33  6  11  34  24  11  7  8  12  6  18  30  26  11  7  10  29  10  20  35  5  15  23  34  28  25  18  34  32  25  7  33  31  20  6  33  34  20  24  7  20  5  6  16  24  6  33  22  20  33  19  9  32  27  29  14  31  35  35  9  7  13  22  28  27  15  19  29  31  15  31  32  11  19  27  29  13  25  8  8  30  25  14  35  6  7  22  22  17  20  16  14  30  32  10  12  5  11  27  31  22  9  33  22  28  22  7  12  16  11  28  30  7  19  14  29  33  16  12  33  9  13  31  6  19  22  28  34  5  19  12  16  27  17  18  17  11  7  32  31  35  30  22  35  21  32  30  28  12  27  27  32  22  34  23  32  27  25  27  34  31  6  13  20  9  30  20  11  23  24  31  21  14  33  24  17  10  11  12  34  35  15  20  21  6  30  32  14  20  23  35  26  17  23  
7.6319 6.86726 3.19677 5.82825 7.35895 8.35276 8.20975 3.20923 8.93107 3.60752 6.86443 9.5483 1.1691 7.0226 4.93472 6.60845 2.29972 4.70179 5.09005 8.12755 6.43083 9.94894 5.13047 4.03842 2.42663 4.80671 9.15367 3.97563 8.26871 0.230167 
2.27442 1.50155 6.75118 7.20474 3.86511 4.16474 3.86337 2.89998 5.31814 6.13617 4.07899 7.92234 5.55352 8.578 7.27511 3.03497 3.06707 7.47191 2.67783 8.71023 3.01548 7.98938 4.37114 3.31449 5.03507 8.12101 6.14623 8.0892 3.09981 5.25675 
7.74537 6.96689 1.47857 2.27168 5.5161 6.74079 6.75215 5.33554 6.7993 0.454214 4.73416 6.32814 2.4743 3.5575 1.66751 5.09001 3.7256 1.76209 3.72911 4.55545 4.88524 6.81931 2.56015 2.54945 5.74141 2.4265 6.61649 2.76921 7.63463 3.35205 
8.47272 7.67759 0.544217 3.34985 6.75431 7.94692 7.92037 5.21829 8.11827 1.16414 6.02143 7.72215 1.52742 4.40385 2.29084 6.23406 3.71164 2.01228 4.76363 5.66552 6.03001 8.22309 3.88065 3.51544 5.08069 2.18481 7.99796 1.79687 8.59351 2.51012 
2.19606 2.35353 9.02675 8.28067 2.74021 1.84376 1.51672 6.38867 3.14211 8.12306 3.57486 6.76729 8.41447 9.43521 8.85628 2.68124 6.28678 9.22599 3.94871 8.94001 2.87185 6.55583 5.36584 5.18331 8.51571 10.0235 4.29847 10.3911 0.533814 8.37457 
6.01019 5.23852 3.07399 3.26112 4.00224 5.17435 5.14079 4.28871 5.44414 2.19905 3.32869 5.86978 2.99858 4.66108 3.22328 3.45413 2.76141 3.45332 2.00728 5.16655 3.25012 6.24014 1.40559 0.801044 5.31507 4.1696 5.49862 4.43548 5.89914 3.49984 
10.1827 9.39997 1.52643 2.76677 7.79304 9.03777 9.08571 7.28122 8.917 1.99872 6.9578 7.60505 3.53474 3.17367 1.53138 7.45997 5.74665 0.997784 6.16143 4.74101 7.25724 8.18781 4.81198 4.99584 7.07722 0.227274 8.52971 1.09014 10.0682 4.49973 
7.9512 7.20772 2.36431 1.21381 5.12283 6.37078 6.44377 6.21803 6.20904 1.31771 4.27089 5.26658 3.64524 2.59944 1.31512 4.87348 4.61703 1.74342 3.75646 3.41193 4.67685 5.79041 2.1826 2.80597 6.83405 2.59015 5.8553 3.39977 7.59175 4.50901 
5.98126 5.18638 2.93187 4.02754 4.71991 5.80393 5.71288 3.40372 6.25189 2.38919 4.15862 6.92604 2.18671 5.41051 3.6831 4.04364 1.80902 3.76764 2.50292 6.0979 3.85052 7.28561 2.44089 1.33172 4.263 4.33851 6.42585 4.28095 6.16156 2.51262 
8.04961 7.27806 2.88661 5.66181 7.58965 8.62113 8.49395 3.68886 9.14073 3.42156 7.05227 9.57286 0.971412 6.80215 4.69571 6.8665 2.71321 4.42123 5.33323 7.97665 6.68293 9.99691 5.22251 4.22339 2.82798 4.45894 9.30701 3.55905 8.63358 0.522319 
301.213 135.453 215.799 75.1805 176.837 40.0094 107.698 236.861 164.837 284.968 91.8617 226.237 102.596 128.803 26.1669 35.1372 158.81 140.09 194.641 289.677 6.47584 49.9515 43.614 284.686 167.605 142.966 141.172 45.8934 181.396 116.35 23.9969 180.674 186.694 205.15 19.9145 121.634 129.3 173.353 88.7439 118.783 185.812 142.947 65.3697 32.3487 13.029 57.7334 110.505 126.737 154.462 306.884 185.893 44.9543 166.87 57.7683 26.8195 227.622 116.232 81.0308 29.9133 97.1807 58.3618 51.2978 188.525 116.234 58.7089 95.2795 227.388 121.591 15.7109 101.767 45.3684 158.22 60.598 100.41 56.0148 50.121 113.824 85.6975 148.375 107.915 259.089 123.811 312.717 42.0765 8.8774 240.29 41.5 126.212 34.2783 186.083 181.632 59.6612 17.3702 8.54288 156.828 59.2492 66.7293 137.117 0.158792 56.0465 174.192 341.795 55.0137 24.2227 95.0692 191.85 217.422 11.9394 20.8193 221.607 130.084 32.3887 56.9232 14.8421 110.108 19.7776 65.6349 189.027 81.0334 93.2866 59.7997 58.8046 89.7334 72.8825 124.267 220.676 6.56261 95.714 142.279 370.32 80.677 114.888 196.619 125.028 205.968 30.0188 8.64054 317.884 90.7314 71.0557 34.7554 99.3418 314.15 47.0898 132.947 70.2964 89.0225 52.1927 48.3916 43.338 195.402 49.6096 74.7326 182.798 149.221 332.352 190.359 85.261 332.656 145.575 52.099 123.502 232.369 219.233 310.405 83.4999 58.3437 55.5428 95.4875 246.949 176.826 136.56 84.2513 133.833 275.445 136.885 112.44 331.909 121.588 87.9777 95.4735 51.6095 20.4622 29.2848 16.5933 17.938 139.213 94.8766 41.4985 322.958 21.3243 42.0278 241.085 177.426 199.232 181.151 187.493 134.138 179.513 338.907 44.7429 51.495 12.3804 49.8753 201.623 195.625 102.265 0.271934 170.601 129.649 146.32 160.653 8.24959 51.5632 139.607 8.94967 227.945 212.864 74.8362 56.9178 79.0293 162.397 213.602 110.139 19.9282 355.25 59.3824 77.5333 99.2925 46.6727 73.0787 145.426 268.408 251.519 41.0937 188.143 79.9536 156.937 73.8381 100.576 126.37 126.916 46.4278 60.8234 206.107 153.501 345.755 243.085 192.527 27.0005 79.3711 175.858 192.921 168.586 92.1243 111.563 165.846 317.433 258.965 140.307 218.464 200.706 99.994 220.232 168.24 383.568 177.117 38.2551 105.43 105.502 54.1583 271.829 132.881 21.6467 164.778 160.485 222.739 171.305 98.1174 408.73 118.099 161.295 71.8732 66.6347 114.337 213.667 205.423 92.0141 195.853 197.514 62.4099 258.871 326.504 64.6193 91.3291 177.21 330.488 195.768 190.313 173.652 
277.525 126.075 208.043 67.2844 156.2 36.816 99.9713 216.927 151.533 260.285 78.3618 217.075 89.0714 105.253 19.0914 33.9204 138.637 132.735 182.604 274.492 3.03365 44.0515 34.9276 263.55 159.248 124.095 130.633 37.0876 166.261 98.4509 17.6982 160.256 166.724 193.689 15.0609 103.735 118.169 162.408 80.2815 116.079 169.906 129.499 53.0986 28.316 18.0034 39.9523 93.4158 115.66 146.604 293.043 167.54 41.5713 150.216 52.2039 30.2757 205.328 109.774 74.1359 22.7483 89.2224 67.8391 48.0777 169.875 105.916 52.3753 82.0445 205.94 98.8084 8.32228 87.129 38.4008 149.692 43.6801 85.5951 51.6506 45.7924 96.945 81.1521 125.643 104.093 240.128 117.691 299.561 38.2458 10.4881 216.563 38.8577 112.794 29.8148 172.573 156.675 53.4889 15.8293 2.93664 146.407 54.2419 62.421 120.94 5.56611 47.3003 158.584 323.947 47.5078 21.7338 83.3142 177.655 195.456 7.2161 13.5322 203.5 111.542 26.1211 52.3259 19.5859 105.109 15.3347 51.3205 171.166 61.7353 84.6464 56.5883 54.6582 67.6357 66.4201 110.316 194.658 2.93516 83.9056 125.17 345.34 62.8196 95.5807 182.591 101.031 192.912 35.6386 5.87414 301.599 69.8062 58.7416 29.9989 90.7887 300.524 55.4154 115.215 65.4498 75.8279 48.6275 43.6516 32.5496 176.291 46.8043 53.6612 166.28 142.112 306.968 175.63 78.1089 307.442 126.515 37.794 114.484 210.211 196.245 282.966 76.3943 55.156 52.3146 81.7815 226.021 159.748 124.738 77.7732 114.302 262.57 125.739 97.8925 306.62 113.221 81.2826 74.9261 33.5602 11.8107 33.3092 12.1086 13.924 121.122 89.4163 30.7493 295.615 17.4683 36.963 223.673 165.027 186.4 165.356 175.155 129.387 155.63 313.845 41.1477 50.0747 8.52778 41.4228 180.799 182.262 85.152 7.24358 144.335 112.131 128.099 145.383 2.82263 42.4894 129.643 13.264 206.962 193.406 69.6785 46.8918 68.5796 150.087 187.37 100.908 28.3904 331.323 52.291 68.4239 76.9097 42.0293 72.6874 130.473 253.748 227.132 37.1853 173.085 70.5013 149.079 55.8095 87.4957 119.189 114.529 38.204 55.7854 184.596 129.041 325.004 227.964 178.634 22.1204 63.919 155.93 178.862 148.911 84.3939 96.7031 144.991 296.743 242.126 117.314 203.834 186.699 98.6244 200.995 148.144 356.792 165.292 36.0631 96.5547 92.411 47.5028 247.999 116.962 13.1003 146.639 147.541 202.57 159.975 87.0832 383.151 99.5939 154.384 64.1817 58.1504 107.52 187.281 191.697 88.2212 180.188 189.653 57.638 242.657 301.516 56.2198 85.4698 158.921 312.022 176.546 177.072 157.034 
35.5316 158.462 287.067 79.2534 96.8635 22.1533 23.4711 86.2441 19.3923 30.2215 159.651 215.662 49.1494 151.202 113.756 42.9127 93.9261 219.404 132.101 207.516 47.4234 50.495 66.2544 68.6978 226.599 169.083 67.5628 63.7069 158.787 98.7386 47.2487 52.5777 108.217 218.596 74.2276 140.801 6.58446 108.058 17.3514 218.005 10.9274 132.353 78.4995 71.604 79.9218 272.841 219.031 108.466 122.702 250.554 137.56 19.6032 36.845 9.84204 184.001 32.9846 238.84 65.0252 63.9844 9.75099 288.562 92.5797 190.506 103.921 12.5314 65.6787 14.0958 186.053 92.3633 98.134 35.5855 161.302 146.612 69.9221 32.6961 33.0041 114.18 158.846 172.432 98.4045 79.8229 138.299 269.734 7.8631 70.2368 57.3048 50.0059 38.8826 36.2355 48.4056 137.411 34.8981 37.6229 80.7992 48.5409 47.4416 57.9976 169.652 62.3203 43.1392 69.2743 242.218 44.1592 31.2272 48.0743 32.5357 137.626 41.48 78.8624 195.678 98.6814 77.8204 28.9863 80.7132 93.7244 34.521 94.7166 152.797 160.475 7.92625 49.1945 68.3129 176.326 43.103 98.4 112.489 38.4501 45.9408 75.7143 118.512 180.762 109.782 41.241 189.361 222.748 221.201 55.6761 233.52 195.24 121.749 20.1623 256.286 272.889 198.032 92.1498 27.9058 118.533 18.6396 5.24011 103.606 25.5325 40.9235 236.762 45.9605 154.662 63.4272 31.6892 5.67201 50.1366 137.042 225.141 62.771 96.7082 191.588 80.0112 4.42538 48.915 101.729 122.775 61.0128 124.468 30.6619 138.777 146.991 238.24 35.4555 209.211 47.8362 32.1303 137.434 147.253 217.816 96.6213 218.221 59.9111 57.991 166.889 198.486 86.2319 32.6224 38.6906 32.1402 45.3698 122.056 61.575 38.2171 51.5512 124.641 90.8077 60.1113 71.9234 102.382 32.8912 53.2873 50.5895 208.725 94.7919 80.2164 125.94 67.7053 137.127 106.529 54.3004 61.9103 77.1908 98.6211 101.147 128.927 23.0702 128.623 51.4452 195.314 87.9753 84.0407 123.022 120.098 20.9802 64.2301 183.025 9.54325 169.015 112.575 186.05 105.379 5.22648 19.0097 34.1159 115.145 183.183 65.1416 129.13 70.6341 53.7241 20.4166 167.827 122.668 201.215 189.8 103.051 292.198 112.114 191.046 191.839 110.132 51.9144 165.483 97.8683 155.051 74.9727 202.129 111.636 213.376 235.257 35.119 112.056 82.8851 219.632 43.9603 47.704 113.816 38.9525 42.4592 48.5527 76.3697 40.6648 136.405 171.871 123.722 36.2952 123.922 108.229 137.496 31.8385 33.3919 71.699 94.1999 245.56 122.695 23.7162 176.725 9.32149 180.619 51.4882 78.3495 151.876 38.3798 228.261 67.6271 43.3621 98.5251 
94.2887 112.631 213.899 105.219 155.654 8.62872 27.0235 12.8076 42.7653 125.223 138.058 143.068 69.3349 150.605 108.976 31.1758 84.4586 171.617 66.9155 116.481 47.0014 67.6992 63.4462 48.3348 169.122 217.796 19.1874 61.3131 99.5321 130.651 48.968 76.5194 172.441 148.226 70.4156 120.238 48.5155 50.6012 19.8188 177.426 70.6314 88.7071 79.4007 62.5535 76.3996 290.917 193.07 151.248 72.7104 155.177 201.577 4.29799 93.3011 29.5819 175.197 108.72 199.939 92.1926 72.2591 38.1554 269.006 75.4417 255.351 143.292 24.9547 93.483 86.984 172.614 91.2466 130.707 37.2555 107.212 144.87 76.0759 13.6165 16.9614 100.094 129.882 220.032 66.0894 28.9831 96.0163 172.638 7.88681 67.3403 139.43 35.8557 80.6575 29.0178 31.7644 122.434 21.0502 32.1853 80.6176 34.2065 67.2717 35.0762 133.505 62.4463 55.0938 22.0005 135.672 61.6729 24.0594 77.2656 61.4351 81.6645 42.3036 77.2265 122.67 137.061 88.5122 9.81084 76.6133 58.706 33.8757 102.82 95.9894 181.568 26.9959 29.2864 48.4618 197.727 20.5029 141.189 94.4471 39.8175 74.7583 64.7649 69.7083 169.704 113.107 55.3733 178.007 152.219 211.244 54.202 133.685 185.705 109.017 29.1289 225.292 173.8 183.248 82.1112 8.87306 148.23 7.63967 16.8255 99.3167 89.8485 24.1859 258.765 25.1069 104.215 69.1977 43.851 31.2446 102.683 185.856 241.877 20.5466 43.9314 267.317 185.112 25.5703 29.3336 83.062 103.459 24.8709 73.7175 76.3531 111.261 125.495 149.159 11.8291 179.071 107.961 28.4606 108.566 147.492 232.468 95.4043 208.738 65.1141 54.4651 134.845 166.859 95.6451 79.7882 45.5884 46.378 84.4149 61.078 52.2575 99.1093 54.809 83.954 132.413 97.1778 57.4231 84.7619 35.4754 66.9163 58.4839 142.137 99.7262 80.3902 160.743 95.66 106.306 161.637 55.6146 76.3978 29.4551 95.657 179.098 65.1459 13.1339 116.335 46.9314 141.303 145.987 48.064 118.594 61.6775 29.314 90.7847 177.245 12.5145 144.058 162.784 100.967 51.5934 11.3638 63.7033 58.9 66.5478 205.019 96.6661 85.7931 114.364 52.2264 1.78027 239.015 138.482 93.9451 106.805 37.1853 287.191 108.304 251.834 126.587 81.09 21.8069 138.033 150.37 58.7843 73.1628 247.55 41.148 145.235 201.085 41.5749 168.557 128.036 159.601 30.8338 13.5918 150.001 57.0547 134.2 83.8096 77.3555 68.8707 83.2103 247.578 65.0168 67.7525 136.154 141.483 87.3493 56.3153 35.3666 35.0287 106.026 175.819 91.2679 51.9125 115.525 24.0162 93.1448 85.6882 63.3862 121.277 95.9185 122.25 39.3795 55.4674 158.215 
236.004 39.4376 86.7553 94.6908 174.552 21.5954 81.2302 146.888 124.804 237.356 24.5282 118.967 82.038 86.6335 37.5588 15.7455 94.7741 34.4964 105.482 165.683 19.6318 60.9677 27.3731 203.951 52.882 183.029 83.2238 28.7542 69.5609 117.141 24.6867 130.955 192.218 80.4412 22.6963 49.8595 103.912 97.6812 61.6775 45.7644 149.895 49.9495 46.1882 9.4727 33.3239 160.445 35.9572 149.813 83.5843 173.241 208.02 27.3466 144.258 49.0603 65.804 188.475 30.0803 93.8645 45.6746 79.4266 99.1531 9.16883 234.785 139.371 44.6586 92.986 179.507 65.2608 37.0718 115.321 30.9127 66.6712 58.9715 70.2651 29.6966 24.0459 55.6905 19.7611 180.596 62.5876 176.884 49.9569 175.222 29.2797 26.1361 210.859 12.4335 112.157 12.5918 132.986 101.467 30.7687 4.05748 35.0895 113.839 68.5979 29.3901 33.136 29.3585 50.0534 104.176 197.28 58.5271 4.41953 88.4725 151.239 106.474 19.2766 29.4107 84.8974 130.935 57.8051 31.796 33.0054 60.0192 14.7489 62.6582 76.4416 115.335 69.6305 30.6112 17.0435 122.905 37.0646 139.645 131.808 19.7018 87.4187 84.7267 262.949 53.2592 79.3186 151.197 71.8009 72.4047 81.1937 20.8867 181.019 64.1325 29.3026 31.0344 42.4189 172.445 71.4377 76.0405 46.0026 117.719 35.5283 36.7302 34.7764 160.092 24.6267 151.019 121.711 66.6612 244.554 142.006 68.4481 260.39 168.682 136.587 71.6931 136.815 257.528 280.542 64.5365 29.1472 11.3276 32.3887 166.498 80.1895 121.383 8.64785 57.4183 146.055 92.5809 21.5545 262.326 90.1668 10.6806 72.7227 127.108 38.1541 79.74 37.7423 16.3511 42.4354 24.9415 57.7026 240.869 32.0746 45.9122 193.4 89.6073 148.758 159.855 143.868 76.5962 151.027 261.824 4.03353 18.7792 19.6757 54.1823 138.551 66.1929 72.8196 37.8434 148.763 107.419 58.5371 174.622 26.4586 59.3668 78.8148 39.7546 225.095 106.45 52.9528 26.7207 46.7491 41.3112 182.927 47.8895 54.4452 248.19 43.6033 87.7434 71.3984 32.6797 36.948 164.343 153.391 147.992 29.9959 149.426 72.4075 90.5291 127.092 99.9624 51.3285 131.244 29.0996 38.6894 236.416 116.765 207.591 119.39 109.804 119.447 50.6798 222.338 68.4444 86.6396 48.5821 24.963 161.97 197.944 196.87 188.392 131.771 67.1727 48.1617 156.61 175.512 304.311 48.2642 13.4246 61.0153 131.181 57.5113 232.895 111.127 34.284 122.324 64.2576 254.175 86.1058 88.1479 320.094 123.243 90.3993 69.0264 44.3152 66.1783 145.938 59.605 34.0385 148.928 110.383 51.0391 136.955 248.505 19.3446 15.4798 149.967 187 122.362 146.983 180.858 
273.093 57.5739 87.9704 102.597 199.755 27.4402 93.7076 181.414 145.926 274.041 47.324 131.254 100.388 116.309 36.1901 16.3594 127.242 36.6356 126.846 191.224 18.6754 66.8824 37.6512 238.772 60.6448 200.37 101.945 39.6406 100.286 136.615 29.3903 161.82 216.415 99.0076 22.5176 80.8895 120.828 117.074 75.3147 26.5766 174.043 78.1973 61.0434 12.5341 26.4606 161.463 58.2795 162.275 96.5364 194.769 229.146 33.2906 167.66 57.0401 53.2566 220.829 7.60769 101.835 49.8228 91.5175 72.1469 8.36134 254.003 150.763 54.0949 108.347 211.825 94.8227 35.9879 130.111 40.611 80.3224 69.7616 90.9931 37.7283 32.2849 83.2471 11.6385 201.525 67.4982 208.804 58.3925 194.591 35.5033 21.5828 243.96 17.081 130.355 21.1551 155.312 141.606 41.9829 3.75372 33.0786 131.052 74.3987 37.3023 69.2529 26.5098 60.3703 131.434 227.271 66.7057 10.5353 103.205 173.589 147.386 20.6768 30.747 121.543 151.738 60.9025 40.1097 25.6978 67.7081 19.1152 75.9774 112.312 127.53 83.1193 36.0124 25.1996 137.154 49.1051 155.07 174.702 19.6916 102.431 112.802 304.538 68.1453 104.753 173.657 101.85 95.9455 65.963 19.3342 208.151 81.9597 46.5125 36.9564 29.7136 192.751 50.8325 104.614 54.3118 128.956 41.5565 43.9736 42.3607 188.019 29.4596 157.928 149.165 76.7835 285.736 165.707 79.3778 300.104 188.176 138.082 87.7891 175.429 282.352 319.077 75.5981 34.5419 8.17375 57.6667 201.409 113.119 138.251 20.7097 91.0215 166.042 111.24 46.6074 301.928 103.835 24.1082 94.0707 129.908 38.3315 65.6267 38.7952 16.9887 78.9666 6.29675 64.2959 284.288 34.6661 51.5357 220.66 112.475 169.752 182.462 163.797 82.5722 182.3 301.693 11.9618 7.20782 21.4402 62.4706 171.722 91.7841 95.08 34.1658 180.433 130.452 93.1997 192.858 26.1629 67.6808 96.7264 33.5296 252.465 142.847 61.5425 35.6321 63.3878 67.1718 217.84 65.9982 44.2513 288.278 54.0696 97.6118 93.0823 40.0675 13.4132 181.209 178.403 190.384 36.138 172.766 84.6653 103.517 135.776 115.292 63.3168 146.581 40.0059 47.3363 260.233 148.298 243.632 146.546 134.724 107.819 69.4081 241.791 96.3218 121.418 62.8346 55.753 187.036 233.9 224.203 206.934 157.474 94.4141 14.4668 187.747 198.803 346.647 70.0397 16.9235 76.823 143.852 65.0398 267.615 132.821 36.7186 149.579 90.1129 277.478 106.779 102.761 361.205 142.658 100.726 78.8722 57.2491 78.0695 186.021 85.1479 35.8921 173.777 121.369 58.3714 165.915 288.374 36.3751 20.0192 175.799 218.742 154.798 168.199 201.417 
273.876 64.1139 100.297 99.2161 195.333 28.3492 94.4858 184.854 146.625 272.911 45.4123 140.249 98.7911 112.368 31.1497 18.1688 127.095 46.2325 132.637 200.05 16.5675 64.6594 35.8505 241.556 70.6717 192.855 104.853 37.9975 106.251 132.316 27.5016 161.132 211.574 108.65 19.296 80.2068 120.656 121.8 75.7203 35.0478 173.773 82.3508 58.8236 10.9088 23.8718 149.506 53.8164 157.907 101.806 205.173 223.292 34.1347 165.924 56.5696 45.6719 219.262 15.5902 99.2522 46.9513 91.3941 61.9953 11.7898 245.999 146.549 53.8178 105.454 211.223 90.5344 31.8626 125.674 39.8461 87.443 63.9827 89.4609 39.0885 33.5147 82.431 18.3459 193.744 71.3504 212.19 64.4944 205.677 35.755 18.6872 241.278 19.2141 128.558 21.3739 157.257 140.928 42.8382 3.30094 29.5218 132.835 72.5208 39.8313 71.4402 23.9622 58.6924 133.911 237.535 64.7076 11.2207 101.063 174.27 151.106 18.8487 27.3079 129.043 147.359 57.4586 41.2944 23.2127 71.6511 17.9749 72.3008 117.162 120.354 83.2485 38.1597 27.9935 129.323 50.6636 150.713 175.348 17.9839 100.408 113.094 309.162 62.0489 102.025 174.844 97.1771 105.564 56.9591 16.8572 218.055 75.2964 44.1034 36.1317 20.0468 204.114 45.3281 104.287 55.5053 123.65 42.3312 43.9085 38.5289 186.82 31.2576 147.366 150.741 83.5539 288.202 166.893 79.3257 301.271 182.002 128.226 90.5049 178.375 274.098 315.82 75.7282 36.6855 12.2101 57.2989 203.853 116.928 137.059 25.0139 90.3775 176.189 112.726 44.6225 302.833 104.958 28.7269 89.2613 120.241 34.0307 56.5684 36.1484 14.5747 79.915 11.4682 60.4725 285.57 32.9348 50.0863 221.342 117.757 171.765 180.95 165.262 87.4914 178.914 303.37 14.0952 11.1802 19.9745 60.1232 172.205 100.571 92.5938 30.8903 175.676 128.033 94.5478 188.38 23.7514 64.9253 100.078 29.5568 248.224 147.272 62.4589 31.8099 63.1558 74.7005 214.275 69.1964 40.3675 293.089 53.6695 94.7457 87.09 40.1954 15.2386 176.355 186.377 193.421 36.2158 173.003 83.1437 108.357 127.568 112.355 69.01 143.54 38.7734 48.1698 252.981 144.723 252.275 154.887 139.19 95.1548 66.4214 233.499 104.207 122.826 64.8615 55.7212 182.612 240.579 226.451 197.849 162.334 103.311 15.9236 189.065 193.716 348.299 79.1848 18.8539 78.704 138.815 63.2729 265.905 130.928 33.3611 148.906 95.4331 270.45 112.188 101.114 364.185 137.888 106.395 77.4174 56.9089 81.1752 185.004 95.4289 41.2692 174.597 128.565 58.3867 173.844 290.064 36.8104 25.9279 174.039 228.585 156.539 169.39 197.227 
207.475 172.472 298.125 13.4141 61.6368 37.6797 80.7588 198.591 116.523 172.477 131.862 265.486 57.0376 114.842 71.1296 46.4681 126.328 209.625 198.92 301.937 26.6501 5.65387 48.1631 221.165 232.306 2.29327 128.31 47.4695 199.795 40.542 25.6195 117.66 61.6749 252.546 47.8299 131.941 82.4013 171.9 64.0121 196.855 118.187 158.401 57.1518 56.4146 52.084 115.306 172.221 39.5585 167.772 336.55 53.1747 39.8357 87.6742 31.9275 117.767 129.744 203.335 27.3809 20.2928 62.2558 197.302 82.6585 41.2487 34.4445 36.3329 33.5037 141.565 142.639 52.4764 18.0082 33.5731 191.1 88.0937 70.2964 53.76 49.3438 111.013 141.086 20.7506 123.697 211.569 156.246 350.825 30.8597 44.1133 123.751 53.8452 60.6915 37.1538 146.29 155.209 53.8553 30.7566 44.4517 126.15 20.2452 74.8353 167.541 34.383 27.3313 147.058 354.713 13.4798 31.0868 38.318 135.275 203.558 21.4805 46.5379 245.573 41.7054 22.3917 52.2354 53.7102 122.978 22.7829 50.3135 197.638 52.4545 62.8763 65.8952 74.5391 62.6824 68.9063 27.1945 175.27 18.3969 40.5176 113.207 301.979 124.54 90.158 144.903 142.465 254.039 140.638 33.1249 334.51 131.649 95.8739 15.5798 197.972 353.76 139.736 110.551 60.8655 9.5035 43.9192 31.1781 67.4826 113.283 54.6975 87.8278 140.402 181.967 248.394 139.449 55.1619 233.62 19.2259 91.8106 114.326 194.747 46.94 163.596 56.1889 64.7825 90.5366 112.474 192.183 174.323 75.0319 127.45 140.656 309.898 107.937 173.415 229.969 94.4445 129.261 96.7317 91.2532 55.157 137.825 22.9271 38.5357 162.609 167.644 32.3111 226.977 8.23066 9.41659 168.706 181.38 158.174 100.208 143.65 155.155 91.0071 244.37 66.5529 89.3943 13.5896 16.5522 143.214 238.835 77.004 44.2494 86.4059 67.8869 150.998 53.0072 27.1395 16.2545 132.678 60.1562 98.2455 201.546 60.679 95.1991 63.713 208.237 104.637 114.857 79.018 294.025 37.6498 14.8568 122.603 32.8861 140.277 37.3276 276.421 209.899 28.1101 126.415 35.01 164.974 59.4206 32.7695 152.572 46.1193 42.8563 50.2469 48.623 101.206 334.788 261.692 181.075 169.321 82.391 22.2387 227.257 150.388 86.6246 147.577 57.7084 291.007 201.273 28.0831 203.086 244.308 193.662 160.667 47.2007 276.286 232.47 48.7357 93.1183 7.10044 13.7144 156.813 68.5147 40.5177 104.73 175.364 70.3117 178.698 44.7312 313.728 37.4819 180.07 28.8833 47.5873 113.619 147.939 264.839 127.091 138.387 225.039 41.4618 267.153 235.36 75.9867 140.261 94.8271 340 154.834 141.259 63.4383 
271.886 38.3307 42.2313 115.37 217.659 24.6197 91.3291 171.412 144.419 280.029 64.6377 97.9893 108.125 136.422 55.2868 9.64148 132.396 12.444 106.641 159.328 26.5074 75.3681 46.7205 230.14 25.7837 229.024 92.5063 48.1109 83.5467 154.23 37.2081 167.267 235.522 65.3317 34.9599 91.2509 122.344 100.655 74.8911 16.008 176.271 68.8427 71.946 22.673 36.6406 205.869 86.7071 178.746 77.4354 156.541 251.582 30.5692 175.469 59.2398 81.5231 228.625 37.6725 111.585 60.8181 92.5262 112.18 11.672 284.195 166.641 55.8931 120.28 216.083 118.497 51.4155 147.524 44.8799 55.0613 93.7486 99.4988 33.4378 28.7702 92.0908 17.2717 231.703 53.1779 197.912 36.4339 153.659 35.0289 32.3572 255.763 10.4274 138.143 22.4796 149.14 150.843 40.3653 9.01323 46.2481 125.073 81.486 28.7388 72.9229 35.9347 67.6676 124.779 190.152 74.6598 10.3175 112.207 171.951 139.536 27.7249 44.0436 100.063 169.589 73.817 36.4656 35.6618 53.2342 24.3209 91.5461 100.703 155.262 83.5459 28.3067 17.0924 167.643 44.7615 171.906 177.903 26.0532 111.04 115.481 289.062 95.825 118.974 170.121 126.647 64.3772 99.5811 28.5338 172.249 111.95 61.4281 40.5362 71.4615 150.886 74.5115 110.332 50.3028 149.217 38.9564 44.7307 58.8451 194.205 23.0796 197.583 145.481 52.1643 278.603 162.467 80.1116 297.464 212.123 174.694 78.8666 168.502 313.83 332.827 75.7195 26.8809 11.9517 66.49 194.776 104.093 143.394 22.0548 101.43 128.912 106.938 69.7427 300.239 100.193 21.4302 116.139 165.991 54.6118 99.3059 48.669 26.6103 86.1463 33.4548 79.1772 282.044 41.2337 57.2059 219.116 94.8789 162.957 189.067 158.997 64.2877 197.76 297.122 12.3872 10.9628 27.0777 71.8966 172.93 64.2481 107.733 46.2844 201.428 141.655 95.8782 210.083 35.1385 78.596 85.5952 48.3336 269.264 131.053 58.5093 54.5969 66.741 47.9538 233.89 56.7475 59.4828 272.096 56.5875 108.705 120.587 40.2083 29.2378 199.83 149.777 183.613 36.2958 172.961 91.1701 85.9145 166.84 127.247 43.446 158.473 46.6979 44.8884 287.996 165.765 213.159 117.659 119.965 154.606 84.561 273.217 72.2089 121.671 56.8139 67.7646 205.144 210.897 216.719 241.725 140.89 66.9626 42.1987 184.93 218.977 341.963 43.4205 10.3433 71.2693 163.08 72.0213 275.601 141.608 49.6788 154.454 74.5002 304.166 88.3771 109.836 351.219 161.965 79.8151 84.8033 60.1021 67.1091 194.378 54.2972 16.0867 171.983 94.7222 58.6039 138.381 283.936 39.8221 16.7941 183.981 183.551 151.517 164.544 217.733 
58.1658 133.386 249.912 79.6825 99.2971 17.0044 26.2312 59.9703 25.7099 62.1081 135.568 188.189 40.5986 125.953 101.409 37.4371 67.6516 189.567 110.382 179.047 42.9075 50.3063 56.0797 63.9119 195.084 165.135 52.8731 53.5547 128.119 91.37 41.5555 32.7152 114.5 185.768 65.8152 114.56 21.9183 90.0737 5.60536 191.712 32.8329 106.218 65.824 62.0224 73.3271 252.726 187.876 113.068 105.563 218.766 144.11 15.249 46.2428 13.9378 166.532 46.0102 208.412 68.4976 59.0737 20.5993 261.418 80.1619 193.175 107.63 8.60982 62.0294 27.7768 156.81 83.2173 94.4787 28.3588 137.316 128.595 55.1249 25.469 25.4078 91.2923 138.136 164.801 87.2007 67.5286 118.596 236.299 3.35009 63.6968 72.1811 42.3713 43.1979 29.1135 45.1731 104.901 25.0627 32.6944 73.445 47.5607 50.0166 48.2723 139.678 57.3219 37.9216 46.4831 209.373 42.8205 25.9734 47.0543 45.3889 101.519 37.2151 70.2124 158.44 93.3174 73.1752 21.8985 73.9856 81.4787 29.6718 82.8912 119.984 147.412 4.24054 41.9293 57.4118 160.903 32.2902 100.314 76.6479 35.1747 44.5938 52.4539 111.146 156.601 89.9423 49.3153 159.75 187.701 200.558 50.1482 201.886 169.035 103.249 18.2818 224.725 238.107 180.148 69.036 23.4979 113.985 16.3485 3.37763 90.3031 36.1166 34.63 219.153 24.8638 132.91 65.1176 35.3177 15.2979 72.0968 134.702 209.056 49.7418 63.1855 195.743 108.01 10.9688 41.5755 88.2754 101.15 39.6653 94.9016 43.9277 118.996 118.788 206.184 25.5663 178.936 72.834 33.3111 117.479 126.042 200.903 86.6534 197.661 55.6408 51.1233 136.468 173.243 78.4829 36.4473 36.5116 32.3313 63.2854 99.1838 63.6362 55.893 57.2015 110.224 79.0576 77.0417 61.4997 89.9769 29.903 49.2436 22.1685 174.784 77.8385 73.7944 109.63 57.8947 108.168 113.809 49.5384 57.4558 61.8631 89.9118 116.414 96.2569 21.3993 111.273 38.0988 163.873 80.9591 66.5724 113.37 109.651 14.6848 64.7433 157.46 3.05471 149.843 116.667 159.656 68.3902 0.250252 36.3353 34.0065 99.9754 169.959 63.4959 109.47 76.9868 44.4248 14.2916 172.694 101.04 171.366 158.314 82.1692 265.385 94.4651 190.362 158.98 80.553 39.2275 138.625 96.4584 130.49 80.8737 192.121 92.1971 178.346 208.175 20.3055 113.455 106.224 185.94 37.3911 34.5767 112.348 39.0245 70.4834 43.9837 68.4033 25.5182 110.143 180.991 101.904 37.7576 139.123 100.719 120.333 34.5098 23.6972 60.7324 64.927 207.416 106.327 32.2191 155.2 15.3682 150.418 64.5548 64.1614 130.907 44.6799 194.971 39.2864 51.208 107.545 
211.625 31.5959 91.5708 92.9677 163.208 17.2854 72.6351 122.289 110.735 214.934 29.0712 110.08 72.5596 76.9041 45.8712 15.8054 75.3788 46.827 89.3487 146.014 22.821 59.4767 25.762 179.562 56.084 179.954 69.3893 26.236 47.5777 110.161 25.022 112.433 181.643 70.3245 28.1119 36.0873 93.27 82.9917 52.6948 62.847 134.719 29.5727 41.6077 16.1966 39.7203 173.097 48.1287 145.881 73.7844 156.603 200.16 22.9831 131.078 44.4328 81.1796 169.441 55.9216 91.1257 46.6177 71.7978 124.539 18.3873 230.233 136.007 39.0146 86.6795 159.553 60.918 43.1514 110.959 26.2866 58.4703 63.4236 59.9469 23.748 18.0056 42.214 35.1179 176.167 58.6607 154.015 46.0311 160.286 25.1161 31.8685 192.398 10.8616 102.43 7.68949 117.245 78.9795 22.9836 8.29547 40.4911 101.53 66.5988 23.8376 11.9296 33.6637 45.8382 84.9116 174.133 55.5892 0.377801 81.529 136.362 77.5939 21.0915 34.0375 58.836 122.941 59.6605 25.6981 39.5485 54.1946 14.6229 60.3556 50.379 116.829 60.9599 26.6255 13.3532 124.316 28.3044 134.231 104.822 21.7405 80.1842 67.2713 233.031 60.1452 68.8508 135.872 67.0272 59.8281 99.5028 24.9509 160.114 69.6755 30.0461 28.3082 69.3011 157.008 88.5317 59.5608 39.8918 116.398 31.137 32.2117 38.6719 143.519 21.098 159.059 102.973 60.645 216.279 125.903 61.5121 234.004 162.938 146.527 59.7311 109.942 249.806 258.862 57.3715 25.2141 21.3395 22.8323 142.313 56.4452 111.662 21.0225 41.5103 131.176 79.5245 36.3776 236.216 80.5707 19.5173 69.6715 136.58 44.1418 97.6825 40.0672 20.5076 23.6852 46.7089 58.6926 212.118 32.3946 43.857 175.355 72.5832 133.839 146.759 129.984 71.8825 135.549 234.944 9.92262 28.1669 20.5318 51.8965 117.272 51.7491 63.5931 43.3828 135.358 96.018 36.8752 167.21 29.534 57.5375 65.4301 47.492 211.548 80.0956 46.7955 34.5965 37.1252 30.3867 164.983 34.6401 63.9495 219.161 37.5497 84.418 72.2683 27.9064 53.1586 158.324 134.19 118.651 26.0386 134.295 66.3027 80.4732 131.377 93.5433 44.1862 124.362 25.3085 32.5457 228.344 102.877 180.099 99.4239 91.2231 140.776 46.617 218.283 50.5793 63.9337 38.1393 20.4262 150.974 170.952 177.674 186.92 112.481 51.5553 71.5273 135.701 166.074 275.83 42.0776 11.9621 49.5823 128.355 54.611 212.254 99.5946 37.7822 105.956 45.702 245.826 70.7364 80.6201 291.47 116.827 82.4384 64.2296 36.8334 57.1064 122.485 50.0378 35.8842 132.374 101.922 46.324 115.188 221.635 10.7647 27.742 135.346 162.716 100.386 132.455 171.7 
238.703 59.4989 90.8604 138.475 243.295 16.0499 74.7155 129.842 124.551 265.852 125.049 17.3724 119.512 186.69 102.003 10.7784 143.319 101.398 42.219 53.6467 45.3995 90.6702 70.7037 181.256 82.8798 283.37 58.8844 70.4588 71.9278 186.572 55.3953 167.669 262.493 49.198 65.6161 131.487 113.172 46.0787 66.7498 108.397 163.15 74.4364 98.5622 52.4792 65.8616 307.726 173.747 205.713 16.1418 37.3387 286.544 20.329 177.962 58.8698 154.608 225.543 142.041 126.952 84.5289 85.1481 224.784 51.3541 337.819 193.232 55.4168 140.415 204.844 185.391 88.5114 179.461 54.3778 28.2622 151.935 116.99 20.7849 21.1846 121.853 86.8809 289.659 17.0019 146.645 30.6351 33.367 30.3354 60.0776 260.436 17.8197 144.674 30.9257 115.803 177.147 37.0355 25.0498 78.0609 94.8086 92.6288 12.5838 118.889 59.4227 81.2823 98.5706 66.6793 88.475 18.9134 125.049 148.532 126.526 44.1933 76.0687 84.3068 200.694 101.676 24.6267 65.0723 8.60569 37.371 126.314 94.6258 214.892 76.094 4.77042 26.011 233.658 33.8571 199.694 181.091 40.9059 123.006 119.55 214.516 167.936 152.451 141.66 194.735 65.25 186.838 50.9913 54.1437 189.028 106.963 46.2953 181.175 26.2531 148.623 125.518 33.8556 188.945 27.5237 42.2524 100.286 190.465 4.87959 285.969 122.204 22.4574 228.524 135.783 73.3659 257.47 255.038 258.158 47.9302 141.093 367.145 334.294 67.8549 4.54634 56.0926 104.216 157.52 92.445 141.864 76.8924 141.506 13.4276 84.3155 152.32 262.567 79.1174 73.0902 170.306 248.24 93.6144 185.818 70.8732 50.6161 131.74 120.025 111.697 245.719 54.9026 66.5973 190.86 46.0068 126.416 186.551 128.43 19.6019 221.133 251.828 39.9901 55.5375 39.6926 90.2401 161.598 68.0389 136.638 76.4959 240.33 159.093 120.611 235.094 56.2763 100.241 48.5963 86.4952 286.335 103.77 43.7059 106.857 74.7509 83.8657 254.215 42.3367 103.353 197.498 58.6854 127.481 190.583 36.9331 99.9684 229.735 54.301 156.309 33.1104 154.513 99.3803 28.0189 234.525 146.475 26.1043 174.079 64.1296 34.1327 333.684 201.96 106.021 39.1082 70.1689 269.895 124.218 330.883 65.6453 126.856 39.674 124.375 232.918 125.002 172.461 311.414 81.0353 71.8777 142.134 158.332 250.68 291.678 85.509 12.6921 51.7626 198.55 83.4054 267.393 151.473 80.1184 153.548 57.8567 345.84 36.83 117.542 286.076 197.978 17.293 91.8857 64.4332 29.8262 204.164 91.0535 40.4772 148.273 21.4241 52.8139 53.344 240.53 61.5257 79.3535 186.837 66.6431 132.385 136.411 239.19 
92.6968 168.105 301.249 53.5438 44.6435 28.1768 43.7368 127.417 54.1333 50.7987 152.448 241.366 35.451 132.833 102.037 45.7379 96.5913 223.098 160.517 248.771 41.6207 33.1065 59.3474 125.122 236.23 115.776 91.2182 56.9937 176.816 64.4538 39.7135 57.1571 53.2653 237.992 66.9699 136.444 28.4579 134.601 31.944 218.193 40.814 143.66 68.0658 68.0751 73.0148 226.654 206.756 71.6536 143.241 290.433 82.3862 27.4035 6.10366 4.65296 167.057 24.7231 233.926 42.5781 50.0056 23.0963 266.715 91.9517 128.329 69.19 13.8306 38.6313 43.5648 170.247 81.1302 63.2946 31.3104 177.43 127.95 60.9086 41.0003 39.3244 109.99 157.69 117.913 111.038 129.581 149.476 308.585 15.6548 63.4812 6.04529 52.9193 6.75538 36.4023 84.715 135.247 40.9575 36.2881 70.6675 77.1263 31.1253 65.8372 170.934 54.6985 30.3269 96.7605 291.191 26.5173 31.7816 22.7835 65.7421 159.91 35.4088 69.4841 217.901 59.9653 60.9197 37.8744 74.1325 107.599 30.3153 76.7178 170.484 124.969 25.6551 56.9048 72.5092 138.361 52.719 58.5457 124.277 32.6236 21.6951 81.9575 187.125 163.689 95.3833 76.7741 171.802 240.846 200.555 49.5027 278.079 175.181 113.802 12.2164 243.455 311.772 184.685 92.0115 40.6504 83.6565 28.2888 11.3938 92.4613 24.3931 47.2639 191.707 78.4286 169.87 130.788 70.5467 20.3509 110.872 86.9128 185.895 83.0753 129.451 121.145 39.5216 22.7662 56.3005 100.994 119.387 108.478 142.716 19.4249 138.767 142.814 272.505 62.1839 201.099 106.328 54.6005 138.484 127.563 180.313 84.7534 197.468 48.886 52.6324 166.128 193.897 68.3706 102.821 29.1257 18.5817 82.7687 146.918 96.2023 24.7982 83.2386 140.114 58.6011 122.886 72.0418 101.315 26.7875 37.0094 73.7026 225.636 81.1901 70.4046 89.4534 45.931 140.739 61.6315 46.4785 43.8741 99.3858 88.5598 47.5986 155.576 37.1433 119.48 51.3671 205.275 46.8337 96.6775 111.977 185.774 19.7329 38.7771 162.211 16.002 164.805 67.8526 225.052 139.597 12.1738 53.0559 13.9683 137.132 144.844 35.3733 141.793 36.0617 48.0848 31.4037 103.083 100.332 256.133 221.773 134.052 258.809 99.985 128.964 209.8 120.177 65.1346 161.426 49.7704 209.092 119.123 145.605 148.154 230.607 228.717 79.6073 59.7653 144.176 230.815 47.0973 64.5597 75.982 21.7783 39.4861 26.9886 65.5445 45.2989 153.435 108.508 147.31 11.4629 186.889 71.5427 157.74 11.5216 32.8711 89.2293 93.9832 259.811 128.551 64.4573 200.469 17.909 217.649 116.166 77.9184 152.451 12.3802 276.384 94.923 76.6042 51.9181 
110.426 131.257 235.58 122.792 190.769 12.3282 27.1817 50.6566 53.2348 152.745 168.041 145.915 92.7611 192.839 128.027 33.7046 121.741 196.392 67.6109 108.018 54.823 79.9251 79.3688 50.8321 191.185 257.824 25.4713 77.3452 123.497 162.558 59.8773 111.764 206.724 165.681 83.0411 154.429 60.4403 48.8685 33.7298 199.532 87.4002 112.537 101.28 74.1861 86.0701 338.879 232.883 174.443 71.8289 149.377 236.214 6.4465 117.386 37.2448 201.054 140.076 230.794 106.118 86.21 45.4277 305.486 87.3727 296.883 165.423 35.2698 116.723 115.833 215.588 106.886 158.268 49.7719 118.156 175.394 102.627 18.1751 23.3398 131.546 149.453 264.492 64.4863 25.1695 105.978 168.746 13.8226 77.2766 173.521 41.3099 101.392 37.574 30.0385 168.486 32.2933 37.7107 93.7045 24.9835 77.3822 39.6142 166.475 71.5762 70.4439 51.2193 124.27 75.3121 29.3749 97.1465 66.9406 120.7 50.3616 91.5666 150.953 170.009 103.883 15.5214 86.1467 58.0907 41.8894 127.775 126.326 217.848 38.889 30.177 56.6357 238.132 30.5611 167.654 142.906 46.5612 94.6368 96.5695 45.0297 205.597 147.645 56.4424 222.672 174.417 242.094 63.1724 125.123 225.961 134.078 37.3472 262.796 171.844 206.056 114.847 1.3143 176.066 2.60037 23.8448 120.119 116.717 25.5065 304.451 53.7876 112.598 79.7578 51.5812 38.2564 115.105 222.706 281.758 24.5183 85.7339 313.667 220.281 32.8872 30.6962 95.8966 130.515 56.447 102.8 90.6529 130.349 162.503 150.145 25.7998 215.083 121.732 25.1135 127.254 184.028 272.238 112.397 239.727 76.1681 64.5119 170.649 192.839 115.108 108.343 53.9894 55.7226 90.2465 70.0562 41.5589 118.241 49.2699 82.7306 173.519 105.08 67.5137 96.1666 42.3705 82.2743 94.9376 165.143 130.242 92.1293 206.796 125.971 140.657 189.112 64.9854 93.174 33.3368 109.478 211.144 96.7629 9.04237 139.708 66.1878 166.794 189.946 61.573 133.239 32.7926 41.6633 108.169 218.27 20.3103 162.938 191.403 93.2433 97.6808 17.2127 75.4815 74.5222 61.5044 242.631 119.559 95.6372 135.168 67.1059 11.5757 281.009 181.838 76.0224 115.849 43.0164 332.217 136.384 295.419 149.243 117.665 32.538 169.807 186.37 36.6283 63.0187 295.051 33.8018 169.461 228.486 67.0429 204.242 131.014 185.137 34.9014 27.536 177.383 69.069 162.291 110.285 92.0664 99.3212 102.533 286.957 71.8178 85.5027 121.755 174.819 85.1694 68.7368 50.7672 31.4697 153.566 203.872 101.509 63.479 113.878 27.1384 96.8882 97.7541 80.0673 140.548 123.253 114.446 75.7808 54.7088 186.236 
56.0681 135.571 250.425 97.8336 136.939 14.5823 16.9421 41.2308 21.078 88.3773 152.176 175.733 62.9129 156.343 114.791 36.8681 89.6915 197.144 94.9935 154.523 48.7915 62.849 66.9887 27.4232 198.379 205.084 39.6178 64.591 127.892 122.259 50.0797 65.4281 151.731 181.979 74.4976 133.21 31.5343 74.8036 13.296 199.789 46.2567 110.203 81.9357 68.566 80.1747 293.257 210.988 137.936 94.4009 196.028 181.408 10.6326 73.2907 22.4675 184.592 81.1512 222.865 83.5588 71.4162 25.5946 285.62 85.1405 236.48 131.216 19.6914 85.4063 58.8354 184.672 94.8843 121.94 37.7266 132.77 150.956 75.7251 22.0542 24.265 109.45 146.275 208.195 80.1317 31.6481 116.369 214.763 4.20328 70.7459 110.4 42.9416 66.286 33.0816 21.1826 132.088 27.1551 35.5751 83.4309 29.0445 60.959 45.6875 153.558 64.4096 52.1117 39.7469 179.893 56.6676 27.9365 67.9951 39.362 107.061 43.4855 80.6728 157.581 126.218 87.1094 18.1604 80.6182 74.0019 35.4138 103.298 123.19 179.398 15.7991 38.1231 58.3975 196.066 30.5831 128.237 101.894 40.6201 65.5271 69.6292 64.2399 180.591 115.645 35.8402 189.394 186.552 222.26 56.676 175.623 196.579 118.396 26.4421 245.989 217.134 194.936 88.2862 14.5829 141.094 9.46156 11.4601 104.773 66.2304 31.6865 258.629 20.1008 127.909 32.5236 21.0277 20.0521 62.812 172.185 243.103 38.4234 62.9967 244.59 146.526 14.4211 38.1023 93.6318 115.364 14.2387 97.3485 59.2276 126.605 138.989 188.501 7.41544 198.174 67.6346 20.4551 124.381 152.914 234.386 99.2772 219.527 65.1807 57.8815 153.22 185.662 95.23 36.1014 44.3226 42.1098 57.4615 88.2577 42.9798 76.311 41.3756 101.797 119.445 59.2789 65.4819 94.796 35.6832 63.7442 48.5918 174.671 101.114 82.9111 151.983 87.0896 122.878 143.771 56.9816 73.2054 49.8706 99.9784 152.145 93.7261 11.7273 125.712 49.8211 168.774 126.789 64.8414 123.964 63.5624 25.9987 82.9038 186.288 9.27526 158.97 147.235 136.44 70.7613 7.01694 39.4598 50.7659 86.8094 203.176 87.1595 106.381 99.8792 54.7447 8.52008 217.273 136.537 136.399 144.047 65.2677 298.894 113.925 234.938 158.159 94.8902 35.126 154.621 134.142 94.5916 57.0253 237.474 69.1883 178.569 221.733 14.8263 151.168 88.9705 190.013 37.271 28.0651 140.109 51.5952 99.5238 71.7861 79.7326 56.2358 108.414 223.552 91.1674 57.1816 108.5 132.938 109.054 48.1764 34.9189 50.1199 101.524 210.811 107.054 26.4558 142.297 16.3581 131.281 46.686 71.9844 138.144 75.4411 166.728 45.376 37.8219 138.404 
224.3 55.4176 116.199 83.3706 153.293 22.1989 78.6992 144.179 118.853 220.576 3.31127 137.948 70.4584 62.2407 28.7275 19.9889 82.0049 58.8833 114.193 180.421 15.9316 53.1654 17.2508 198.695 77.6528 157.741 84.7822 18.9182 79.0073 98.0846 17.712 117.312 170.505 101.985 16.6777 35.0118 97.1169 104.003 57.7532 64.896 140.135 55.3394 33.3316 6.69716 31.7466 134.068 10.2328 134.322 93.2653 192.994 185.268 27.5893 130.746 44.7852 58.8815 172.024 47.3178 84.4619 37.0699 74.5774 95.2792 18.5098 207.823 124.684 40.3164 79.314 165.728 37.8269 29.3662 98.2019 24.7739 82.1429 39.4817 57.585 30.8667 24.9796 42.0244 34.7733 152.8 70.569 174.482 63.889 197.203 27.6793 23.2475 191.173 17.69 100.427 10.2886 130.048 83.861 29.4117 5.17121 29.0111 112.281 61.7608 34.1658 31.5586 25.7016 41.3664 101.509 214.248 50.1671 6.03542 77.0715 144.746 103.736 14.5078 21.4837 97.3023 111.256 48.5655 32.292 31.8358 67.7286 9.52561 47.1196 80.5015 92.7978 64.9483 34.6357 23.8424 97.7222 37.5752 122.713 117.719 16.0786 76.2044 75.0773 260.134 29.7688 60.8077 146.041 43.4173 94.2148 72.912 16.9671 198.015 37.5263 12.1394 26.485 42.0548 195.039 71.3736 64.0906 46.2596 100.256 35.4336 33.8311 21.4201 146.306 27.9753 124.122 116.06 81.5252 236.015 136.438 64.223 248.747 145.507 114.414 73.6641 131.478 227.467 257.474 60.7638 33.2136 21.2372 20.8853 160.508 81.0175 111.904 25.1599 41.8642 166.068 89.8691 7.97949 250.009 88.1297 27.169 49.5449 104.629 29.24 70.7957 31.3988 11.3469 33.2983 38.2473 45.5824 228.233 26.8808 40.0406 185.07 97.0409 146.358 147.365 140.374 86.8989 129.542 251.517 12.7576 26.942 15.4555 44.775 127.536 85.9037 56.4374 33.1466 123.111 91.7475 50.8559 156.391 21.5514 48.9812 82.0033 35.4794 203.808 107.279 52.2756 12.7699 39.6692 60.5364 159.76 51.846 51.7992 246.501 38.4732 76.695 44.3368 30.2847 46.4977 145.71 166.172 141.55 27.9191 141.361 63.6213 98.8513 104.287 86.293 63.71 117.634 20.7018 37.901 209.147 93.852 218.338 133.847 113.656 101.03 33.3129 194.465 84.7989 78.3815 49.5977 13.5993 140.615 203.356 192.727 158.707 136.063 87.0437 60.7018 148.729 153.396 292.965 71.6044 17.9528 60.8125 113.792 50.0526 215.305 97.6103 25.6264 110.119 72.7236 227.841 94.5219 78.1514 312.699 103.068 101.54 61.4558 38.3635 70.4912 127.684 85.046 46.9619 141.914 125.036 48.3452 149.182 238.266 15.085 32.6349 135.421 202.637 115.511 142.291 162.364 
162.546 148.183 266.808 30.1406 32.9248 30.1844 65.2044 154.09 90.1604 129.656 112.879 233.677 29.7927 83.4128 69.038 41.4978 86.8868 187.028 167.169 258.898 27.3919 15.5656 38.4508 176.411 205.489 48.9974 103.44 36.8768 164.383 8.66631 22.1595 75.7801 46.4193 218.746 45.5873 103.284 61.9067 143.682 46.2908 180.851 89.0981 128.999 41.3874 50.6248 54.1194 136.431 150.472 54.0289 144.591 293.216 60.9644 31.9615 58.98 22.218 119.15 88.9362 185.325 34.5947 24.1535 48.1256 197.933 74.1963 78.0458 49.8764 23.5393 6.43332 100.433 115.418 53.077 14.2221 21.5372 165.524 79.1071 43.4008 43.3834 39.4059 83.1407 127.582 36.7696 109.719 169.673 136.713 307.511 22.81 44.9869 84.4077 46.6346 37.7249 29.2399 117.486 109.572 40.7431 27.8348 46.5452 103.804 25.4773 63.3123 137.946 37.31 11.4789 112.515 304.221 4.15459 26.1393 16.4927 108.574 156.489 21.2805 44.8967 202.738 3.13905 32.1979 41.5598 55.4528 107.159 18.7919 38.1232 158.399 58.2871 45.4913 56.5707 63.9193 65.0452 54.2776 31.3816 122.489 20.1254 18.0968 78.8116 247.379 109.641 60.4478 117.388 114.415 218.317 143.063 33.3556 287.632 114.786 80.7141 5.91134 182.832 309.423 140.516 77.2161 49.6433 33.8721 35.8633 21.7104 60.1249 77.8216 46.7417 106.367 104.986 159.001 196.277 109.691 42.025 185.703 29.0495 110.812 92.7551 146.476 72.0058 124.993 42.4284 55.567 81.5732 90.7657 147.065 137.053 57.6319 112.483 108.78 269.516 83.7653 151.422 182.64 77.0999 113.505 76.462 105.995 54.7943 140.002 28.1351 36.0582 131.354 152.919 33.2279 172.013 13.5099 7.77986 136.914 150.145 131.379 76.3314 119.024 137.628 42.6948 195.73 58.4613 82.3079 14.3174 8.83236 99.7516 203.881 50.3109 48.039 38.0308 32.625 117.077 54.314 29.175 12.7259 108.422 62.4792 79.9919 158.02 49.4354 84.6019 43.8171 178.175 52.5446 93.3068 83.0972 240.892 23.189 17.8733 102.844 23.2186 131.634 45.045 235.826 157.033 20.1208 98.4174 17.6544 142.176 74.6851 9.85212 131.68 39.518 31.4671 39.0499 64.1998 59.6324 281.34 221.006 147.506 175.541 64.2216 65.8776 191.845 110.907 68.7848 123.749 21.8861 240.67 167.087 58.1184 167.332 208.133 181.313 120.592 28.307 226.256 201.203 42.343 72.9539 33.4701 8.29301 117.724 36.8863 39.8756 67.7109 144.529 86.1673 149.326 25.2313 263.861 10.1236 157.603 18.5051 30.732 95.7111 94.6913 228.51 113.196 107.49 198.104 33.0653 224.388 186.01 61.5161 124.85 61.5275 289.307 113.619 115.364 56.3779 
39.8932 147.115 267.974 96.7245 133.654 17.2905 13.1395 56.3786 11.9799 75.5619 161.719 189.855 64.0796 164.59 119.466 39.5147 98.0383 210.505 106.802 170.184 50.452 62.251 70.5592 26.4149 212.939 204.526 48.1709 68.0997 142.178 123.102 51.943 68.0856 147.157 197.824 77.6985 143.122 25.5663 84.844 15.3342 211.536 37.5665 121.832 86.017 72.444 82.815 299.812 223.278 134.817 103.534 213.05 176.818 13.2695 68.1859 20.509 191.446 74.2374 235.902 81.3933 72.7743 20.7365 296.626 90.5243 233.188 128.523 19.5739 85.2343 51.8577 195.282 98.243 121.766 39.8315 144.529 157.308 79.7565 25.8503 27.9159 117.702 155.295 208.778 86.0277 39.9005 125.886 232.457 5.2767 73.2944 102.671 46.4738 63.1421 35.8823 21.2511 143.067 31.2502 37.6259 86.1237 28.5279 59.3647 50.5284 165.917 66.2607 53.0968 51.0653 198.042 56.3404 30.173 66.9143 29.7513 122.604 44.9584 83.8345 175.013 126.145 88.3341 21.9562 83.3371 80.4641 37.094 106.827 137.91 182.997 13.9855 41.9204 63.4093 200.432 35.7722 125.934 113.474 41.7468 64.5207 77.1208 67.1125 189.578 121.714 27.7395 199.983 203.142 230.349 58.754 192.928 206.152 125.446 26.5367 258.947 235.447 202.325 95.9518 17.4431 141.466 10.9096 10.7353 109.63 60.4411 34.9465 263.999 29.3585 138.664 20.1531 11.6522 15.8752 45.5218 170.984 248.251 45.9062 77.7131 240.339 133.888 10.4664 41.9052 99.4768 123.774 28.9587 110.544 53.4025 135.161 149.554 205.277 15.3734 210.433 50.2482 18.1347 133.077 160.011 239.866 102.914 227.549 66.5049 60.5056 165.374 196.437 97.4891 21.612 44.8034 41.4698 45.6881 100.21 40.1484 68.6048 36.1135 109.338 120.474 43.0003 69.9854 100.242 36.6166 64.4468 53.8858 190.607 106.153 85.2894 155.113 88.3016 134.297 139.291 58.6508 74.0414 58.4666 103.343 144.278 108.997 12.4118 132.452 54.1029 182.994 125.605 73.151 127.809 69.2591 26.963 81.6852 195.322 10.1614 167.28 143.969 151.039 86.48 6.84488 29.5418 49.6012 95.1363 206.931 86.254 115.952 96.1411 57.8548 12.3237 212.949 142.25 153.711 160.347 77.0722 308.957 120.013 232.881 173.629 106.054 41.5332 165.419 132.207 109.56 51.0732 239.052 80.745 194.972 233.393 16.3102 148.37 71.9386 205.431 40.377 35.0681 139.204 50.8189 87.7788 71.0253 82.5112 57.2871 120.839 217.696 102.578 55.2718 96.8733 133.829 118.158 46.3322 37.4594 56.3124 108.446 228.382 114.728 15.6476 153.603 13.1473 147.49 29.9641 77.6582 147.328 70.9388 185.094 56.0264 30.5213 133.191 
183.447 74.5354 156.349 68.3963 113.331 19.8146 66.623 119.055 96.5619 174.346 35.2389 155.118 44.2553 17.6776 39.3085 25.3505 46.3809 96.5578 113.326 183.407 18.8049 42.381 7.05551 167.727 111.256 125.647 75.4292 5.32129 83.0731 66.2784 12.5525 79.5524 131.246 124.57 24.2134 16.823 76.8512 100.654 43.6625 102.297 111.128 57.6807 11.1347 21.3445 40.0297 130.79 52.5915 111.481 98.1421 204.645 148.683 24.1858 98.4651 34.0983 79.1251 129.609 93.4435 70.1023 30.1991 60.0672 131.736 36.2614 171.452 103.555 28.5047 54.6821 126.266 18.8194 34.8622 72.7858 10.9316 97.3495 36.7839 28.4262 28.1215 22.5329 13.349 64.7054 115.906 77.2654 149.595 79.5219 212.961 21.4671 30.5131 144.977 24.1116 74.2235 7.50527 110.702 39.0117 22.1871 12.8489 33.5951 98.0275 51.3095 37.2093 44.1999 29.5377 25.179 81.6733 217.098 36.5062 9.92629 54.4031 120.688 81.9592 14.2626 25.5566 103.538 77.3628 42.3148 28.2372 40.594 72.9771 5.7813 27.5299 75.5001 73.117 49.7945 36.9434 31.9398 75.5939 32.3588 96.026 74.2385 16.5035 53.3851 46.1161 227.208 39.8133 22.5542 123.498 18.3469 117.526 96.6312 21.4874 202.911 40.608 20.4533 17.4063 89.9245 211.486 96.5682 32.5008 41.0035 79.5179 31.1536 25.2407 24.3247 110.134 29.8642 112.2 90.8369 96.6732 196.338 112.759 51.3044 205.962 111.402 110.129 66.5639 101.875 182.929 203.547 48.3137 35.7023 40.5987 19.2737 129.626 69.4648 88.8697 51.4865 17.7918 180.269 73.9042 55.7707 206.491 75.7979 52.1051 23.769 100.138 34.2956 93.8401 29.2627 17.7288 34.7076 76.7559 35.6862 182.168 22.0426 30.5056 155.169 95.1696 128.15 116.697 121.55 95.8933 83.4082 210.198 26.2573 45.2698 13.1369 30.9569 91.6735 106.615 22.8551 38.0787 73.9126 57.8892 35.22 125.564 22.8199 34.943 75.6846 44.6249 161.513 91.164 45.383 32.1142 20.7834 84.9156 108.925 50.3384 63.6339 216.256 25.0811 59.5697 31.4681 22.3183 75.7325 116.314 167.126 108.353 21.1182 114.832 45.2569 101.262 89.2189 61.6271 75.8703 92.792 4.29104 31.3441 167.18 46.4332 209.052 139.263 103.963 123.249 10.3829 157.921 99.7739 51.0977 43.495 36.5785 100.813 186.801 167.711 124.981 125.354 107.838 102.171 117.533 115.04 248.328 101.101 23.1817 51.297 90.5489 37.5063 169.774 66.7834 25.8129 76.4787 75.817 186.628 95.007 56.6301 273.36 70.9492 109.234 46.3206 22.5201 68.6974 78.5432 116.037 64.4672 115.643 136.674 39.8 149.12 197.209 16.3327 60.7009 100.149 203.426 86.5595 121.158 128.888 
156.546 111.405 197.769 132.684 215.649 10.3934 43.4516 69.493 78.7013 195.78 159.978 107.435 104.856 197.448 124.685 27.559 130.626 172.999 37.746 60.0513 53.9532 86.5985 79.3816 95.4811 163.127 276.448 22.9522 77.8043 104.09 176.926 60.7681 133.288 233.184 132.583 80.6851 151.105 80.1119 22.9704 45.1621 177.788 115.668 99.6817 103.954 69.9699 82.7788 342.238 222.264 191.195 45.985 98.4802 261.8 7.72366 141.942 45.8222 193.913 173.672 210.992 116.868 89.1434 60.1596 291.195 79.0173 321.677 180.733 43.0788 129.16 149.545 213.273 105.196 171.59 52.812 92.2888 174.636 110.485 14.3413 20.2223 131.696 134.932 283.392 46.9279 65.731 85.263 116.723 19.487 74.7411 208.948 34.929 119.644 36.1767 59.1584 174.666 32.6474 35.0551 92.3592 47.1853 85.2329 29.7642 155.179 70.4296 76.7027 61.3539 67.8814 82.6607 26.7623 110.18 95.7285 117.497 50.3756 90.1854 126.223 186.891 107.314 14.2823 82.5663 39.5871 41.989 132.26 112.715 225.686 52.467 20.2899 48.1243 246.283 28.0599 184.771 156.266 46.5862 107.708 104.912 99.4373 201.211 154.098 85.7303 221.399 143.022 233.692 61.7397 72.4298 222.574 129.999 41.7367 246.629 119.13 195.28 120.386 10.7746 187.334 10.7085 30.7322 118.326 145.524 17.4792 310.655 75.7732 87.4085 131.549 81.1465 51.2557 165.648 242.22 285.291 18.344 98.382 343.375 266.077 45.6526 21.1215 86.6665 125.702 89.2855 94.8029 110.88 117.737 159.825 103.669 44.8889 202.504 172.023 43.0299 114.194 186.392 275.328 110.796 231.694 77.4874 62.5497 162.253 176.732 118.639 157.552 56.4569 61.5126 125.676 47.8421 68.0606 145.153 75.0524 60.6415 195.669 156.431 60.9899 86.7651 43.2066 88.1907 118.422 136.691 136.706 90.6556 225.643 141.504 136.049 211.405 64.7548 99.2457 21.1942 106.311 243.855 90.095 20.4247 134.351 70.1983 144.203 218.379 51.4823 128.541 85.3307 48.5078 118.791 217.457 26.186 148.908 211.394 48.8215 111.565 22.9609 104.213 85.6472 35.674 249.759 133.191 75.3878 153.152 68.3577 17.6608 309.197 194.709 19.5916 78.9558 28.9501 325.176 137.229 318.599 123.002 120.292 29.002 160.445 209.122 16.6775 98.0573 312.275 14.3599 140.723 209.471 98.8458 227.649 186.402 158.413 28.7774 29.7837 191.345 76.5385 203.041 128.011 91.8708 120.22 84.7522 317.044 47.784 99.4286 173.88 189.426 58.3379 79.0711 56.4111 12.9612 173.834 173.055 85.609 93.7432 80.972 36.4621 57.8527 148.078 76.0687 125.945 149.005 59.8865 92.4547 82.4613 210.75 
218.167 55.4054 118.93 81.9743 148.775 21.4409 76.7115 139.055 115.398 214.279 2.50987 137.796 67.1888 56.9179 30.3286 20.2921 76.4716 62.0337 111.95 177.968 16.4618 52.1234 15.5484 193.271 79.6909 154.755 82.2576 17.0201 76.2138 94.6317 17.108 112 166.161 101.915 17.7523 29.4824 94.2503 101.793 55.5207 68.986 136.041 52.5667 30.6945 8.71148 33.1065 134.961 14.4409 132.075 92.2542 191.496 181.468 26.7622 126.634 43.3927 62.1494 166.402 52.8839 83.0215 36.5239 72.5302 100.932 20.355 204.407 122.634 38.6881 76.5674 160.211 32.8082 30.3484 95.6053 23.0275 81.9268 38.8813 53.87 29.8603 23.9615 37.1097 38.0128 149.21 70.4587 169.685 64.2356 196.183 26.6719 24.4417 185.345 17.8147 97.1999 8.96186 126.596 76.8902 27.7558 6.17554 29.9019 109.657 60.7121 33.6014 27.8939 26.4629 39.5211 97.4469 211.321 48.7126 5.78119 74.4335 141.078 97.953 14.5725 22.1083 94.0972 107.548 48.2049 31.1725 33.2478 67.2736 8.90795 44.9506 76.3681 91.1006 62.6948 34.2425 23.7926 95.7418 35.979 119.954 110.597 16.2912 73.5184 70.3859 253.868 29.7058 56.2056 142.427 38.346 93.8517 76.7751 17.724 195.519 36.519 9.71835 25.4239 48.7558 193.989 75.2155 59.1698 45.0775 98.3715 34.5508 32.6017 21.33 141.466 27.6167 123.768 111.714 81.5977 229.454 132.622 62.3785 242.224 142.069 114.977 71.5518 125.617 223.031 250.698 58.9201 32.8378 23.2969 16.4644 155.053 76.7463 108.955 27.3766 35.9253 164.948 86.9845 14.068 243.468 85.9956 28.9657 46.1301 105.067 30.1206 74.5564 31.4259 12.1948 27.9961 42.9733 44.7099 221.11 26.4932 39.0361 180.575 94.5896 143.118 143.417 137.225 86.8224 123.951 245.041 13.795 29.0795 15.2919 43.3387 122.018 85.1622 52.4164 34.1261 117.437 87.6286 45.5943 153.106 21.9272 47.5678 79.7529 37.04 198.911 102.412 50.9764 14.6564 36.7988 60.3955 153.54 49.8874 53.7863 240.538 36.6497 74.9356 41.5766 29.0593 50.2511 142.683 163.649 135.071 26.8957 137.467 61.432 97.6556 103.317 83.5489 63.4576 114.878 18.7241 36.6053 204.88 88.1737 214.019 131.482 110.468 104.982 30.0834 191.054 83.2912 72.89 47.7242 9.88013 136.124 198.601 188.447 155.67 132.733 86.1563 66.0804 143.693 149.224 286.064 72.2671 18.0414 58.5736 111.579 48.7063 209.288 93.7603 25.8086 105.426 70.3531 223.638 92.4596 75.5488 306.185 99.6461 100.953 59.6943 36.1172 69.1492 120.741 85.4015 48.0957 137.848 124.623 47.115 146.225 231.796 12.6306 35.1607 130.887 199.415 110.386 138.886 158.667 
255.778 59.1105 77.8039 141.632 252.779 18.8205 80.7654 145.697 134.238 281.817 125.777 8.71308 125.666 192.845 101.147 8.43821 152.961 95.4705 56.0115 71.1765 45.0675 92.9244 72.305 198.194 76.1128 289.734 68.5198 72.3223 80.1308 192.877 56.2911 179.009 271.982 47.4009 65.118 136.24 120.597 58.0299 72.4279 100.464 173.771 80.2882 101.694 51.8419 64.0843 308.177 173.785 210.976 26.1762 50.332 295.099 23.3478 187.442 62.1631 151.441 238.795 136.434 130.344 85.711 90.562 218.174 49.3278 345.642 198.023 59.0423 145.668 218.388 189.345 87.9856 184.576 56.9487 27.6894 153.291 122.848 24.6761 24.4087 127.25 82.8691 296.778 15.9209 162.577 26.7919 40.9053 33.0172 58.9201 273.91 17.2779 151.81 32.301 126.796 187.372 40.8032 24.4624 77.4515 103.557 95.1027 15.9146 122.145 58.699 84.4499 110.31 86.9591 91.3478 19.2145 130.393 159.073 139.991 44.3801 75.954 94.0979 207.75 102.732 28.5574 63.1686 13.4678 38.05 129.416 104.452 218.273 81.826 9.15963 25.9757 237.437 38.6856 205.648 194.947 40.8723 128.442 128.405 235.757 168.942 158.566 152.497 199.072 65.4916 182.999 50.4781 72.9417 190.729 108.318 48.2952 176.869 35.6399 143.354 133.246 38.2316 192.893 30.6508 45.222 100.927 201.916 8.39378 287.984 134.098 18.2054 248.096 146.928 78.224 276.055 262.112 258.768 56.4162 156.618 377.003 350.734 72.7705 8.72975 53.6979 107.142 173.395 102.92 149.137 74.7715 147.124 28.5513 93.0411 151.753 281.007 85.9032 71.1256 174.189 249.02 93.2853 182.225 71.2159 50.2961 136.066 115.498 113.388 265.188 55.7613 68.6999 203.762 58.4365 137.055 196.279 138.335 17.2086 231.721 270.757 39.0432 52.2684 40.1075 92.8246 174.544 69.8427 142.17 75.5622 250.057 166.766 127.361 242.577 56.1399 102.823 58.3101 84.9132 297.736 117.615 48.0591 106.716 79.4333 83.9409 266.756 48.6908 100.67 218.153 62.3769 131.222 193.581 39.9131 94.5694 236.467 71.2703 173.054 35.6768 165.138 103.924 36.7743 237.098 151.936 26.3648 180.317 66.3142 38.156 343.146 210.667 127.926 56.0033 83.5051 266.691 127.417 338.444 70.4011 136.898 45.9574 126.065 241.987 145.157 186.154 317.657 95.4644 74.1411 135.098 172.121 259.387 312.036 83.3308 12.0349 58.9657 203.297 86.1879 282.36 159.357 80.3968 163.825 65.6538 355.561 48.923 123.106 306.625 204.257 22.0496 95.7406 68.5513 37.3529 217.498 89.3608 35.6405 159.709 22.4359 56.1912 71.9153 259.265 63.4777 76.1578 197.118 88.2272 145.316 146.728 247.612 
146.506 68.0642 153.756 81.2525 122.019 11.4482 51.8327 70.9861 74.0683 148.724 64.819 132.253 43.3126 62.5781 64.1069 23.9144 22.1967 106.437 81.0616 141.094 29.1067 50.9627 27.9672 123.424 111.305 157.707 47.7915 26.0655 55.8209 84.5383 26.0672 58.1718 141.227 107.363 40.5145 39.6446 62.9402 70.9141 28.8425 117.17 91.4037 38.8995 34.3376 33.5933 52.6384 190.939 95.8994 125.063 77.0907 166.139 165.172 15.4776 89.404 30.1193 112.61 111.479 119.594 77.5382 45.7159 50.1092 177.836 44.4106 200.717 117.251 22.298 64.1367 101.597 74.1117 55.4535 91.2568 14.6935 82.2141 76.8233 32.0801 16.6968 11.8184 28.6272 78.5376 151.208 66.3072 105.859 70.9731 176.675 14.3773 43.4572 133.424 22.4925 70.6647 8.60819 81.7689 27.657 6.56915 18.1397 50.8288 75.0109 56.6874 27.9408 53.4536 41.575 32.3061 43.8283 167.131 43.8216 11.0608 57.725 97.5104 27.1385 24.713 44.4157 71.0211 93.384 59.551 16.2292 52.949 59.5688 16.226 54.0702 40.9242 112.86 37.0187 28.7929 29.0075 120.322 15.8113 110.053 29.7347 25.2087 55.7711 18.6149 170.333 85.949 46.0697 97.8902 76.8592 101.196 136.696 33.2665 157.558 93.1269 49.3603 19.3097 130.577 174.753 125.112 18.2065 28.8257 103.757 22.5607 19.2706 51.5505 93.4689 22.9473 167.157 56.8948 83.3918 147.376 85.6458 41.9623 164.866 135.47 159.659 42.6653 49.0833 210.826 189.153 37.7816 27.8296 49.5426 38.533 85.1812 29.8352 81.0727 62.3416 38.8033 146.79 49.6168 89.7649 166.829 58.551 60.8132 69.3937 149.819 56.6608 134.132 42.7347 30.5609 48.4554 99.3779 57.7593 136.387 30.6543 35.2147 127.729 63.41 100.827 105.791 97.3178 82.564 86.3958 166.543 31.6781 54.2229 21.4715 42.4887 58.5315 90.3306 42.1109 53.5561 93.0581 60.2231 25.214 136.178 35.0187 48.8404 49.0818 62.7676 163.01 41.7651 33.728 59.8909 11.8343 79.8993 107.193 29.8511 82.8613 160.265 19.5546 69.3581 85.3883 14.8452 93.6436 130.964 126.452 50.8045 15.1549 92.9411 45.8677 79.1768 132.339 70.0552 63.7367 97.9579 20.5488 19.4481 190.281 65.0567 151.862 101.87 66.9534 182.554 46.6686 190.59 79.1385 3.07314 23.4215 60.2364 111.486 131.672 133.547 168.524 86.1446 90.9311 128.543 82.1574 129.281 202.986 96.6669 20.9111 28.6476 110.92 42.9983 149.434 63.0331 44.9833 57.8052 50.6244 206.515 66.1699 55.6669 223.917 92.0897 90.157 47.3944 15.4355 49.9221 54.5047 107.736 63.596 89.2387 115.125 33.2641 106.292 153.231 23.0961 71.2531 89.5614 152.526 45.5751 96.7473 136.183 
147.308 91.5297 186.21 63.0686 88.4155 18.0849 55.5524 97.5816 76.6741 135.594 65.7665 166.491 24.4858 33.0583 56.4422 29.2604 21.4499 125.559 111.784 183.087 24.9893 38.3843 20.1674 139.193 137.285 117.095 67.2944 17.6249 91.9704 52.4727 18.1442 47.4189 107.394 142.76 35.89 41.89 59.45 96.9866 31.3713 130.639 86.249 67.3804 18.0878 33.7795 49.3598 154.835 93.7152 100.567 100.794 210.677 129.297 21.1692 73.0218 25.4652 103.646 94.7823 129.271 62.7896 33.3561 47.6205 169.373 49.9273 157.49 93.928 18.5201 41.2628 92.6252 59.2474 47.3387 63.2732 2.2155 109.302 59.7514 6.3534 26.1935 21.6122 26.0112 87.6582 106.457 81.214 126.476 91.5592 222.057 16.0027 39.7128 108.986 29.5189 54.5266 12.2118 92.7551 21.4906 18.3635 18.9733 43.6658 84.4828 45.971 39.9944 70.1699 36.5401 17.0413 65.6444 216.068 30.0591 14.4648 39.5124 99.2133 72.8734 19.5264 37.2503 114.838 60.4898 45.851 25.1057 50.0635 76.0924 11.6818 32.5149 80.6557 80.4728 36.5601 38.4625 39.2472 84.7218 29.4297 82.8893 42.4009 20.6634 37.9735 25.2466 195.87 73.1242 15.8469 102.972 58.6069 137.684 125.652 29.1604 203.807 76.2714 45.4422 11.6357 131.109 221.343 121.122 15.4718 35.9994 75.9856 27.0675 17.845 42.3498 80.1971 31.2113 129.881 68.8574 107.976 160.232 91.3507 40.1527 167.822 97.8198 128.878 60.376 78.9453 162.709 161.688 37.3977 37.4384 55.471 42.339 102.205 67.56 70.6009 72.2621 41.323 189.199 59.5705 93.4571 167.923 64.2959 72.1137 45.3764 119.681 47.7725 122.734 33.8813 27.2549 61.5236 106.789 40.9962 141.276 22.7283 25.7231 128.61 94.2296 110.875 92.2371 104.045 101.369 50.7951 172.952 37.0547 59.3413 15.9749 27.1137 60.8368 125.638 13.7986 47.0774 47.5445 33.8669 46.295 107.891 29.0243 32.2045 70.2249 56.9225 132.474 82.9369 38.868 55.7899 8.52509 107.543 71.6078 51.928 77.3819 187.339 13.8371 51.5358 64.4911 15.409 98.909 101.363 165.535 82.8207 15.1809 91.5994 32.3796 101.596 99.7682 47.6266 85.7271 77.2538 11.4727 25.6163 146.778 21.6086 198.392 143.588 95.5814 160.625 31.5404 145.762 115.194 39.477 39.4641 66.9077 76.8438 170.403 144.256 121.853 115.036 127.337 135.225 89.8392 93.7001 208.14 126.21 27.4331 43.7149 82.8943 30.9133 132.523 43.2583 35.837 47.8952 82.3629 165.174 95.5979 41.0048 236.72 58.4915 113.606 36.038 9.31686 66.3545 37.1382 142.801 77.6793 92.1962 143.681 32.3806 148.307 160.244 29.0748 82.475 72.0606 201.387 62.7588 101.842 108.077 
198.128 210.803 358.785 17.4895 60.7787 42.7066 79.2041 217.371 114.598 156.851 178.751 303.956 70.9026 167.034 102.769 55.0912 157.637 261.74 223.568 335.837 39.5113 13.6764 70.0994 224.329 283.909 61.8857 141.399 68.8365 240.009 70.845 41.5461 132.923 44.0491 300.435 68.7304 176.647 77.754 191.281 68.4931 245.849 110.99 194.126 84.3936 76.1539 69.2332 189.593 235.919 7.65265 189.361 377.601 14.628 43.4769 80.8108 29.447 162.778 124.146 262.531 4.63357 41.71 57.3135 263.698 105.694 34.3553 9.60695 39.1156 48.6593 139.254 202.822 78.1148 47.2374 45.9293 225.345 134.634 94.3601 61.0828 57.6875 148.519 179.827 82.9924 139.23 220.066 185.747 395.409 32.6126 61.2788 110.998 65.6796 57.0921 48.3076 148.493 201.245 64.0703 40.6369 65.9234 126.908 3.68443 87.5171 216.682 49.316 41.3256 164.341 393.624 23.1268 39.6968 43.5681 128.222 242.909 34.1747 69.6528 294.606 66.6368 45.4508 58.7585 70.8743 139.101 34.2053 83.8633 239.053 107.606 64.1024 75.1744 91.1489 123.588 79.9567 23.1231 211.859 29.1293 45.9861 138.012 307.521 179.965 128.528 140.124 204.397 305.478 194.271 48.0828 372.77 192.743 133.289 20.5478 264.896 400.176 182.624 141.402 64.4478 52.4369 45.6928 32.0415 99.567 109.459 62.7194 158.439 151.199 213.408 248.143 138.138 51.8735 222.877 51.0739 153.137 126.45 221.172 28.51 132.284 54.7712 74.24 115.61 150.286 203.571 208.621 62.2163 162.973 187.697 352.336 113.603 232.54 217.616 93.7115 164.284 146.754 153.28 82.78 191.438 39.9094 55.0688 212.857 217.096 61.7555 227.031 21.0467 11.3156 157.485 207.29 156.567 84.2433 139.46 175.303 114.357 235.498 85.1097 113.178 24.2354 35.2002 158.171 288.307 110.237 63.4449 127.12 86.5787 193.246 17.5332 42.1707 38.6575 147.788 83.7751 63.3039 235.568 61.9021 132.751 81.0005 257.072 119.654 135.934 104.635 302.008 43.8469 17.8771 182.161 35.5395 179.017 14.9631 307.157 239.289 29.2894 119.44 37.2317 183.358 117.346 42.7156 180.634 25.304 61.2214 54.3877 23.5102 143.842 365.963 300.394 201.204 244.466 120.011 50.5309 273.403 185.002 99.1428 196.136 68.5149 313.845 196.789 100.985 221.53 295.279 248.657 166.433 50.0413 260.691 285.459 58.6846 104.171 35.8533 16.6897 137.979 76.7511 63.7559 115.43 209.16 4.36463 204.235 44.5062 300.993 72.0171 202.796 24.3816 58.7112 125.571 178.693 323.755 153.781 135.546 254.36 37.9836 301.937 229.672 99.5349 177.901 91.7016 378.584 174 136.208 32.1404 
23.0549 166.688 296.756 100.593 141.174 21.3396 7.05217 79.2375 8.85643 70.4649 181.96 209.986 73.4865 187.13 130.788 43.6935 118.94 234.325 122.976 190.55 54.7915 65.2214 79.5625 31.8211 237.62 215.962 59.9866 77.0644 165.943 134.289 57.4629 84.3199 152.419 222.938 85.3207 164.813 23.7609 98.2553 23.6453 232.765 34.3634 142.275 97.4915 80.5654 88.9402 322.012 249.78 137.722 115.998 235.736 181.604 16.8735 71.0987 21.1409 207.501 78.9461 261.011 82.7509 78.6191 17.1978 321.002 100.639 241.429 131.662 23.6579 92.5889 57.7818 220.66 106.963 130.141 46.1918 162.746 174.053 92.8678 31.4894 33.8159 136.651 172.17 223.146 93.9853 51.8707 140.943 256.407 9.25889 79.3586 105.805 52.4275 66.805 41.6444 23.796 169.552 38.8811 41.7506 93.282 26.759 60.3181 57.9169 190.132 71.2245 59.2179 69.6775 221.433 60.2683 34.3893 72.3276 15.0968 150.678 49.1418 91.9205 203.84 136.652 94.4048 27.6057 89.5253 89.3216 41.4992 118.666 163.467 198.31 19.1 47.289 71.9207 217.925 44.2166 131.254 141.2 45.1187 70.0954 95.2416 69.5262 211.015 139.471 13.5255 225.87 230.187 249.401 63.942 215.545 229.597 141.26 29.3964 285.821 260.549 218.252 114.625 20.9695 150.351 12.6413 13.369 121.651 64.9565 39.635 284.138 48.0209 155.081 17.5818 5.07121 13.7561 21.0872 180.905 266.342 56.2045 104.115 249.069 129.782 10.361 47.3568 110.439 141.634 52.4111 133.546 50.8661 151.191 172.812 228.667 27.0045 235.775 27.4617 14.2817 149.155 179.467 258.347 112.37 246.551 71.3997 66.6579 190.125 217.321 106.093 33.3576 47.913 43.6133 27.7682 117.644 33.7256 65.4764 25.9006 119.653 135.714 15.7389 78.4233 110.375 39.8133 70.0899 73.5714 216.876 121.517 91.6696 173.737 100.012 157.478 142.035 63.4612 80.2408 70.3637 111.557 144.498 134.461 13.2729 147.472 64.8779 207.7 139.69 86.6613 136.896 75.3609 32.5032 85.558 218.365 14.4241 183.197 148.623 170.03 115.394 9.79678 20.8852 53.6123 105.898 222.748 92.6121 130.94 97.9713 66.011 17.932 220.338 162.681 175.302 184.013 93.3911 334.573 135.654 243.426 199.027 129.193 51.4928 187.588 141.708 127.977 39.0433 255.376 95.6105 222.109 255.946 35.9709 156.335 42.9827 231.831 45.4508 45.7455 146.394 53.6797 83.4316 79.669 90.2544 70.4864 141.129 222.057 119.075 59.2256 73.6011 145.442 130.447 48.2132 45.3555 64.321 132.214 258.168 127.456 9.15561 169.062 9.46582 170.078 3.48156 89.2087 164.259 76.146 209.217 77.8459 17.3971 135.348 
262.245 27.6042 12.4198 123.198 226.169 21.3462 86.4353 156.832 138.433 276.315 80.6175 67.5731 111.123 149.804 70.0402 4.34354 132.839 33.495 85.4801 126.942 32.5578 80.4972 53.3298 215.23 13.2872 247.025 81.1345 54.1513 68.8306 164.312 42.7221 166.245 244.803 34.6425 44.5655 99.5466 119.714 83.0098 71.9521 43.9876 172.539 61.7543 79.186 31.4642 45.9618 238.914 111.245 188.173 58.5562 119.698 263.727 27.1601 176.514 59.2184 104.976 227.838 69.8687 117.012 68.4194 90.4901 148.124 23.1528 302.492 175.883 55.5387 126.602 212.586 136.466 63.2444 157.891 47.1539 31.3225 111.411 103.621 28.5959 24.9286 98.0235 38.3596 250.535 40.3762 181.973 16.1501 115.175 33.4192 41.2616 257.723 6.61567 140.366 23.6779 139.013 154.815 37.8406 13.824 56.4737 116.079 85.4256 20.4504 79.8864 43.5322 71.6758 114.753 152.383 79.1332 11.4096 116.277 165.245 129.193 32.9128 54.0875 81.1854 179.418 82.9032 32.0646 45.0103 39.3824 28.0912 101.929 89.7537 174.26 81.0974 20.6937 12.5895 188.541 39.6466 181.312 175.094 30.8353 114.789 114.219 266.662 117.119 127.587 161.846 145.1 38.6047 127.597 35.7086 136.12 134.661 73.7214 42.2596 105.508 111.331 97.9088 112.18 45.1808 162.251 35.4567 43.871 71.2796 193.138 16.7549 226.152 137.283 29.1155 263.446 154.434 78.1853 285.904 226.289 201.806 68.4109 156.864 332.025 334.481 73.3516 19.3303 25.0402 74.5538 182.377 94.1157 143.428 35.6166 109.376 93.2888 99.584 92.2845 289.441 93.9632 32.7089 131.637 192.574 66.9714 127.083 55.8737 34.0533 94.0389 60.1602 89.4592 270.77 45.6829 60.3379 211.176 76.4096 152.263 188.924 150.162 48.0218 204.391 283.935 18.8585 25.0026 31.0822 77.6645 168.033 43.0079 115.26 56.0572 212.727 146.51 97.6885 218.915 41.9358 85.4585 72.9884 60.6155 275.743 117.065 54.0388 69.9519 67.6752 41.1968 239.863 47.5734 73.4752 249.543 56.8299 115.007 140.849 38.9482 51.4156 210.118 120.326 171.635 35.1964 167.663 93.7743 68.2524 188.689 133.426 25.0143 164.03 51.197 41.2222 303.641 175.373 179.908 88.5473 103.028 191.679 95.3674 292.608 52.529 118.806 49.7509 80.7815 214.1 184.05 203.871 264.417 121.781 46.1549 73.77 176.229 229.524 327.712 32.6635 4.9589 64.02 174.9 75.7905 273.836 144.409 59.256 153.375 60.1735 318.808 69.3875 112.338 332.653 173.289 60.0344 87.2432 60.5921 55.4182 195.088 37.7656 2.01344 164.882 70.1526 57.0119 109.736 271.081 43.645 33.1604 184.979 147.22 143.52 156.41 225.413 
17.6588 185.654 326.499 92.0555 124.76 26.6361 18.004 108.916 20.5623 41.6202 193.273 239.059 71.956 193.684 134.313 48.4225 129.976 254.502 148.865 227.478 55.6148 59.8433 82.6857 68.6765 261.296 201.426 78.7777 80.1382 190.388 127.503 58.1442 88.1299 132.289 251.286 87.93 176.973 14.5432 121.193 29.9276 249.897 19.9174 161.017 100.425 85.0806 90.8845 319.092 263.66 122.583 136.031 274.283 159.965 22.8357 56.8798 16.2428 212.781 63.5424 278.314 73.004 76.9582 6.63712 330.984 108.141 219.624 117.844 23.4716 86.26 49.6586 231.104 108.762 121.425 47.9183 184.423 178.106 95.9611 38.9614 40.3591 146.497 184.767 210.411 107.065 85.7103 157.974 295.566 12.8274 81.1989 83.5549 58.2587 56.2828 45.4208 47.4818 183.106 45.5595 44.2969 94.4247 43.8719 53.1858 67.0509 207.298 71.8248 57.6237 90.4853 264.796 55.6431 37.6189 65.4485 13.8691 176.244 49.6395 93.9228 233.839 127.669 91.7085 35.0835 91.6768 103.386 42.7436 119.087 187.783 194.363 21.4911 55.2154 80.1447 214.454 53.5203 117.757 158.159 45.1811 63.6126 105.935 113.322 219.083 144.044 27.2481 235.845 258.862 255.461 65.2593 255.996 237.704 148.901 27.7895 300.796 300.388 225.357 124.326 30.0766 141.956 19.2271 13.4353 125.532 53.0089 46.2835 279.966 66.794 175.27 60.7681 29.3088 7.13751 23.0257 166.726 263.259 72.688 130.035 224.133 93.2807 10.038 55.1438 118.586 152.139 81.2357 155.564 34.6545 163.285 185.827 264.324 44.066 250.722 16.0719 27.0103 161.724 184.242 256.252 114.396 252.481 70.3734 68.9454 206.34 231.47 104.736 53.4263 46.1257 39.375 17.4123 141.643 51.4617 44.3223 38.1879 136.078 130.069 36.2268 84.8076 117.956 39.5592 67.1672 85.1006 244.086 124.933 92.4355 169.644 96.8243 173.456 123.061 63.7659 77.0148 89.0508 113.678 117.454 161.248 22.394 154.485 70.26 230.377 129.472 101.342 139.455 118.484 33.3139 77.3865 225.507 17.0352 194.097 131.985 204.505 142.803 11.4219 8.05596 47.8682 125.673 218.128 84.6292 148.343 83.272 68.7831 25.591 196.888 164.991 219.705 216.871 119.136 340.028 140.876 224.02 225.67 145.78 63.5036 201.355 128.324 169.069 58.4207 243.238 124.37 250.004 271.017 55.6148 139.949 43.6078 256.769 50.7884 59.2337 135.318 48.4715 53.6396 74.0723 91.3533 72.1816 162.846 195.457 142.237 51.6327 90.2403 138.053 150.675 41.0254 48.354 79.1855 140.515 287.003 140.281 22.669 193.72 1.66616 204.71 38.8234 96.7667 177.489 63.7961 251.997 96.9402 28.6853 114.977 
300.458 106.765 164.592 90.3992 194.61 36.105 105.514 222.149 162.982 291.587 71.7851 190.113 106.069 126.456 21.3394 27.6373 151.62 99.9327 171.702 255.369 9.36116 59.5665 41.1714 275.257 126.29 174.53 129.413 43.7189 153.415 130.24 26.221 180.242 207.717 165.665 15.3997 107.152 130.762 154.769 86.5844 79.1323 188.07 120.611 65.0203 21.865 9.38572 105.119 83.8296 147.345 133.714 265.973 212.6 41.5738 174.251 59.858 8.86111 234.2 72.956 93.3281 39.6596 98.4945 11.9297 34.5696 225.092 136.015 59.218 105.192 230.015 110.133 19.5129 118.714 45.0013 129.29 61.2138 100.285 50.2268 44.39 104.11 56.702 178.269 92.44 246.755 98.981 268.788 40.9356 4.57818 251.988 32.4048 133.44 29.7168 179.502 171.188 54.4659 11.0453 16.0867 151.039 68.2065 56.2948 112.01 11.7946 60.2672 162.687 301.988 62.5778 19.1341 102.812 190.975 196.011 14.8479 21.189 186.948 145.288 46.331 51.8408 9.49508 94.5102 19.3119 71.6194 163.426 104.022 92.6946 51.2691 46.4558 113.029 65.5077 143.157 209.963 12.0191 102.86 135.417 354.651 69.965 114.246 193.726 115.31 165.527 11.6688 8.86888 279.318 82.2927 59.5125 37.2344 56.9413 269.088 20.5125 125.892 65.8467 110.535 49.4095 48.495 39.7709 200.37 42.4221 113.575 175.619 121.861 324.565 186.838 86.0556 330.922 170.73 91.7885 112.558 217.242 256.223 326.68 83.3714 49.7935 37.0624 81.1801 236.945 156.428 142.744 59.6978 119.083 235.204 131.065 82.5102 331.298 118.163 63.5598 95.4794 86.9825 23.3332 13.3479 26.9399 13.6262 117.131 59.0493 52.476 318.915 28.1132 48.0443 240.956 155.679 193.151 188.971 183.618 114.324 188.539 335.208 32.1063 32.6911 16.4534 57.4846 197.155 157.814 102.617 15.2208 181.997 135.61 128.632 181.374 15.2932 60.776 126.086 9.41529 247.971 191.147 71.7062 43.3475 75.4089 127.407 224.808 95.3639 18.4066 338.535 59.632 89.7312 94.7429 45.7598 42.1669 167.257 237.427 235.403 40.6414 188.687 85.5152 138.129 103.665 111.467 103.09 140.812 44.754 57.3527 238.585 157.105 312.609 209.395 174.501 43.0574 75.8805 212.412 158.342 155.013 83.0623 89.1083 182.442 292.035 252.66 175.755 199.617 162.102 56.6828 214.946 189.021 381.159 137.261 30.2685 97.1859 126.991 61.3159 280.901 138.66 26.2475 165.243 136.261 255.708 149.315 104.411 401.61 133.949 138.868 78.0231 65.358 102.283 210.741 160.86 69.8815 193.784 168.821 62.9936 227.249 322.189 54.219 63.845 184.141 292.136 186.13 187.456 192.987 
121.085 178.841 316.081 42.1074 26.8702 32.1081 53.4201 152.08 70.7561 78.0894 157.157 258.468 40.8307 136.863 100.663 48.2047 110.337 232.323 177.821 272.874 40.4154 25.7332 60.5036 152.623 248.201 94.5988 105.028 58.39 193.051 57.1482 38.8272 75.7289 28.104 254.354 66.3908 144.409 41.7366 150.223 41.9095 224.649 59.6162 156.225 69.6698 69.4001 71.5114 212.475 211.41 54.0714 155.922 314.528 56.2533 31.8404 26.7257 11.3899 164.224 52.2209 239.854 31.7688 45.9101 31.9776 263.844 94.9868 100.011 52.722 20.3044 33.0675 70.0564 174.703 78.9944 51.4555 33.6751 190.122 126.484 66.502 46.4329 44.1616 117.574 162.595 99.0639 118.843 154.753 158.997 332.55 20.3237 62.2389 33.6147 56.1391 14.7872 38.9967 102.395 149.124 46.8353 37.0963 68.3555 90.8721 23.2637 71.6123 181.079 52.6485 29.7438 115.025 319.578 20.8262 33.5951 19.4294 82.3526 181.052 34.2419 68.2056 237.654 50.6373 55.1071 43.5451 72.7903 116.266 30.4522 74.8651 187.841 115.139 36.2927 61.8893 77.1921 128.593 59.9214 41.0132 145.292 31.0818 20.0736 95.2025 220.516 164.668 99.818 93.8899 175.928 257.523 196.885 48.4133 304.282 175.899 116.823 12.0481 246.705 336.109 183.009 102.678 47.2759 70.6773 33.1342 17.0534 92.3161 47.9212 51.4612 177.966 98.3728 181.486 163.188 89.1533 28.7818 140.905 67.5548 173.555 95.005 153.838 89.0928 51.3278 31.5585 61.1776 104.225 125.547 134.782 159.555 26.9512 144.193 151.8 294.386 76.4468 206.907 135.943 65.3364 144.395 128.262 169.267 82.7078 193.804 45.4139 52.4416 176.133 198.626 63.8973 137.211 25.8277 13.0894 102.221 163.262 112.72 36.2833 98.4155 149.833 64.1248 153.293 74.9794 103.942 25.2679 32.9326 95.9856 241.707 84.8559 67.7601 89.3229 50.4064 152.615 40.0123 44.5034 38.9081 112.669 86.3923 25.6715 176.554 44.0138 121.097 57.7887 218.064 55.1612 106.924 109.304 218.078 25.1892 27.9968 163.129 21.2609 167.683 47.0779 247.773 165.976 16.8769 70.786 13.5668 149.944 132.984 27.4005 152.028 19.4074 49.9067 37.7353 73.3528 105.296 286.639 243.063 152.494 251.637 102.213 102.207 226.171 135.735 74.2522 168.405 37.4698 238.224 140.2 125.804 168.491 247.158 232.644 103.668 39.5152 174.835 244.439 50.083 75.3171 60.4106 15.2394 62.992 35.0993 63.5642 62.921 167.888 78.0931 162.747 13.0081 217.262 62.588 170.178 3.43751 38.5243 99.2883 113.019 275.885 134.997 83.9539 215.33 23.0253 240.702 147.155 82.5366 158.27 33.526 304.627 115.952 92.6449 29.5005 
