10  30  300
818  4142
1487  3927
1077  4205
1547  4681
1354  4704
547  3512
1575  4850
702  3334
1066  3701
602  3655
196  1504
187  1550
484  2439
134  1313
415  2162
450  2205
343  2116
96  1052
228  1599
287  1759
343  2007
203  1513
462  2424
184  1386
184  1407
393  2067
490  2405
328  1947
406  2250
353  2002
100  1104
490  2474
331  1994
171  1380
262  1731
271  1802
340  1886
40  745
437  2151
90  1061
7  18  24  27  17  5  8  16  14  32  16  25  20  16  12  5  21  33  7  33  25  26  33  10  30  18  11  7  13  16  34  26  30  33  34  11  19  12  15  6  5  26  31  26  12  9  26  31  34  23  12  22  9  6  32  35  34  22  35  23  21  29  33  21  23  23  10  23  25  18  21  35  26  21  13  34  11  15  17  16  34  15  30  12  20  27  7  5  9  35  35  34  8  33  19  25  11  7  24  16  32  14  35  18  22  7  27  12  13  29  8  19  14  8  8  16  28  33  34  31  7  11  33  21  22  24  10  25  17  26  22  32  10  24  22  14  22  28  19  13  19  18  11  15  22  21  18  14  10  6  26  18  5  18  18  18  22  34  8  20  19  20  13  17  7  16  22  24  18  19  26  27  11  18  23  24  35  34  8  11  16  24  32  8  10  21  14  28  8  9  34  19  26  35  10  10  12  24  32  6  27  35  22  9  7  7  23  17  26  15  20  12  9  15  26  26  17  34  12  20  21  21  29  16  7  22  23  10  23  28  5  22  27  22  17  31  8  29  10  7  23  12  6  20  25  7  28  17  17  32  6  21  16  23  17  14  15  8  5  21  22  7  30  20  22  12  22  14  18  9  30  23  14  5  9  30  15  32  16  27  26  10  21  25  20  8  5  32  6  11  32  5  23  13  31  26  7  24  13  26  
2.5775 3.8801 3.22706 5.88624 3.87146 7.45587 5.59666 3.0825 3.66846 3.03276 4.22626 3.74654 6.27824 4.94889 4.76461 4.37403 6.08908 3.54908 5.23515 4.37496 1.09811 4.53177 0.238762 1.7486 6.5511 3.33671 6.27415 5.20888 3.38387 8.10283 
7.63602 7.29248 3.26957 6.50508 2.69136 1.73664 0.855486 8.32058 4.80237 8.3592 4.00899 2.71184 4.80716 3.41124 2.94355 2.3489 6.34805 5.4038 6.52725 2.42847 6.70146 4.16017 6.48242 5.578 2.20372 7.61987 2.32674 3.61917 6.82608 1.65761 
2.51213 1.0909 3.8472 9.13235 5.02931 6.36421 5.62013 7.07882 6.57777 7.01997 6.64773 4.30691 3.19458 3.10495 6.51375 5.52086 2.23378 6.77609 8.62328 5.61738 5.09347 2.29068 3.80061 5.18545 7.66887 7.30432 7.52352 3.07936 0.957155 7.69683 
4.72887 6.36929 5.56326 5.3389 5.76944 9.75271 7.66595 0.646113 4.23767 0.526683 5.10296 5.95994 9.04263 7.61925 6.04046 6.13925 8.84441 3.74755 4.60383 6.0851 1.90501 7.27595 2.95067 2.88089 7.90182 1.73143 7.58344 7.90454 5.95642 10.0844 
8.0089 7.38853 3.96052 7.7617 3.6854 0.479767 1.80134 9.3302 5.9737 9.35882 5.21742 3.4771 4.22428 3.25626 4.17326 3.45013 5.9198 6.56649 7.76795 3.55004 7.58526 4.06905 7.18546 6.54362 3.39094 8.70621 3.55139 3.34946 6.98759 1.41068 
7.74831 8.63539 4.75084 0.975495 3.84071 7.3011 5.16824 4.63114 1.69946 4.73376 1.83051 4.60426 8.86806 7.04375 2.69218 3.6887 9.65493 1.69389 1.01225 3.5563 4.49765 7.27129 5.45591 3.49554 3.88961 3.50798 3.59107 7.39268 8.06595 6.79712 
6.64781 8.03716 5.6327 2.94988 5.29733 9.32688 7.10952 1.92542 2.96378 2.04586 3.81704 5.80657 9.70358 8.01033 4.90402 5.45868 9.95902 2.35832 2.249 5.35823 3.0728 7.92224 4.39492 2.98835 6.5821 0.90251 6.25902 8.34475 7.52887 9.23517 
3.33833 4.84158 4.07175 5.48343 4.49495 8.31509 6.33328 2.00504 3.63202 1.94618 4.36115 4.53286 7.36953 5.9875 5.1048 4.94179 7.18265 3.33686 4.77925 4.91534 0.536691 5.61071 1.28323 1.78692 6.96139 2.44233 6.66141 6.26157 4.38404 8.81703 
9.79956 9.92566 5.40175 4.99064 4.27574 4.75464 3.69339 8.61362 4.74187 8.69311 3.88769 4.8661 8.09557 6.53907 3.12353 3.73191 9.53758 5.26107 5.38175 3.67442 7.66551 7.18681 8.01516 6.41246 1.46319 7.60654 1.66097 6.80262 9.39118 3.44111 
9.41594 9.36724 4.93971 5.67531 3.9168 3.71069 2.9149 8.82837 4.94997 8.89645 4.05646 4.3715 7.20323 5.74382 3.09491 3.37961 8.71946 5.52183 5.9649 3.35881 7.64982 6.44358 7.82205 6.40477 1.22699 7.89757 1.54659 5.98025 8.85531 2.3792 
46.8131 182.352 110.276 206.706 112.031 14.1122 27.9763 99.7015 96.6416 257.52 8.64773 45.2087 24.2394 117.19 44.0778 46.1654 107.211 313.785 36.0339 281.873 72.9472 188.058 107.111 60.079 154.376 136.537 41.5977 48.3036 99.5058 113.415 133.926 164.795 282.59 256.345 186.604 67.6412 145.144 89.0541 115.096 29.4553 30.2868 107.056 79.539 231.702 74.8163 35.6738 63.9891 130.563 97.1218 118.479 23.7818 66.2828 40.0094 34.9111 275.471 354.676 173.906 208.119 252.024 168.352 163.099 228.354 159.608 53.2946 156.657 69.2528 83.789 203.032 215.668 157.323 185.839 52.8876 230.191 182.597 78.4707 32.0051 92.3927 71.3433 83.9442 87.4499 273.073 53.7509 86.8122 39.6089 40.2613 141.875 2.25434 33.9476 35.6671 295.501 159.774 187.525 20.7177 53.2836 93.8805 208.355 81.8046 20.4704 233.582 84.2214 248.9 135.208 166.546 125.012 152.493 36.5063 172.147 20.9607 36.3254 140.604 38.652 91.1715 31.6458 68.7594 53.1612 64.7192 65.8197 207.497 265.155 161.075 43.9986 50.2542 46.6991 127.954 121.583 199.498 42.484 185.331 144.236 214.762 174.79 95.4009 40.2261 87.8167 198.202 110.348 113.767 125.716 128.429 92.7011 153.176 14.7962 33.8418 41.2445 121.982 67.5188 158.857 24.1498 39.0308 19.7549 72.6882 17.036 4.638 65.0356 55.606 135.145 160.92 243.719 38.4228 117.804 59.7824 108.436 24.3742 58.7293 15.0838 47.6244 128.419 184.476 49.5823 2.45947 204.426 240.134 77.0087 147.045 167.94 141.19 294.298 135.805 39.5941 94.6158 127.051 127.887 77.5786 38.8244 28.6626 186.638 41.0659 156.226 31.8905 29.4725 271.597 82.3245 72.8153 207.097 40.6812 18.0604 52.363 40.9483 276.175 35.4838 251.255 249.649 202.377 56.2376 27.9185 59.5783 78.5971 82.9973 52.0231 100.217 58.9447 58.1981 18.7801 114.038 84.4207 221.678 46.026 265.672 31.0474 86.0514 154.794 191.283 132.46 139.587 36.0154 141.66 4.18148 65.2735 137.178 111.627 28.4577 92.5384 74.0778 145.391 140.565 147.065 50.0637 256.078 48.5073 42.6721 119.055 109.516 22.4938 170.637 91.1489 18.2881 30.4899 116.468 58.2182 174.799 65.6786 97.6371 47.2724 162.992 48.8606 84.5187 34.2441 67.8207 37.6028 128.52 183.334 49.7519 42.6545 181.57 150.061 102.78 81.9233 68.5259 131.451 41.3781 319.106 140.539 56.1318 11.0304 64.0321 67.2998 104.089 230.592 2.52804 10.539 161.95 55.9571 170.544 135.657 172.948 29.4998 34.4145 103.474 30.0817 51.9897 265.626 29.5645 165.196 38.2389 81.0867 55.6262 33.4391 106.054 37.2284 174.886 
50.9299 181.735 131.192 198.43 126.45 7.57387 20.2355 113.033 89.9541 252.303 33.9574 49.7813 58.0988 100.809 42.3468 46.8395 96.7479 300.472 46.0938 281.846 115.627 221.613 115.7 50.57 105.293 156.667 50.7953 54.5651 100.25 103.03 98.7177 140.21 285.479 239.713 148.662 54.9372 136.337 92.048 133.978 38.6652 26.5798 82.3337 118.703 264.843 85.0094 20.8638 109.505 159.602 117.313 153.491 43.0478 103.696 45.7269 43.4882 280.58 347.637 131.798 200.004 221.028 148.798 175.247 264.947 118.9 83.9714 155.355 77.8789 93.2298 194.495 217.677 147.702 209.332 9.29768 220.338 202.543 95.352 43.8174 92.885 81.498 81.0892 112.437 248.058 46.7282 37.0757 38.427 74.617 166.964 14.577 35.8424 24.7914 318.96 182.925 193.68 34.013 71.32 114.893 234.419 77.2329 18.1418 231.51 75.7682 291.468 138.583 183.168 141.387 141.932 31.1406 209.426 41.2051 19.8876 164.298 51.1359 59.4929 52.8406 66.9556 47.032 74.8419 63.6413 247.719 309.657 120.27 49.2605 67.6662 97.2148 143.822 85.5037 226.255 56.1516 188.595 161.576 220.48 202.586 68.5277 44.2852 106.352 223.698 128.207 103.099 99.0203 120.486 84.8176 159.941 45.4407 23.7444 67.6741 136.856 50.0028 156.613 47.5491 44.1822 22.1884 63.9529 25.5725 8.34365 39.7152 66.9772 159.275 147.216 265.863 51.1513 146.686 65.3976 79.6255 46.8892 78.0582 25.7545 75.0761 104.455 192.266 73.4102 31.5695 218.266 255.861 92.2577 165.75 200.356 111.872 320.173 190.031 29.0796 90.9013 140.475 140.054 24.1016 49.7325 26.9839 193.156 53.776 139.942 21.428 21.2772 259.326 70.8903 28.598 216.106 44.7475 32.912 55.4002 58.0574 278.566 42.8236 261.266 291.992 195.477 62.4907 17.3511 68.7277 49.9805 75.0231 25.9519 121.085 25.2054 76.4654 34.3439 134.103 93.0832 208.617 65.8558 248.624 51.2694 115.362 177.551 198.989 170.027 157.204 46.3664 123.244 44.6993 55.934 102.423 137.213 31.3505 58.0357 66.0183 161.192 157.809 153.328 47.2571 248.858 61.3562 46.3784 130.827 109.076 22.5231 170.911 134.647 6.58994 56.4771 110.376 45.0847 143.575 64.9936 115.803 73.3995 142.624 78.8092 68.5203 60.6763 76.0138 43.962 104.812 179.448 52.7146 95.0527 192.363 178.326 104.712 110.809 83.2125 112.453 47.4106 312.736 133.267 46.8633 19.2266 68.4586 52.9974 80.5069 227.321 30.5784 53.2773 125.559 66.9639 199.618 171.458 200.457 31.6741 29.108 117.632 38.3607 43.9381 307.403 22.4978 180.801 60.9815 79.901 10.6918 43.6075 139.681 56.1371 183.698 
21.1814 101.876 56.0432 87.9715 61.7067 17.8162 21.6716 52.6657 38.5648 114.305 79.5893 68.7675 105.34 68.0093 12.5554 24.1962 32.2601 169.353 33.2433 134.456 123.922 147.838 41.2245 31.4499 151.565 96.0701 22.0812 28.2045 41.668 51.3025 94.6453 86.716 150.042 117.853 113.717 41.9728 64.6052 37.5661 88.9608 30.424 13.1734 66.7673 96.8861 184.135 40.1142 40.9664 149.353 74.1368 61.7537 118.832 72.0767 142.673 14.0622 31.0967 135.393 197.965 120.893 111.311 133.196 87.7888 84.133 177.357 113.576 140.524 53.5373 34.8229 54.8662 102.188 104.889 81.353 135.695 154.529 116.33 121.663 62.0159 173.211 43.4377 27.202 11.8862 89.6007 142.108 25.1264 129.963 16.1093 113.763 77.8844 31.5463 13.4819 28.8933 169.579 58.8831 39.4878 50.5667 94.6906 62.6626 143.653 34.7048 13.8391 126.03 26.8169 201.948 74.9661 43.0785 74.0368 61.2297 15.8305 145.27 67.5781 45.4214 66.3408 41.2439 95.5865 53.5263 33.0655 24.8167 23.6231 64.5008 153.219 212.145 118.876 21.6979 56.2021 127.064 62.0365 116.445 143.147 39.1301 75.2051 98.7892 102.332 136.035 86.0332 9.11548 44.1344 148.375 86.4793 33.6611 72.4291 48.2923 41.1271 74.1569 77.6007 30.5034 83.3118 50.7022 53.6853 78.1605 60.3282 11.882 7.83262 54.5845 93.3805 17.9042 66.6736 31.0052 110.248 73.7038 122.758 42.466 106.087 25.7373 87.391 71.8076 48.0325 43.9831 80.8592 75.7117 83.7297 59.2925 83.4133 104.132 137.605 64.9374 100.564 143.906 92.8569 173.999 164.221 29.831 46.1838 76.664 40.4011 138.729 33.8955 18.4576 97.8961 31.7819 55.011 27.7806 24.05 123.154 32.2144 115.955 58.1198 9.03755 60.4954 5.92763 67.2543 134.278 26.2787 139.169 185.007 104.929 26.2134 28.4335 47.9774 76.3171 23.6726 92.8693 85.0116 88.7423 59.5943 51.0697 92.8885 33.3618 111.244 48.924 122.748 74.8176 87.2744 105.714 104.03 110.071 100.624 34.6089 68.7142 104.305 34.3088 113.907 63.2661 10.7491 95.2397 56.8412 72.1856 95.1682 15.6582 16.0752 126.875 39.1454 16.5514 36.5055 55.821 4.74786 81.3897 142.146 30.4014 155.429 43.3158 39.8347 93.7594 38.7844 49.1334 107.134 85.4872 95.4293 51.977 81.0656 46.5423 29.2619 78.1164 84.902 21.5503 154.908 103.923 117.14 50.2618 76.5167 43.0172 77.7527 15.4949 184.796 42.1878 26.5806 30.49 28.924 83.3869 88.2898 87.1842 73.0341 112.79 121.65 36.9712 143.669 122.868 145.262 6.92185 20.125 44.3955 26.4381 22.4276 213.19 22.6912 84.8444 69.9725 61.8056 116.224 32.0798 99.4885 90.7424 66.8058 
19.8736 106.472 95.3591 171.573 35.4394 44.8598 66.5878 39.1708 96.9649 185.981 138.948 186.533 168.769 147.097 79.1252 23.661 146.809 243.324 27.9494 171.068 164.493 55.4896 202.558 84.8986 322.351 19.6161 53.0267 11.838 62.5155 121.943 287.733 222.408 149.502 237.65 303.412 101.921 133.042 47.7893 26.9018 27.5202 38.8654 214.824 182.425 52.2867 28.9356 91.3065 205.614 133.178 204.189 101.084 105.579 185.556 40.2108 21.3807 142.305 234.966 313.585 158.219 300.517 195.129 50.7349 51.3829 301.294 197.376 121.991 141.6 3.23356 159.883 120.628 137.708 19.4853 322.64 181.893 7.64057 37.2221 318.06 54.3917 61.6703 103.539 72.0118 280.828 109.346 290.677 80.6322 165.323 87.8656 57.7743 17.9821 79.9346 65.2158 150.957 164.41 69.0996 240.34 66.6267 7.56234 74.4093 51.3588 143.578 113.009 72.325 61.1756 158.5 29.0981 152.655 54.4584 81.6221 101.371 115.668 109.999 38.1257 203.318 89.0147 49.7603 63.746 77.3917 205.087 79.7432 71.5974 294.756 18.1926 55.2384 234.093 57.8233 241.798 18.1219 44.498 112.412 2.73264 106.837 39.0268 261.224 52.5759 120.302 27.8029 26.1102 152.761 231.791 127.001 97.0341 65.6153 139.912 91.0804 110.829 75.2024 170.15 104.93 99.1406 51.5952 35.2049 192.704 168.89 39.4444 167.414 103.255 42.6939 166.581 78.8871 39.7029 72.0657 117.08 200.98 106.218 84.7938 63.6691 105.913 196.437 86.8519 103.118 160.093 68.1181 64.5486 30.8674 6.60436 66.6506 226.003 52.0966 183.06 75.3468 73.9694 17.1323 96.3493 305.076 31.6351 71.0452 79.2892 78.5997 201.951 73.1 74.1183 226.213 140.363 254.01 154.131 52.1957 91.0441 63.8502 168.917 155.28 16.4201 97.054 61.9648 150.233 25.1048 67.8826 14.9193 204.64 118.004 225.3 44.2142 195.929 54.6366 73.576 35.0284 156.513 193.135 97.5066 244.895 101.994 93.3585 24.2471 74.5876 117.258 12.0951 29.2387 180.031 192.545 85.6377 244.084 127.165 17.7506 219.498 199.33 53.6506 3.41843 161.099 51.3984 185.586 37.7763 23.873 94.6972 66.1773 37.4942 102.291 166.518 67.2492 264.082 109.899 135.019 270.689 40.3817 82.4563 141.75 196.608 124.809 128.55 114.656 1.4709 9.59636 192.347 130.512 23.1342 243.463 53.2547 50.6301 53.1863 106.092 49.6928 167.686 38.4093 210.821 145.153 106.271 43.4874 27.1204 237.588 172.407 175.061 134.714 217.417 266.821 28.6025 56.2496 94.9583 54.1724 46.1866 45.8637 187.604 23.2786 84.5055 66.6679 50.8368 50.6107 91.052 219.38 247.981 30.0708 105.426 124.004 98.1981 
14.0445 83.1151 54.0605 70.8722 48.3006 23.69 30.7304 41.0435 35.564 86.6702 95.9069 96.7524 123.956 72.8061 26.7412 18.5484 45.789 146.228 33.0168 100.033 138.366 134.653 75.9835 36.9554 182.09 83.3956 26.0349 22.5892 27.7203 50.6394 131.204 98.604 116.69 105.257 139.887 49.0487 56.7765 23.4446 80.135 30.9379 15.0778 93.8768 117.282 166.351 31.549 51.0517 168.865 77.47 92.2707 119.529 82.7192 158.997 14.5183 30.0958 98.8902 165.75 151.2 95.1622 139.923 90.7682 60.7506 159.761 144.654 159.3 33.2773 57.9817 45.6774 86.4237 77.3906 72.6377 118.557 195.29 98.683 102.009 57.9286 210.959 31.6161 24.4316 22.235 89.7646 137.369 42.4257 165.24 30.2504 130.407 68.238 38.6166 7.6726 38.6049 131.221 57.2063 0.820318 57.0274 129.901 59.5971 122.664 29.8813 22.1202 102.005 35.9992 184.936 58.6579 38.1491 59.7037 56.4012 20.7797 137.102 78.1002 60.706 59.9051 42.202 115.731 63.1767 26.4129 26.5257 29.1005 96.8561 139.152 193.294 146.808 16.0446 58.2497 155.69 46.1428 138.073 124.468 40.6091 47.0678 84.0173 72.0649 122.564 123.571 15.4948 55.2061 130.919 78.1552 46.8844 99.4531 43.4112 39.7547 51.6785 94.6086 43.3369 93.3568 36.7454 78.0543 61.147 71.4262 17.4964 13.4526 85.315 113.232 23.2956 86.9684 45.5779 101.386 70.8283 87.816 43.662 102.754 45.5025 105.585 82.7077 54.7711 50.2855 90.0243 90.5773 55.3293 69.8916 103.518 74.5322 106.668 60.6873 85.6492 134.701 110.489 137.005 174.658 37.367 38.4343 61.2671 24.9963 176.593 33.8032 30.211 73.1172 41.3572 67.5967 36.4425 34.4344 102.498 51.0296 146.611 17.0979 15.0881 69.8662 14.0124 91.8191 99.1892 24.1842 107.223 165.142 87.8628 18.5799 36.1418 43.6218 102.527 36.5185 123.537 79.9356 112.247 60.6484 58.4139 85.3041 59.4348 98.3025 59.8968 109.372 84.3439 90.7415 90.834 79.1816 111 87.4768 34.5951 76.2072 127.941 38.2965 133.896 69.5165 6.85766 119.193 88.7041 52.3673 80.6044 24.5462 14.7379 103.058 38.6281 9.82756 24.3889 43.5003 11.7941 60.3091 154.384 38.6737 185.209 36.8811 59.3167 116.682 32.7819 46.8011 119.813 90.5007 106.486 61.2182 92.2794 39.6208 26.4661 91.4287 65.8042 13.4558 181.398 80.6918 107.094 36.5655 82.9326 40.6576 83.7461 14.8338 157.075 38.6935 41.5342 34.7581 18.8031 118.692 100.243 59.5641 89.5462 140.36 141.708 33.3572 132.941 120.565 133.957 14.7825 22.232 73.8095 26.1959 32.0046 193.806 26.8208 61.6227 77.9189 97.636 146.949 32.4809 102.269 102.127 36.2898 
38.7297 76.3612 151.149 51.1529 112.587 29.6885 39.1217 103.089 21.5439 82.4955 138.844 158.804 183.219 27.847 55.118 22.2853 64.3227 73.4612 61.4457 115.03 229.681 236.89 175.249 24.6397 166.291 150.908 68.3151 48.6492 45.178 17.1213 154.127 56.2002 131.499 34.1077 112.224 32.3116 23.3848 51.1423 137.949 55.1373 10.5513 110.662 227.904 262.486 78.1539 53.821 256.512 201.125 203.034 212.683 119.398 233.226 50.2636 54.5113 136.266 123.215 133.229 51.25 44.8256 24.7335 122.734 270.8 135.752 222.619 68.5182 128.675 79.2825 44.0277 97.456 20.6876 192.192 259.963 49.2369 171.031 110.535 286.931 40.0284 85.1634 60.5386 154.673 4.71869 68.3452 196.173 59.3066 194.437 177.945 57.8838 23.4397 42.9891 230.857 197.588 138.063 82.9559 219.051 136.905 210.408 16.2347 36.5151 89.7349 46.3463 309.598 72.8947 177.949 126.705 33.2958 20.8496 246.28 115.245 76.8065 177.812 74.3715 110.763 112.348 19.7615 12.3265 90.3932 162.469 271.39 325.113 127.105 42.8102 102.152 260.944 127.782 120.863 210.995 80.6005 93.7115 142.576 114.156 206.616 170.061 51.4158 145.599 208.65 131.91 66.1692 109.052 33.9919 14.0884 93.8322 148.105 58.0054 146.083 125.168 106.406 54.7142 117.982 54.162 32.8766 138.944 154.126 36.1207 98.1337 106.831 172.169 19.7218 202.265 75.7392 184.135 102.898 88.8805 124.202 119.944 71.3593 148.556 64.9855 111.933 135.62 152.388 147.429 173.065 104.723 149.418 226.483 80.21 242.04 307.815 34.0504 21.512 114.596 122.466 218.955 66.2392 53.0041 107.106 91.0672 71.9388 39.6092 45.5733 56.7336 72.3886 174.831 147.612 51.25 98.9785 56.1491 160.491 123.956 48.4342 151.648 301.512 52.5397 52.8521 38.2524 70.1272 122.238 55.9319 168.695 140.355 132.104 109.03 87.5579 144.11 140.463 30.3585 120.894 35.2555 123.62 170.578 169.856 115.232 228.158 143.578 62.9907 40.5185 189.697 19.7041 105.717 179.606 26.7333 122.048 145.715 133.387 139.894 136.302 18.2606 71.645 79.2278 36.3681 118.008 43.21 28.0054 70.9793 248.252 47.1269 253.957 32.4993 81.7721 96.2551 27.0804 131.876 172.077 31.5289 166.742 41.5922 143.028 67.2374 45.8882 60.2303 57.1344 34.5501 274.299 126.085 194.552 50.9429 169.081 97.6129 34.0532 51.0147 115.998 56.5786 58.1552 50.453 47.0902 178.153 73.2443 88.4288 132.199 214.274 102.164 73.8499 214.861 222.286 210.733 40.489 10.665 178.083 50.5617 37.9799 315.782 20.5596 139.739 124.774 172.678 185.621 60.7551 198.629 141.874 117.445 
23.4513 65.4288 99.7373 23.0298 75.0927 26.187 33.3819 67.6197 11.2645 44.1556 117.064 125.228 153.225 49.8125 37.6572 16.0335 41.6551 89.85 46.3081 72.9456 182.753 179.258 120.174 27.5651 173.768 111.498 46.138 33.2922 21.8036 24.0016 135.408 69.7954 97.9407 42.4888 118.419 38.9957 20.6152 27.2268 104.862 42.3574 9.92845 95.6921 170.474 206.085 51.5494 52.0038 212.004 136.086 143.835 163.278 100.942 195.679 31.4191 41.3415 88.0638 118.946 136.451 58.5337 87.0629 54.4664 79.9477 206.973 134.41 190.967 18.9699 90.0956 58.3201 46.8004 62.9083 38.7778 147.59 226.294 53.6724 127.536 81.7719 248.491 24.3728 52.9783 31.7332 120.168 75.2119 51.3016 179.113 42.1157 162.037 118.567 48.0319 12.6574 39.2929 161.849 123.49 64.5179 69.8808 171.591 95.5663 157.118 8.94563 27.9843 75.6613 30.3819 238.835 54.6883 104.011 87.231 17.9477 17.5026 186.498 96.4787 67.3997 114.982 57.4218 112.921 86.9827 14.6824 15.587 58.0663 125.792 198.159 250.017 132.87 27.3141 79.1239 206.695 81.1937 129.579 159.315 59.5873 45.0096 106.638 69.9681 158.233 141.531 32.0646 98.0947 161.816 101.072 41.8096 96.2633 11.0098 17.4209 58.3536 120.687 48.8614 119.174 76.489 88.289 39.6139 94.1042 34.6321 22.3179 107.522 133.481 29.4023 90.5969 74.2367 132.278 32.0052 129.506 58.871 140.221 71.2404 95.8207 103.182 85.9448 60.7914 118.482 72.8648 65.1347 101.53 127.305 95.3539 123.274 80.3061 110.871 175.426 92.0002 171.683 238.466 34.5895 19.7941 80.9655 69.8409 196.221 49.0167 39.7816 73.4684 64.9997 49.4344 36.9024 38.3588 41.0701 54.2838 159.55 70.0202 31.7889 84.3794 32.8785 124.113 80.0823 35.1529 109.426 224.048 52.7127 32.9274 36.5974 54.7943 109.26 36.4643 143.977 107.091 121.225 83.4866 72.7979 110.889 95.9835 49.4852 89.1515 44.6682 103.786 128.679 123.795 81.4879 166.195 109.572 47.8998 49.4334 158.124 26.2586 119.512 121.853 15.6494 119.157 112.554 85.054 103.723 74.1646 5.30154 59.511 57.6293 20.8453 67.9175 31.9625 18.39 44.827 199.925 42.5515 219.478 5.79326 66.8377 96.183 25.8574 86.7691 145.76 56.6863 135.971 49.0022 117.197 50.3101 34.8354 72.2134 35.9776 19.7854 227.154 90.5349 145.719 32.6545 124.102 67.1825 58.4652 31.906 116.773 17.0912 45.4047 42.5469 28.0126 144.685 87.7802 26.3016 110.403 176.24 121.104 51.752 168.423 167.833 166.734 26.2352 15.9256 121.639 37.5912 30.398 245.506 23.4353 90.4493 100.776 130.294 165.255 45.8039 147.895 122.023 61.1858 
35.0565 168.443 81.6412 222.354 69.0596 35.7474 56.6742 63.0742 114.164 259.919 83.3271 132.77 92.9255 157.184 69.486 40.712 148.779 327.355 6.99521 264.681 61.1304 71.7374 163.981 86.4796 284.99 66.1204 39.4215 28.4447 93.8843 139.447 252.896 230.81 252.081 291.799 293.339 101.331 164.18 78.0309 48.3581 3.06157 41.052 192.461 98.2087 110.21 46.6222 76.465 94.7343 99.6565 148.672 10.9786 56.1968 87.2406 37.0109 7.1984 243.08 344.708 292.526 215.228 328.482 215.945 119.621 97.9527 276.82 107.817 160.852 109.589 48.9141 213.644 196.139 174.057 98.2033 229.489 242.6 107.478 25.3847 208.966 85.6144 60.3812 106.638 4.6908 328.084 95.0815 228.781 67.6129 82.9209 88.2945 34.568 28.63 69.6061 205.385 141.679 192.409 34.4124 163.21 48.7155 112.867 92.0598 41.6377 220.548 115.807 98.0489 114.141 161.323 72.5982 179.964 54.0053 47.7098 53.0979 92.0956 104.307 3.67664 176.236 42.6679 69.624 69.4449 65.6889 155.363 80.4511 107.205 273.548 29.7833 7.3714 128.088 87.2596 216.655 101.899 16.7076 171.225 80.0907 186.221 75.4793 213.29 46.7765 90.6657 103.016 46.7094 156.023 213.655 150.226 112.312 125.52 79.4481 74.8938 46.2331 92.7401 141.888 154.65 49.1964 44.0611 28.054 154.201 110.021 25.895 140.484 76.2136 50.3859 193.926 172.495 3.4522 23.2623 93.1867 185.409 53.5023 48.6411 34.5474 38.8628 194.227 154.756 52.0488 100.436 153.691 175.279 24.3741 79.1729 55.0179 219.707 196.445 42.1788 69.0451 99.2335 78.9525 112.104 232.538 11.5027 56.9273 154.258 51.6444 211.154 63.3001 62.0173 293.196 130.972 198.001 197.052 46.7998 50.8215 61.1698 112.285 251.682 13.4893 201.91 104.957 207.221 39.8925 57.7957 26.475 171.011 117.377 168.491 29.1521 154.318 7.37654 36.2937 43.3347 125.466 244.778 55.3716 301.569 49.9526 25.0217 76.6791 154.103 52.9815 74.0771 5.27691 191.388 117.022 89.9087 227.545 93.0185 22.8935 187.92 158.492 99.6658 77.5554 164.952 59.3203 259.521 18.0942 34.3118 106.028 102.809 33.1111 159.42 53.0349 51.9196 165.181 132.87 114.91 266.078 61.6155 71.9102 70.7152 213.843 50.8532 127.371 52.3959 37.5321 15.2716 191.742 184.135 40.4266 128.087 135.41 54.5503 90.7225 47.9863 38.9729 177.939 36.2298 308.933 166.511 95.8552 22.4775 50.0674 180.949 163.758 235.881 82.1627 132.595 255.967 26.7915 67.2682 26.1356 74.298 39.6604 47.8297 147.36 7.95667 80.8784 115.183 48.0698 114.78 35.0676 170.069 184.62 7.09962 34.4534 67.3847 151.112 
7.86388 98.4618 36.27 126.466 8.50966 32.0404 46.1143 2.04136 69.058 140.842 102.692 123.707 126.189 112.666 48.4554 21.2893 96.425 204.01 20.2332 137.528 120.414 70.4898 117.974 61.6465 246.216 38.8937 25.8257 6.13564 44.5826 89.5799 201.269 163.27 135.506 179.202 220.98 75.9676 99.2066 31.8126 42.7336 20.8718 27.5315 149.043 112.778 101.976 1.86893 68.2241 157.888 58.7918 118.581 78.4939 81.6753 147.707 17.1406 17.5486 118.68 209.403 229.313 132.639 226.732 147.527 40.3198 87.4221 218.818 156.76 79.4841 82.9352 24.0611 128.817 99.1695 110.069 68.8145 235.545 146.765 57.2671 28.6936 237.254 43.1648 23.1995 62.348 59.8888 217.557 71.0318 213.925 49.8436 126.259 24.1679 41.7095 9.53701 57.0031 83.8896 61.2575 85.4404 54.3752 158.606 28.8149 64.4135 54.4949 33.3957 127.439 75.0103 105.468 60.4818 69.3972 17.1009 108.949 37.6121 75.4399 77.1369 82.3389 37.0364 29.1538 154.825 59.4303 39.6021 46.4386 36.5402 133.713 60.9875 108.67 217.76 2.57344 41.6687 160.163 6.77619 186.243 66.5887 27.3333 76.3211 45.2551 85.1492 67.6893 179.099 26.9161 60.324 78.2055 43.2365 100.238 161.714 88.8354 71.125 51.8063 99.4351 62.8527 84.4551 19.4978 116.294 85.7913 69.6398 25.9646 19.864 126.015 126.395 27.2744 121.273 57.9064 56.989 123.523 42.8429 30.8621 60.6938 68.4481 151.192 80.4498 46.5545 49.7863 78.1367 144.08 61.4848 63.9491 115.327 54.7162 79.2444 34.3785 43.4333 79.2209 168.276 80.9608 132.488 55.3398 58.7232 29.5903 36.8035 223.7 20.2723 45.3975 73.447 44.5944 136.865 52.6923 51.0434 171.735 92.8146 187.61 77.3545 26.5402 70.4447 33.3572 109.884 127.591 10.6919 100.079 78.1101 124.442 5.17042 49.9676 26.1716 145.665 76.6495 159.306 44.8617 144.764 40.7478 56.1761 48.2072 89.9495 152.496 58.4559 185.162 80.0254 62.822 38.9369 74.4232 67.658 49.7082 21.9505 131.082 139.38 63.2246 187.241 59.3096 5.61811 163.236 130.104 14.5972 41.5262 83.7998 34.3778 150.362 21.8713 8.48652 36.9601 56.3475 22.1494 82.2738 129.34 49.3996 200.184 76.6089 91.5021 193.78 38.2894 30.6067 113.383 147.654 95.5294 95.3813 86.41 21.3235 14.0251 142.874 101.617 13.2809 180.995 63.4581 53.6542 44.0758 62.4304 19.6688 128.625 15.3476 192.636 95.4647 70.8469 33.8167 15.0774 161.055 135.912 120.459 97.6919 154.36 203.874 12.094 80.8604 71.8901 84.094 25.6567 34.6963 105.939 15.5329 57.3815 113.989 38.5896 27.9276 68.7636 140.108 182.309 20.9607 67.5352 99.5995 52.7605 
35.5585 169.765 82.403 223.449 70.4953 35.4851 56.3917 64.2994 114.514 261.558 81.8202 131.477 90.884 157.238 69.3203 41.0923 148.815 329.024 7.50003 266.783 58.5484 74.845 163.426 86.4342 283.645 68.1694 39.4577 29.0919 94.6381 139.754 251.84 230.78 254.345 292.862 292.78 101.196 164.806 78.8082 50.1586 3.17777 41.0754 191.778 96.7367 113.344 47.5531 75.9906 91.7772 100.24 147.83 12.6639 54.8559 84.6179 37.2073 7.87517 245.395 346.98 291.676 216.373 328.802 216.218 121.423 101.448 275.913 105.379 161.835 109.092 50.0208 214.735 197.851 174.751 100.71 226.878 243.829 109.846 26.7462 205.928 86.3263 60.86 106.807 6.61908 328.87 94.7447 226.943 67.3625 80.7074 89.7991 33.953 28.9437 69.2832 208.788 142.587 193.516 33.4783 161.394 49.6754 115.74 92.4262 41.4093 222.187 115.854 101.915 115.321 162.236 74.2915 180.519 53.9625 50.9022 51.7959 91.421 105.432 3.49854 175.304 41.6607 70.0474 69.5223 65.8479 154.2 83.8749 111.315 272.693 30.2956 6.60407 125.539 88.7172 215.707 104.723 16.7593 172.696 82.0406 188.099 78.1334 211.993 46.8304 90.6456 105.665 48.3995 156.092 213.053 150.722 112.592 126.988 77.8909 74.4477 44.5303 93.9059 141.12 155.726 47.9651 44.1016 27.9702 153.283 108.381 25.5491 139.657 75.8851 52.5621 194.421 175.295 2.83879 25.5905 92.8277 184.776 52.0903 48.4048 33.7539 37.171 193.961 156.476 51.1952 98.8435 155.885 177.878 25.704 81.2222 57.7724 219.286 199.964 39.4178 68.8077 99.7547 80.5814 113.088 230.433 11.8868 56.6137 155.986 51.2988 211.301 62.9896 61.6814 294.593 130.723 196.341 198.554 46.8658 49.7216 61.2952 111.002 253.866 14.0566 204.3 108.985 208.388 40.5174 57.4727 27.3179 170.012 117.367 166.931 30.961 153.076 7.59055 35.2942 45.1478 125.051 245.781 54.7103 302.683 48.5535 24.7756 78.9908 155.927 53.8937 75.9743 5.78628 191.488 115.009 89.9196 226.81 93.3121 23.1543 186.886 157.525 101.368 79.4814 165.499 59.5042 261.076 18.5845 34.7198 106.893 103.608 33.0563 160.707 50.0738 51.4707 162.434 133.376 114.368 265.723 62.0586 72.6131 68.811 214.031 48.9036 127.194 50.7506 38.4508 15.8714 191.505 185.304 40.913 125.014 137.318 57.1159 91.5869 47.648 39.6315 177.968 36.4738 310.949 167.029 95.5772 21.9089 50.7254 179.495 163.294 237.333 80.7583 130.382 255.346 27.5467 69.7548 28.4964 76.646 39.6157 47.8204 146.873 8.31659 80.7539 119.045 47.936 116.714 33.6101 168.977 182.798 7.32897 34.7248 65.8507 152.668 
1.66228 82.5816 48.3377 104.771 16.3358 32.1285 45.2883 13.9163 59.4422 113.308 109.956 128.938 137.032 103.185 47.2963 16.9357 87.985 175.172 26.4316 108.002 138.527 90.2726 120.569 56.9042 240.342 49.117 30.1451 9.02859 33.1742 78.8985 195.532 149.891 109.283 153.912 208.201 71.0927 84.6642 21.1 52.9696 26.1266 24.9184 143.764 129.512 116.297 11.2471 67.5299 175.475 75.1872 126.858 98.867 88.9084 163.228 18.7352 22.9134 90.3582 178.068 218.944 113.335 205.057 132.816 26.5049 106.5 209.873 169.762 61.8209 86.2964 25.5873 109.082 76.8296 95.2836 76.6554 243.335 124.466 59.9055 40.1859 249.297 33.318 26.298 56.0676 74.1731 192.791 69.3005 215.319 49.579 138.798 43.799 44.7922 5.19102 55.5993 69.1337 68.2516 69.115 59.687 167.689 44.1849 72.6698 46.1507 33.4537 106.005 68.1552 128.488 49.0854 67.3302 24.8445 93.7754 34.8481 98.9387 84.2867 82.5869 50.0637 36.1297 151.965 67.8024 32.6141 41.7096 39.8438 137.057 89.3105 132.56 208.526 3.71021 51.0996 176.803 13.1045 181.254 77.1103 35.3686 54.4229 49.8872 62.1318 81.9903 178.366 27.251 68.3716 87.1897 52.5879 91.1078 154.406 75.8728 62.2555 35.5919 108.125 62.4411 95.1042 21.2207 115.017 69.7539 77.7723 27.2043 20.6422 126.749 133.025 28.8652 119.771 62.445 70.5807 108.194 23.1763 37.8244 78.5588 70.4101 145.385 88.4646 56.4841 54.0035 89.838 134.758 40.1838 74.5382 122.687 36.0116 64.4272 43.445 49.747 97.7779 158.732 71.1737 160.201 53.1856 49.3195 29.3157 31.9811 227.088 27.1878 45.7613 56.2395 50.164 123.514 51.5169 50.4192 143.984 87.9566 189.338 56.2679 26.804 76.1185 31.9028 117.222 98.9869 16.0249 79.7484 103.679 105.113 3.14865 49.1717 30.5282 143.97 70.5072 162.685 57.6293 145.692 51.2203 61.9034 59.3555 92.6803 131.242 67.1553 158.96 88.0567 79.3901 50.9943 58.2853 91.5508 55.533 28.1505 118.96 149.167 57.8392 179.918 72.7355 4.36135 160.48 131.178 8.7917 46.5322 76.342 29.3952 124.914 30.4056 4.29094 33.7829 45.6084 21.6672 64.372 149.079 49.9788 212.269 64.5888 89.8746 181.008 33.0013 41.1297 124.325 133.659 107.791 89.3048 96.3747 23.565 17.5865 133.497 82.4478 7.0176 198.149 51.5243 71.4691 33.4433 78.1592 30.3647 118.156 17.2316 165.822 81.5758 68.0896 36.9576 7.18446 164.073 130.391 94.6113 104.457 165.485 193.971 21.0083 95.9935 94.2283 97.4334 25.8061 31.9857 110.8 20.7943 53.8761 134.576 36.8541 16.8902 78.2483 142.928 186.195 27.0224 87.4509 107.915 30.7088 
19.5562 91.694 61.8187 72.7033 60.3999 19.9696 24.492 51.9426 31.8109 95.7747 88.8426 82.868 116.884 63.8902 18.3869 21.5365 30.0919 150.647 35.345 115.918 136.702 150.191 60.3359 30.1189 158.082 95.7642 26.5625 27.6328 34.5375 44.6412 104.112 81.9108 133.785 100.836 114.13 41.204 54.6375 31.9051 89.7008 32.5191 11.9863 73.0796 113.076 184.145 39.6635 43.9498 163.736 84.1049 80.9577 126.381 78.9641 154.833 16.3962 32.5781 118.685 177.708 124.477 98.7535 122.266 79.9752 77.5561 178.523 118.434 152.6 40.3162 48.107 53.3615 89.1534 91.2812 71.7763 134.01 173.042 101.619 118.265 64.3304 192.332 37.3605 29.7805 8.83035 94.7658 127.187 31.0484 142.921 22.4059 125.101 81.4889 35.5985 11.6257 31.4322 159.248 66.7389 26.4073 55.0782 113.695 67.0252 141.228 28.8391 17.3072 112.299 24.4564 204.529 67.9181 47.8173 72.6408 50.5956 15.5319 150.337 74.4491 51.0617 71.4992 44.1455 100.527 61.0084 28.4361 22.3194 29.6557 79.7919 157.316 214.474 122.41 21.041 60.4593 145.841 60.6287 120.528 141.75 42.7652 62.1251 96.8189 89.3677 136.859 99.7851 13.6614 54.6739 146.935 87.1373 30.7104 77.0868 38.8051 35.4087 65.8417 87.9972 35.0503 91.3491 50.3173 62.1107 67.7818 68.1405 16.3399 11.2306 67.6513 103.546 20.769 72.8377 40.8111 112.048 63.9019 114.735 45.4636 111.041 36.7377 89.8356 79.1864 55.495 48.0108 89.0229 74.5756 73.1103 68.3791 94.3418 95.231 128.051 66.6 98.9346 147.266 92.6317 164.959 178.769 31.0147 39.9173 73.7348 39.1241 153.786 36.3301 23.7102 87.9792 39.0645 48.9601 30.0683 27.5413 104.123 35.8147 127.466 44.925 13.4366 66.2746 10.7604 81.1512 116.816 27.2307 126.893 187.011 92.2781 25.1311 30.584 48.2174 84.6281 23.293 105.976 87.6013 97.3345 63.7865 56.1499 94.2915 48.3394 97.3013 57.7086 105.133 81.5572 94.8177 105.273 94.5098 119.269 99.2767 36.8065 63.2153 117.6 32.1543 116.008 73.4416 10.2592 101.665 70.6235 68.9164 93.3242 18.81 12.1565 110.108 41.9907 15.1644 36.3792 49.0182 8.01932 70.2095 154.379 33.5928 171.486 34.3132 46.228 92.8471 35.3434 53.9326 116.125 78.5514 104.465 51.1392 89.3459 45.6349 29.584 76.5103 72.1613 18.9983 172.093 96.3487 119.646 44.0045 85.5661 46.1313 73.4233 17.4368 167.432 30.8476 30.4012 33.3411 26.0024 98.8367 88.8954 68.6883 82.2778 128.411 122.155 38.4257 145.627 129.788 146.585 11.4625 19.1382 62.4471 28.203 23.3194 214.556 22.981 79.7455 76.7496 78.7944 129.031 34.423 107.976 98.1965 56.605 
49.3118 141.696 154.053 133.389 132.55 14.0826 18.0948 119.539 53.8047 182.5 97.9617 106.264 136.36 38.7483 42.4975 38.178 60.158 203.674 60.2087 218.472 194.387 255.919 142.379 17.2916 45.5686 171.48 64.1346 57.3654 79.2723 54.7189 62.86 50.217 230.127 145.147 32.8393 11.9572 84.1124 78.3654 151.644 52.5811 12.3323 48.1479 191.492 293.067 90.3006 19.6793 205.94 196.945 165.975 205.182 91.1708 188.52 51.1001 54.8387 230.111 257.23 22.3404 137.185 96.0327 67.8349 165.084 298.632 28.7303 170.59 117.694 103.383 95.9965 130.731 173.773 91.8509 223.275 153.212 147.724 207.766 115.058 187.273 73.149 89.6325 63.6541 149.611 132.111 43.8632 92.427 43.5868 151.484 190.142 41.05 32.32 15.0698 305.343 203.617 170.515 65.5015 153.313 139.652 247.641 48.6891 23.332 176.588 45.1526 335.083 116.835 189.651 149.065 84.8154 14.6238 254.766 88.132 36.8371 186.485 70.3725 34.7448 92.4425 47.5876 21.8394 87.2772 107.249 289.821 353.871 13.6914 50.7882 95.2644 200.606 149.593 32.9525 243.472 76.38 153.661 169.265 184.589 228.055 88.564 48.7829 134.538 240.292 144.988 64.2889 46.3803 74.8133 46.6493 140.187 109.259 29.0189 120.32 142.731 54.5508 116.284 93.2173 50.9411 27.7365 87.7803 101.563 24.453 36.9483 90.6144 184.894 80.7547 259.009 71.1611 185.12 82.9597 8.42358 96.4416 108.961 54.3104 125.886 25.4469 167.446 115.975 104.246 202.501 237.981 110.003 175.508 238.185 16.4338 312.42 279.489 5.40004 61.5925 141.875 140.352 112.706 64.835 35.7763 166.164 77.9145 77.548 13.0407 22.3683 170.901 47.7633 84.7254 192.02 48.9925 73.9082 55.6492 116.334 221.947 50.9395 228.582 331.221 135.977 63.4483 12.6527 77.2555 50.5653 49.1997 94.1256 146.092 62.0656 103.974 68.6374 155.165 116.004 130.543 102.556 151.051 98.029 160.144 193.678 173.983 222.065 167.314 61.256 51.9514 132.894 20.9236 18.0692 172.231 31.4861 38.5001 92.9185 162.708 165.739 144.794 30.6824 176.039 78.4352 45.0061 132.642 83.9323 23.1936 133.179 215.14 23.4726 174.467 71.2323 42.9355 46.5377 50.0984 135.163 136.985 61.0736 138.164 14.8475 114.807 79.7231 50.1224 24.3505 129.564 47.895 208.693 176.589 208.251 85.9129 155.762 100.006 41.6073 52.7492 232.95 88.7333 34.1983 39.0852 63.59 106.14 25.598 168.142 92.3213 150.923 16.2097 78.3177 230.787 220.409 228.587 35.5458 9.70671 149.869 49.7376 23.7386 346.944 1.80697 177.488 104.562 118.151 100.634 58.4449 189.201 109.852 163.604 
36.5387 116.126 112.934 94.8298 101.698 13.4016 13.0329 90.602 34.286 134.576 88.7335 82.5752 122.263 37.5125 23.5742 30.1993 22.016 167.566 49.0812 166.892 164.863 210.417 92.2867 10.202 89.4255 139.088 46.3004 44.6542 57.5658 36.9742 43.5763 34.8283 183.304 105.964 31.8343 16.0876 60.1223 57.2945 125.075 43.4736 5.85009 25.8856 150.115 246.49 68.6183 26.578 182.136 145.44 117.097 169.689 82.9589 169.687 35.494 45.0272 177.356 212.801 42.4686 112.067 77.0469 53.7042 127.087 247.151 41.0874 158.072 78.5834 69.7651 77.7486 103.008 133.64 73.8798 185.129 146.02 116.702 169.436 92.9496 177.136 55.5241 63.2688 32.6497 125.007 106.687 23.2924 99.5518 26.1745 135.309 142.821 36.2472 23.277 14.2701 242.028 142.624 108.466 59.2807 120.465 107.508 202.158 33.7884 15.2182 142.862 16.511 278.99 94.0096 127.327 116.392 54.3433 2.46033 209.267 79.1738 34.4282 135.902 58.4104 58.9259 75.4858 36.5145 13.7697 60.3176 77.6119 232.481 294.026 47.6954 38.0677 79.2171 166.689 111.524 68.8108 200 60.9202 110.697 138.29 140.46 188.975 66.4134 31.7824 95.9048 200.402 120.184 24.4781 18.196 46.5792 31.4544 106.852 94.1632 22.232 104.851 103.048 38.3906 90.2125 78.6523 34.2055 18.4673 59.2123 96.0605 20.6343 40.9348 63.6062 153.538 56.5721 197.004 59.3937 152.479 54.602 41.5948 85.7938 83.1476 49.9099 107.064 23.7363 125.138 91.535 92.7329 155.688 189.811 91.213 142.781 198.877 35.1082 248.812 231.905 12.1313 47.6224 112.672 96.901 114.888 52.0282 23.4288 130.456 57.5356 30.322 14.4601 16.2937 125.844 16.3903 90.9955 128.266 31.9197 68.0344 34.5478 90.5444 170.688 40.6252 182.527 269.285 108.887 47.0651 16.8252 64.8209 47.7477 18.1846 84.2236 120.685 67.8774 85.7177 61.1314 128.98 76.3084 102.64 79.1007 110.832 88.3518 130.008 155.855 138.02 175.576 138.238 50.2802 32.0121 118.082 15.2347 59.9854 126.366 22.4026 56.6294 63.1876 122.593 134.782 88.987 17.5506 137.274 62.1287 32.2324 91.1621 66.041 13.4048 101.718 185.146 24.4326 164.278 45.4132 27.0175 18.1198 42.3002 99.0557 124.747 47.9932 120.366 18.8951 100.477 65.1492 41.3034 29.0013 97.5505 35.2612 184.736 141.213 170.008 66.0881 122.599 76.1755 42.2198 37.0478 196.278 49.9212 14.5228 35.4391 47.2729 82.9091 52.3918 115.827 82.2659 131.142 59.1229 60.9607 194.188 180.142 193.427 22.4505 9.73999 100.864 40.1001 4.37215 290.221 10.7831 135.525 90.142 81.2122 100.879 47.5651 152.052 102.038 116.659 
6.40718 66.5041 64.086 75.8353 34.7032 31.169 42.7587 31.1832 45.8632 78.4714 115.323 130.998 146.004 88.7667 44.5882 12.8749 74.843 139.501 33.3817 74.5256 156.354 118.417 120.923 49.3004 225.98 67.6259 35.1528 16.3354 19.1805 63.5342 181.981 128.891 84.2141 119.294 185.917 62.9627 64.7727 9.07326 68.8717 31.9185 20.9152 132.503 145.606 142.075 24.2185 64.5608 191.818 94.648 133.656 121.639 95.1439 177.775 21.7107 29.2172 62.6739 143.151 199.258 89.6314 172.781 111.151 30.284 136.951 192.145 180.965 38.2507 88.2228 33.6429 84.0383 53.1704 75.7708 95.5944 244.926 96.1537 75.9607 54.1082 256.128 22.2894 32.8627 47.1252 90.3771 157.973 64.9645 210.084 47.8234 149.973 67.8408 47.0889 0.279148 52.0423 80.6671 81.645 51.9339 64.5055 173.141 61.4635 95.2152 34.7193 32.4387 82.9512 57.5569 162.713 40.3997 71.0464 43.5776 72.3647 30.3115 128.126 90.478 80.1403 69.2233 43.7766 143.882 75.7177 23.9631 34.6446 44.4663 136.631 125.107 168.758 190.657 11.2326 61.2876 191.135 34.5765 169.859 99.995 43.9851 27.4658 64.5741 40.2478 105.013 171.472 27.819 77.5448 107.342 67.3323 77.0271 140.321 57.6299 49.6021 24.3125 115.151 59.8383 105.314 35.4458 109.594 50.9173 85.1194 28.8357 21.1811 123.495 136.943 29.8323 114.016 66.59 90.0186 86.4302 45.325 45.4295 99.6389 71.097 133.841 95.5731 66.9054 57.61 101.379 119.118 21.6614 84.9412 127.637 35.8823 66.2004 55.432 66.3162 122.817 142.175 88.2842 189.299 48.8554 37.3357 41.4932 35.8244 223.87 34.8185 44.7556 44.1214 55.5968 103.114 48.3891 47.9623 107.26 79.154 185.374 35.5494 27.3524 80.816 30.4263 122.265 68.5608 22.4162 68.4788 141.407 81.4394 12.4244 46.6217 37.7302 137.113 60.7773 161.368 73.9409 142.156 62.7339 67.0536 75.5066 93.9733 103.106 75.6022 123.18 95.3902 97.1419 72.788 49.0631 117.605 69.955 35.0926 100.434 156.241 49.4923 165.711 88.4226 6.4234 152.044 128.2 32.2429 61.6311 68.7155 22.3426 93.6725 39.8309 6.20897 37.7038 33.8575 20.5859 44.232 169.104 49.071 220.507 47.8722 84.8789 159.499 27.6056 55.0567 134.353 112.72 119.633 79.1222 105.626 30.5123 22.9358 117.934 58.6172 2.98586 212.889 50.6159 95.4366 23.0008 94.6806 42.587 102.117 20.8348 136.543 61.9615 62.4762 39.7282 5.94084 162.232 120.139 60.4146 109.308 173.564 176.196 31.2698 118.415 119.733 118.342 25.6282 27.7485 114.451 26.6512 47.8014 167.842 33.6338 33.4989 87.5136 141.813 184.928 33.6755 108.947 115.186 3.36822 
12.7736 73.3673 62.6392 60.972 47.8004 26.0721 34.2389 41.4772 33.4241 71.4345 104.632 110.252 134.726 72.9067 32.7309 15.831 51.2866 131.844 35.1069 82.2478 150.286 136.675 93.9307 38.4092 192.494 82.941 31.2352 22.2087 20.6797 48.9454 144.815 101.191 100.326 96.4054 147.949 50.9117 51.5599 17.2944 80.6028 32.9501 15.5574 103.876 132.962 165.398 31.9313 54.8267 182.129 90.016 110.719 126.772 89.1069 170.145 18.506 31.5376 81.5673 147.75 161.117 85.3133 138.911 89.474 53.8005 160.297 155.177 170.484 23.4261 70.5342 43.9553 76.7498 63.7452 66.5373 116.2 213.742 87.804 98.0264 60.3429 229.407 25.6345 30.0079 28.3868 94.6035 131.148 49.377 179.543 36.4415 140.899 74.5069 42.432 5.82477 42.1908 119.881 71.713 19.1057 61.1825 147.89 65.0544 119.693 26.8597 25.6642 89.204 39.6477 186.739 51.2521 54.1016 58.7447 52.9472 22.4757 141.961 84.4769 66.9214 69.1705 44.9686 122.838 70.2653 22.6279 26.5712 36.9691 111.708 143.69 194.831 155.882 15.9548 62.2976 173.295 46.7803 145.214 122.516 44.3403 33.4321 81.6326 58.2875 122.883 138.821 20.8775 67.0773 128.708 78.4966 52.358 109.103 40.4817 38.0522 42.628 104.344 48.4898 100.773 40.2764 87.7773 51.881 78.7299 22.7557 16.7256 98.5709 123.014 26.0199 94.6849 55.2476 102.808 67.519 80.3167 46.4936 107.524 55.8523 111.406 89.5444 62.5722 54.0223 97.6269 94.8056 43.7822 78.7414 113.887 64.9948 96.0845 62.1599 83.6879 137.523 115.546 127.071 188.517 39.8894 33.7699 58.1559 31.3737 192.512 36.3239 35.4007 62.4506 48.6142 72.1707 39.6312 38.5402 89.9605 58.208 159.158 12.3674 20.4592 75.2513 20.5623 104.919 81.7258 25.2594 93.925 166.997 77.7397 18.3356 38.9924 43.6292 112.656 41.749 136.896 82.3276 121.756 64.6979 63.112 86.3739 73.6213 89.4767 68.4989 100.029 90.5492 98.2114 90.3721 68.8614 120.832 85.653 36.7407 77.4754 140.49 39.0108 139.962 81.7494 7.39915 127.928 102.566 50.345 78.4198 41.4156 14.2607 89.3567 41.708 9.43868 31.7893 37.0529 14.9085 49.4905 165.664 42.1015 200.49 33.3673 66.9975 123.825 29.5695 54.1316 128.07 90.153 114.817 63.7266 99.9375 38.519 26.7064 94.9381 55.18 10.8315 197.385 72.3127 109.494 30.0712 92.2073 44.7653 84.0955 18.4847 141.566 38.0635 47.2624 37.3947 15.8987 134.217 103.512 45.2276 98.2775 155.089 147.343 35.2968 134.222 127.409 134.52 19.144 22.5581 91.2466 28.006 35.4882 194.201 28.0495 56.8886 84.189 114.065 160.185 34.8093 110.886 109.013 25.9248 
55.5519 169.485 163.917 174.531 144.546 10.2203 18.2281 130.338 75.1988 229.979 82.4904 96.6708 118.414 67.1241 47.9491 45.2013 83.6504 259.17 60.7598 265.815 182.927 266.301 150.783 33.5151 13.4542 182.008 67.0544 62.2974 96.4903 80.8928 72.5265 93.9877 273.262 198.942 84.9169 31.256 114.523 92.6031 158.568 52.3007 19.9344 61.574 186.071 306.614 98.2717 6.81886 186.38 206.454 168.618 204.931 79.6806 170.088 55.587 55.7215 273.233 314.025 64.1888 173.848 157.004 107.797 186.306 312.323 58.6266 148.388 147.344 106.981 103.895 168.42 208.65 122.443 237.341 114.37 190.452 224.707 118.875 147.95 88.5283 97.767 79.7223 149.084 191.139 49.473 55.2359 46.9795 134.67 203.174 35.1267 37.4916 15.3653 340.44 221.526 202.461 58.3206 140.156 145.78 265.255 65.8268 23.6133 213.826 64.1382 347.755 135.976 212.019 161.623 118.544 23.4159 261.338 77.4757 27.3364 200.558 69.7058 2.18586 87.4552 60.0429 34.9534 93.8045 102.046 302.616 368.138 51.6735 55.9407 93.7946 183.357 164.486 18.0273 258.821 76.7916 185.073 181.742 217.97 238.507 81.9425 53.599 140.821 254.405 151.411 89.3173 69.216 102.877 67.71 162.657 96.3623 26.6422 110.767 157.694 53.432 143.659 85.4852 55.0756 29.2562 86.935 80.6586 21.1141 24.7964 93.242 191.509 116.967 289.719 70.1714 187.873 87.0225 27.196 85.742 110.014 47.2108 118.397 61.9125 195.467 113.017 87.4094 229.809 267.608 113.131 188.036 244.607 58.381 345.674 272.632 12.4141 79.3139 155.303 158.055 74.4145 65.7622 36.3332 192.964 78.3888 114.285 11.5893 21.6403 224.616 62.6208 51.1642 226.168 53.9345 63.5747 63.1889 108.101 266.701 53.026 262.76 347.607 171.886 70.3643 6.51136 80.5083 40.7578 66.6042 73.2607 149.932 36.1496 103.52 61.2664 160.817 122.437 174.157 100.753 206.556 87.5929 159.417 206.231 200.35 226.04 178.166 61.5091 88.1336 112.7 37.9624 35.8116 179.918 35.2851 14.0436 91.6245 180.242 178.047 168.071 41.5479 221.948 80.2382 50.9549 148.896 101.852 26.0552 161.694 203.341 14.9356 142.098 96.0265 45.2189 92.9687 59.774 144.07 122.204 100.98 127.543 39.1219 104.318 85.5629 52.3135 60.8861 162.864 55.2094 184.176 199.377 216.47 102.035 155.916 104.959 73.5373 57.3766 282.296 118.898 42.3247 34.4519 72.611 94.1627 34.9818 211.836 78.0553 129.942 55.496 82.4153 238.293 223.159 236.522 38.8433 18.56 157.142 50.4516 34.784 361.476 9.13673 197.871 97.3765 116.843 69.0669 58.6319 190.016 96.0055 190.915 
11.9245 108.363 38.1724 142.748 12.3055 33.204 48.6007 9.85973 77.125 160.227 101.479 126.885 123.213 121.277 52.4505 23.9818 106.364 223.937 16.5622 156.923 112.691 55.8507 126.012 66.5776 256.556 31.651 26.7498 6.10859 52.4111 98.6759 213.019 176.52 151.752 198.859 236.169 81.2022 110.525 38.9233 35.0246 17.8389 30.1146 158.553 109.616 90.4317 6.60751 70.7484 150.835 58.9535 123.295 66.3227 79.1917 140.991 19.5941 14.0407 136.538 229.674 243.273 145.9 245.971 160.339 49.4971 72.9123 231.821 152.004 93.2634 87.5392 23.0697 142.758 113.503 120.954 62.405 238.873 162.525 55.1268 20.8771 237.159 49.6092 27.6262 70.3627 51.0285 237.45 75.9933 220.176 53.3086 121.75 23.3816 41.2911 12.5519 60.0169 93.5649 70.8634 103.622 52.2594 161.353 22.9819 58.3694 61.0354 35.2107 141.124 82.7497 88.0514 67.2737 83.1788 16.1189 121.642 40.854 59.0743 74.7659 85.3622 41.9207 25.1635 160.897 57.0374 44.4322 50.771 40.1055 139.035 41.0137 90.556 230.325 6.69967 36.4694 156.947 19.4514 194.172 58.5917 23.6416 91.3842 41.7875 99.7057 56.7733 187.613 29.9529 63.1363 70.7594 36.1175 110.782 172.788 99.7736 78.5791 61.9054 97.8292 65.8589 79.9293 30.0659 122.364 96.4927 67.295 28.5183 21.1864 132.411 126.143 27.481 126.499 60.4697 46.8352 136.226 58.5446 26.886 48.9346 72.7707 159.163 77.6606 44.6899 48.3239 73.0607 154.393 75.0703 61.3421 114.965 66.6893 88.0967 27.8051 38.9912 65.6147 179.181 87.8391 118.597 58.4699 65.3922 30.8055 48.5171 229.186 16.5201 47.862 83.8703 45.0814 150.925 55.3143 53.6754 192.287 100.453 192.68 97.4476 29.6351 68.6743 37.9352 111.454 145.965 7.11666 112.073 59.411 137.694 10.6135 52.101 22.7528 152.293 84.4075 163.572 35.7849 148.915 34.7692 54.0728 39.8421 95.9517 168.208 57.2574 205.446 76.8004 54.4882 30.8417 84.0312 56.4105 45.0308 18.2605 142.647 138.253 68.4169 196.676 60.1309 8.33779 170.045 136.568 26.1229 38.0206 97.4269 38.8523 167.839 17.5017 12.6701 47.5011 63.2773 24.1413 93.9976 119.642 50.7007 198.384 86.5209 96.7882 208.51 41.5741 32.4884 108.811 160.209 90.1972 101.991 82.5635 19.6447 11.3585 152.909 114.909 17.3541 175.829 70.4653 40.7129 50.7912 56.8047 16.6684 138.231 17.8102 209.786 108.208 76.0259 32.666 20.1508 166.838 142.391 139.795 96.9339 153.436 215.383 7.02666 69.3148 58.0435 73.67 27.985 37.2885 112.538 12.5439 62.1017 98.0028 40.7223 37.8185 64.6088 146.711 186.013 17.6014 57.6447 96.3935 68.51 
18.9706 113.028 82.4536 172.402 29.555 42.4385 63.2015 32.9202 95.8876 189.275 128.422 172.78 155.071 145.018 74.184 25.3068 141.197 249.613 22.8082 177.703 146.508 38.1764 186.84 82.7059 310.772 6.67842 46.9634 9.4376 63.6599 120.617 274.401 217.421 159.649 237.88 293.891 99.3104 133.071 48.6329 18.2372 23.1065 37.9116 205.101 162.45 48.5551 24.0664 87.2925 186.933 115.439 185.95 84.172 97.1104 169.55 36.0571 16.987 150.379 245.69 302.649 162.543 296.562 192.898 54.1568 36.5976 290.054 182.393 120.926 130.035 8.82687 163.075 126.462 139.324 23.6791 302.514 185.514 22.8317 27.6638 296.712 56.5181 54.8884 98.6891 60.3481 280.276 103.195 275.604 75.2942 151.153 73.1957 53.2338 17.707 76.33 78.7081 134.818 156.268 63.3393 221.415 54.4516 13.4283 74.2841 48.1027 150.997 108.972 55.2689 67.0582 144.868 22.6534 151.022 52.569 62.1668 92.9566 109.372 95.4133 32.2406 195.522 79.5491 50.9745 62.6213 69.6017 190.759 55.6442 53.6088 284.648 16.0104 47.151 212.446 50.5367 233.675 14.7958 37.4449 113.888 12.1326 112.386 28.3736 246.522 48.1739 107.367 30.7134 19.026 147.037 222.158 125.382 96.0942 69.5374 128.07 86.0889 99.9885 66.9626 160.876 108.583 89.591 46.8995 32.2634 180.365 157.489 36.4506 159.518 93.6652 31.9905 165.315 77.8718 33.8186 57.4803 107.84 194.358 97.0553 74.0562 58.7166 94.3683 190.925 89.9043 91.2681 148.098 72.9804 76.8675 23.5458 6.93312 52.4421 219.613 66.3071 158.248 72.6096 75.3464 20.3584 88.3318 288.18 25.8667 66.3022 86.4607 70.4329 195.7 69.8499 70.1704 228.151 133.827 240.696 147.435 47.8286 84.0661 59.2303 154.965 162.716 12.0992 108.62 36.7994 154.393 22.5974 64.9035 12.7659 194.496 113.089 211.488 33.7494 185.867 45.8134 67.1834 26.4098 143.925 195.181 86.801 245.301 93.3482 78.8987 9.23651 82.9322 97.0091 15.4702 24.0896 176.327 177.719 83.8888 236.839 111.241 16.1978 210.238 186.393 48.8168 9.08834 150.623 50.3136 190.534 30.7372 22.2906 86.5488 69.3185 35.0072 106.359 148.182 63.6212 245.698 108.739 127.807 262.162 42.7817 71.2624 130.146 193.8 112.486 125.142 103.954 5.59958 6.5229 187.403 133.459 23.1792 222.729 62.6588 34.8529 56.142 91.1521 41.1031 165.204 34.2543 221.08 141.69 101.037 39.9287 27.1153 222.254 168.148 175.194 124.407 200.242 259.641 22.0984 46.681 76.5672 47.6535 42.6177 45.019 171.651 18.9149 81.0715 54.7116 49.3503 49.7382 81.635 203.985 233.76 24.9552 88.2343 114.657 96.5685 
11.8491 72.8462 61.4355 62.949 45.7194 26.5799 35.1266 39.6329 35.0446 72.4111 105.336 111.911 135.31 74.9613 33.8384 15.54 54.0295 133.296 34.6028 81.521 149.928 133.738 95.9157 39.7494 196.271 80.705 31.1141 21.3305 20.366 50.8619 148.831 104.654 98.8005 99.5342 152.465 52.3865 53.3491 16.2045 78.82 32.5708 16.2243 107.005 133.055 162.119 30.5529 55.8663 182.225 88.8658 112.01 125.195 89.3654 170.171 18.3358 31.0252 79.5645 147.802 165.542 86.1775 143.325 92.3208 51.0451 156.807 159.404 170.938 24.931 71.7445 42.6222 77.9301 62.6581 67.9098 113.447 216.494 89.1568 95.2173 59.1047 231.517 25.2802 29.3811 30.4193 93.4502 134.823 50.9415 182.593 37.4611 141.188 72.3076 42.7331 5.17182 43.2584 115.291 70.7013 21.2985 61.2625 149.735 63.6942 116.412 27.9067 26.2937 88.8175 41.7648 183.023 50.1623 53.792 56.486 55.4802 23.4012 139.341 84.7256 68.2346 67.4569 44.4844 125.17 70.3006 22.8661 27.6051 36.9733 113.836 140.286 190.838 159.917 15.1212 61.701 174.078 44.3983 148.032 119.418 43.8296 32.2302 79.384 56.2826 120.225 142.059 21.2157 67.0713 125.836 76.8199 55.2458 112.609 42.6957 39.5742 40.6078 104.941 49.6297 100.688 38.3072 89.9827 51.9414 78.9086 22.9689 17.007 100.868 124.098 26.3033 96.7272 55.7907 100.772 70.0325 75.7654 46.0261 105.807 56.9506 114.014 89.7474 62.2423 54.1842 97.3834 97.7513 41.256 78.6481 114.869 61.6638 92.7347 61.0036 81.3364 135.06 118.754 122.411 187.104 40.9173 34.3279 56.0166 29.9618 195.531 35.7861 36.2358 60.5147 48.7896 75.9221 40.5809 39.5018 92.369 60.4974 161.753 9.9849 20.785 75.5414 21.2032 106.094 80.3785 24.6847 91.2466 162.946 78.4955 17.2578 39.8151 42.7713 115.205 43.914 139.151 80.8155 123.798 63.9473 63.2227 84.6613 75.0242 91.4703 68.5579 103.204 90.6491 97.1776 87.775 66.7668 119.084 83.5546 36.2481 80.377 141.547 40.3337 142.999 81.0238 6.92494 130.552 104.904 47.5492 76.1813 43.305 15.2809 90.2093 41.0246 8.61062 30.7142 36.8068 15.4062 48.9776 165.008 42.7827 201.933 35.2346 68.829 128.086 29.4513 53.0326 128.188 93.08 114.68 65.6031 99.9991 37.4617 26.1223 97.7537 55.7434 9.92959 198.06 69.9206 107.112 29.317 91.4408 43.7938 86.4217 18.1981 141.532 41.0564 48.8863 37.4781 14.7058 136.755 105.517 46.8471 99.0247 156.316 150.817 34.3802 131.789 125.46 132.122 19.5968 23.2171 92.6647 27.5814 36.8901 190.319 28.7131 53.8155 84.0334 116.431 162.505 34.3661 109.554 109.254 22.5944 
28.3888 148.861 45.8126 179.338 59.4023 25.6379 40.1212 51.3281 89.3603 213.734 59.7639 82.3605 68.2892 125.85 45.0594 35.6727 107.64 278.54 11.2856 223.788 42.9865 94.6364 96.5083 66.4764 223.378 73.3805 18.6704 25.8902 76.78 110.121 182.496 179.256 221.269 235.651 223.711 78.9511 132.056 63.9564 61.2706 9.56312 31.328 138.704 35.9987 138.274 38.1779 58.2474 77.4726 48.1764 78.4596 40.9911 45.4276 79.4882 21.6567 13.6369 208.941 300.875 222.279 183.185 261.347 172.288 105.194 124.252 208.55 92.7051 125.394 62.2379 50.2564 178.783 167.445 144.617 111.719 165.137 203.108 111.814 31.7828 154.206 72.2487 36.9588 74.4784 35.09 266.801 64.1578 169.625 42.92 65.3172 60.0102 23.4569 22.757 50.9871 191.517 84.0154 136.649 29.6715 97.4419 30.769 121.912 73.537 27.1446 192.194 84.5789 133.944 102.551 102.525 66.8903 141.026 39.9623 75.4796 41.1046 65.7791 63.488 12.8927 137.466 19.0823 58.2 54.1537 36.1931 97.7469 90.0784 142.951 209.413 23.8413 16.3165 71.9667 68.016 171.373 115.034 6.54444 138.973 85.7656 158.799 95.8044 147.32 27.7271 44.2556 119.975 60.0569 113.13 155.973 116.823 88.7763 107.851 51.0285 52.2156 37.9434 65.4874 98.4644 130.941 28.8859 24.9605 15.86 100.411 81.6314 16.5328 103.603 39.359 70.5078 154.27 147.88 13.6937 47.2089 54.2099 143.997 41.0542 14.5788 28.6131 28.656 149.49 129.818 16.1762 68.5991 134.601 162.863 37.6756 84.9417 86.0411 170.479 186.642 39.0445 52.4838 82.5897 75.9464 76.7082 170.621 10.0852 36.2212 136.448 22.7421 156.9 46.7772 43.4142 239.061 92.3046 147.221 144.678 27.8561 40.7702 38.744 64.2862 214.786 14.1646 182.82 124.866 175.618 31.3661 43.4535 34.4198 123.729 83.8353 117.176 46.6088 114.987 18.0089 28.6546 60.1674 72.4008 202.324 20.4224 243.913 42.9351 16.8592 81.8915 138.54 29.0144 83.3435 11.7334 148.543 80.1918 70.207 179.921 43.0225 16.4589 142.896 102.647 82.3321 82.2921 109.05 45.0446 218.298 12.8142 25.8819 71.0236 88.4081 21.0286 134.887 54.8631 38.2736 125.483 103.674 79.71 201.143 55.0421 41.0683 63.8087 169.576 42.8679 98.8695 40.175 40.2739 19.6487 149.093 152.917 33.0849 92.5883 125.473 71.0511 77.8608 6.01716 23.7489 142.493 21.5622 272.356 125.401 67.0704 18.5461 41.4013 119.87 132.7 187.477 56.5767 86.9676 202.289 21.9833 95.486 47.0924 101.399 23.7379 37.8887 82.1681 8.56653 58.5616 150.612 37.7292 99.2086 28.5486 105.938 135.372 8.88414 20.2775 59.6533 119.105 
38.5659 128.897 111.703 114.735 104.56 9.32938 6.60636 92.9212 45.0403 156.985 77.0975 66.5837 108.487 48.724 21.0917 33.3427 33.0144 193.769 47.6501 188.593 152.469 210.332 83.1745 17.4147 76.2403 140.982 44.4412 45.8496 65.2889 49.9545 16.0972 54.0019 202.766 132.204 42.7294 21.0796 75.0154 63.2461 125.611 41.854 9.91712 4.72447 137.277 248.525 70.2792 20.343 166.206 141.646 105.32 163.989 74.6824 155.805 35.3792 44.0847 196.456 239.293 38.6982 129.387 104.32 71.9162 134.889 248.409 31.4799 143.156 92.0602 62.2211 80.0706 120.968 149.372 88.4237 188.55 117.969 137.058 174.553 91.9493 150.518 62.5047 63.6851 38.0071 120.97 134.277 16.9748 75.4715 22.0712 122.266 143.114 31.3338 25.2253 7.54039 254.837 142.667 119.268 54.0098 100.255 105.879 206.676 42.2113 11.2644 160.104 26.1195 279.002 102.411 130.284 119.397 71.2826 7.92781 206.614 71.0964 23.8442 135.883 56.1006 48.7454 68.6806 42.4144 20.2715 58.9276 60.7568 231.762 294.487 42.8082 39.3564 75.7226 147.538 114.978 60.9527 203.415 58.4574 124.389 141.672 154.931 189.979 41.8417 31.1869 91.5467 203.642 120.688 36.3736 5.83261 60.6404 41.9318 116.119 82.4027 13.5751 96.3674 106.05 22.418 103.005 70.6724 33.2043 16.9725 43.7087 82.0039 17.1774 27.1434 58.3597 153.218 74.3895 207.183 56.9299 149.266 48.8919 37.7164 77.3483 78.5144 44.9831 99.1009 34.6008 136.657 84.3842 78.9347 166.037 201.332 90.4621 145.926 197.324 41.7447 260.437 219.595 9.84333 56.0868 116.848 100.945 88.8422 50.483 18.316 141.913 52.9382 50.2784 8.73422 9.22205 151.81 16.0889 70.0698 140.423 31.434 60.8727 35.1225 76.7748 190.901 40.3258 196.991 270.477 125.882 48.9055 12.0028 65.1304 29.2201 25.0888 63.6277 119.374 51.8994 82.5127 55.3407 128.803 69.3575 123.506 72.571 137.87 80.5556 124.404 158.184 149.153 170.044 140.913 48.7033 49.5992 101.663 22.7324 57.4182 122.156 23.3575 42.5242 47.1832 127.577 138.045 93.7567 22.9314 159.012 60.5157 34.0328 94.4722 74.3036 12.5483 114.752 173.086 18.7539 142.764 57.6735 14.8294 37.8656 46.7655 98.1739 114.169 65.9151 110.876 25.1905 91.4939 66.7217 41.4096 39.2653 113.27 38.0349 164.954 150.285 169.52 73.2228 116.415 75.1867 54.3776 37.0866 219.232 64.6163 9.22923 32.0612 50.5707 61.3881 52.3502 136.152 70.7797 112.468 61.7716 60.7406 193.818 175.563 193.584 21.3053 13.0069 92.4588 38.9742 8.42269 291.398 10.7775 142.154 83.2495 64.7176 79.7093 45.8977 146.187 92.8395 127.101 
32.2286 152.935 57.4628 174.28 73.6434 19.3513 31.1923 63.8347 83.7808 212.74 41.2298 50.8366 49.1063 114.103 35.4189 37.2921 93.7226 274.496 20.5817 228.822 43.9968 127.978 70.9922 58.4627 187.262 94.367 18.7343 32.3032 78.4053 102.086 145.886 159.328 230.295 224.69 191.796 69.0281 126.112 67.3324 80.2729 17.1139 27.9626 112.046 7.13797 171.558 47.8035 46.9482 66.2747 61.5677 50.2332 70.5249 36.3992 72.2415 22.4134 21.6105 218.644 303.779 187.289 181.048 238.486 158.034 118.734 161.072 173.852 78.123 123.681 43.1294 60.6214 175.528 173.249 139.6 136.641 118.649 199.311 133.879 48.4234 111.318 74.2498 40.7861 66.171 55.2065 250.372 49.8668 130.599 32.1558 52.0946 80.5916 14.9871 24.4374 40.8459 218.856 89.7909 133.895 25.5307 54.923 49.5164 149.91 70.2879 19.6655 196.007 74.1149 175.62 108.785 102.925 83.7394 132.289 34.408 111.121 31.7377 49.4779 77.5782 22.6341 114.062 8.20018 57.8955 49.1516 34.5658 65.1376 130.413 186.922 176.65 28.659 28.9221 32.7043 82.0181 145.158 143.27 19.7091 143.151 104.545 167.428 123.764 110.094 24.3566 40.3637 146.716 77.9374 98.9689 128.625 109.776 82.6943 116.325 30.0434 39.408 34.7587 75.7996 74.8253 132.122 16.5527 22.0206 11.779 71.8157 59.2011 9.88968 81.798 27.289 94.0195 144.107 170.667 22.9969 73.7822 38.9903 122.038 31.916 19.3576 23.3545 29.7268 129.841 138.981 7.79017 44.4668 150.337 182.327 52.2071 104.98 116.53 147.475 216.26 72.162 43.8826 81.1496 90.6695 81.7892 128.463 20.6022 25.7702 146.174 13.9326 139.045 37.5449 33.2079 232.25 76.0917 113.156 147.255 24.6853 32.1473 34.7271 33.5564 222.06 21.4675 197.524 167.903 174.116 36.8954 34.963 43.4766 96.3307 72.1815 83.3406 66.4466 88.9137 33.2434 23.0658 79.7449 53.1921 195.331 7.68611 232.826 37.0433 42.774 105.638 149.665 65.1713 102.103 20.937 133.343 52.0091 62.7864 154.531 50.4075 18.3509 116.081 72.8212 97.4601 100.902 101.077 41.9593 217.137 25.2781 28.6549 75.1148 90.3736 16.7774 138.182 63.8224 29.0898 93.0001 98.3194 61.4147 173.263 56.2273 51.4583 56.7192 154.337 40.3925 86.2062 33.0919 49.1375 26.0158 130.398 152.525 36.0313 66.3447 139.274 99.1434 81.4746 30.919 36.0787 128.882 23.2633 275.338 116.631 53.9488 15.2463 45.8433 82.9176 116.213 185.393 36.9565 52.8179 175.512 32.5769 123.205 80.3146 127.748 19.105 33.9362 60.0814 16.4965 49.2449 191.981 32.4523 115.332 28.0223 72.2005 100.882 18.1314 52.1671 51.5278 126.551 
19.7164 126.34 16.0618 148.642 40.5035 25.5747 37.9215 32.8732 75.0459 175.463 72.568 85.2175 87.6192 112.951 38.335 29.4039 91.0669 239.669 13.5809 182.869 73.9262 85.2499 80.8397 59.3009 217.313 60.7848 9.98346 18.583 60.7772 94.6653 170.589 159.578 183.658 200.235 204.285 72.0415 111.522 48.9458 54.7042 13.754 27.2178 127.816 53.6364 127.334 24.4972 57.6908 108.254 12.9849 69.4255 54.4269 58.446 106.261 11.8276 14.4723 168.83 257.704 206.674 157.095 231.025 151.752 79.8782 111.663 194.62 116.168 98.5651 53.6973 41.1093 151.952 136.205 124.628 97.5174 178.324 172.813 92.9609 28.0774 176.033 58.5688 19.0527 59.3435 44.7484 232.991 57.4875 172.706 37.6224 87.6195 28.1292 28.6365 16.4937 48.3965 151.661 44.0734 98.3374 39.0449 104.624 13.711 102.05 61.5922 25.291 162.337 71.7189 124.676 85.115 63.6791 48.4514 118.5 35.0996 73.2622 53.9015 65.5422 27.2319 19.1868 134.855 32.3269 48.6145 47.1629 21.4296 95.362 73.2094 131.524 196.151 15.4335 26.4762 97.3949 42.5634 166.234 98.4627 11.7238 108.047 71.824 126.201 86.3064 141.682 19.3045 27.2554 106.465 54.366 95.3946 142.238 97.1758 75.9356 84.1309 65.3292 50.2057 56.2703 37.905 93.38 108.883 42.5521 16.7518 12.818 94.7001 93.7159 18.6468 101.077 32.5159 65.8782 132.382 107.08 20.5912 50.6155 45.9854 136.397 55.3037 13.9721 36.2364 48.5396 135.672 99.7382 29.1718 80.7371 102.937 131.312 36.3521 70.4722 84.1278 156.979 148.251 77.5867 49.3124 69.7364 59.3286 47.5516 176.748 11.4233 33.5196 110.314 20.9296 133.662 44.7767 41.2831 200.441 81.0176 150.939 102.848 19.2477 51.095 27.8185 69.834 174.812 11.199 149.653 106.153 149.367 20.3214 42.3887 31.9367 119.927 70.9189 121.008 45.3707 117.212 26.2598 38.8126 56.1582 59.8858 173.395 26.544 207.299 57.0667 32.971 65.8662 112.662 28.6343 72.0813 14.9549 130.503 96.686 62.3873 171.073 16.3731 10.2041 139.642 97.0562 55.9799 68.1179 78.2214 36.9446 183.522 11.1906 17.1075 43.4437 73.4882 17.2741 110.053 86.0092 39.3762 147.77 85.5689 74.3529 180.777 47.5435 14.9304 82.9378 149.866 63.8168 90.1519 57.6529 33.7543 17.6069 135.671 126.471 24.3176 122.953 101.838 63.0926 62.8201 21.5703 8.79251 128.316 11.1747 235.233 102.169 60.1022 24.1603 30.1905 119.613 126.547 149.847 68.02 104.709 189.577 13.6775 91.6384 52.8907 96.9908 18.393 34.1401 66.8511 9.59839 51.6898 139.287 35.482 71.9067 44.6664 100.072 142.369 12.5145 33.0885 74.5495 86.6326 
18.2781 33.1298 108.667 55.0808 62.6153 36.6282 50.4983 59.1675 42.3164 41.2611 141.209 167.159 180.016 84.2057 59.2052 4.55488 88.1401 88.3453 46.2394 16.0996 202.447 158.76 169.356 50.988 243.777 92.7107 54.7888 27.064 9.84885 58.1769 210.631 130.028 31.7699 94.9035 198.285 64.6639 51.6838 13.3757 90.6441 43.026 21.6613 153.454 200.736 173.836 45.1445 72.2557 238.744 151.874 188.25 163.938 116.038 217.738 37.6299 39.913 13.1467 78.7553 215.976 54.935 162.114 102.728 48.7199 177.928 211.08 217.607 40.6961 123.168 43.7508 52.5238 6.66987 54.9021 118.036 292.159 60.4981 95.0783 76.8208 306.953 2.74976 60.1576 63.2482 119.558 133.757 81.1746 242.613 63.2367 185.328 118.117 58.4293 9.5083 59.4256 101.086 144.437 96.909 78.8089 223.37 96.8473 123.395 28.2808 41.1009 38.1318 66.4411 209.886 21.8406 130.392 70.9071 66.4209 33.7153 174.363 111.383 94.4375 123.224 58.6171 156.891 100.787 12.3868 33.7781 72.0845 174.874 181.34 218.306 205.492 23.5634 81.787 247.632 72.4762 181.168 128.805 62.6841 23.8327 82.5835 15.3164 135.811 206.837 43.6336 119.552 131.033 87.2188 90.5654 159.778 54.6321 44.8462 23.6755 145.253 71.6351 132.75 76.583 131.783 20.4438 109.787 45.2931 30.4494 156.073 164.107 37.4532 130.344 96.0921 117.496 76.4557 92.4319 60.2864 135.184 99.3049 142.774 118.48 97.9934 69.7624 130.914 124.502 28.8013 117.429 157.366 54.4879 69.843 73.3288 87.4332 159.451 148.303 113.64 252.882 53.2427 22.907 58.6868 78.7468 261.62 49.65 57.7405 25.9697 79.7675 114.275 54.8835 57.2281 74.7349 95.1377 214.208 86.5831 43.1991 97.8881 48.0236 159.836 8.8705 32.9849 47.7846 195.323 46.8996 28.5696 52.3843 47.0114 159.143 73.2028 194.326 99.0508 163.706 84.975 83.0342 98.1398 133.117 74.3653 105.727 97.172 116.908 134.514 102.906 34.1509 171.729 87.2423 47.9573 100.177 193.097 49.1881 173.528 139.526 15.7383 169.234 162.492 68.9381 80.6697 112.325 23.7843 49.5086 58.3978 19.2999 78.4938 11.5562 28.3819 8.39814 215.706 57.0687 264.565 44.476 102.264 171.281 16.4263 94.1026 163.134 106.725 150.828 81.7555 132.645 39.0392 30.3795 121.246 28.7025 12.8506 264.819 49.032 131.151 4.65508 135.629 68.726 97.4082 37.0468 80.7915 68.6809 75.2075 48.5378 18.7057 200.915 122.598 49.3186 134.879 216.837 181.882 49.3769 148.94 165.162 145.608 37.4464 27.1538 164.397 37.7218 55.1696 211.455 35.1732 65.2526 111.457 184.014 217.145 46.6671 153.765 138.056 48.2561 
28.5316 150.994 68.7331 203.019 51.8193 36.5407 56.5765 47.8229 105.98 234.287 93.557 137.385 107.782 150.685 67.1221 35.7955 141.12 300.782 4.42253 235.124 81.5296 43.4339 159.108 83.2332 286.696 45.5533 36.3321 20.97 82.864 130.831 250.888 221.509 222.68 270.315 286.101 98.4956 151.716 67.3005 32.1692 6.21117 39.0284 189.727 105.252 84.828 35.1041 77.7793 118.473 87.13 146.921 18.5275 66.6375 109.384 32.692 0.339349 212.493 312.791 288.081 197.277 312.555 204.931 97.8509 67.1851 273.36 127.456 144.221 107.396 37.4736 195.753 172.894 161.307 75.0352 243.469 222.411 83.4526 10.8641 228.337 75.692 51.8437 99.3738 14.3463 308.399 93.2007 236.105 66.0993 100.161 67.9663 38.5723 24.2738 69.4686 166.824 123.647 171.385 42.0436 170.698 36.2967 84.3658 84.8356 41.5038 198.14 109.759 66.5629 99.6345 142.553 53.2042 167.061 51.9034 18.1537 63.0378 94.0951 86.5191 9.59064 178.159 49.2452 63.0826 65.8124 59.7836 157.533 43.5355 72.7487 270.2 23.2568 16.3312 144.124 68.3509 217.455 74.9165 16.1309 149.938 60.6989 161.44 52.2922 214.754 43.2982 84.6076 79.373 32.0606 147.712 209.351 138.986 105.054 106.805 89.6856 75.3746 60.0304 75.9365 142.001 138.994 57.7454 40.8021 27.0618 154.393 120.642 27.7261 142.003 74.2655 32.4815 181.429 138.159 10.9831 2.54457 90.7972 183.963 64.3517 47.5185 40.79 52.3564 188.589 132.086 56.4757 110.331 126.944 145.631 13.7143 58.6053 35.095 214.73 157.374 67.0929 68.3574 90.6983 61.0256 95.9899 242.003 8.37093 56.6664 132.808 51.3467 199.876 63.3931 62.1102 268.621 126.728 205.048 172.289 43.2085 59.228 56.2852 117.534 221.984 7.19546 173.319 65.102 189.129 31.7399 58.3658 19.7595 172.466 111.59 174.887 13.9708 159.351 12.4636 44.1139 28.4937 121.522 226.393 57.7464 279.277 61.3817 29.512 52.6695 132.068 42.9353 56.2345 4.67262 182.407 130.031 86.1162 225.84 83.7046 19.0642 189.838 158.864 78.3578 58.1156 150.123 54.8436 235.616 12.8882 28.5454 91.3156 91.7785 31.7007 141.416 78.4144 53.8553 184.118 122.295 114.213 257.747 55.7695 60.2488 86.691 203.586 66.8037 123.828 65.2938 28.4098 9.8713 186.158 166.15 33.9627 150.7 113.521 29.7227 79.28 48.5751 30.0146 170.904 31.5036 281.057 153.787 93.633 26.9863 41.5323 185.03 162.387 211.921 91.2425 146.303 252.008 17.7706 49.3994 8.89115 57.6073 37.6313 46.0458 142.52 5.14812 78.1618 83.933 47.4561 91.3035 46.8969 170.579 193.555 7.00537 33.4902 80.0114 129.025 
16.0049 38.4398 101.44 58.3845 57.1074 35.9535 49.5606 53.9689 43.0722 46.8235 137.459 162.073 174.954 85.6997 57.1577 5.47265 86.4867 97.9642 43.9822 26.1972 195.093 150.519 162.3 51.1157 242.5 87.1686 51.7234 24.8248 8.87186 59.4944 207.373 130.901 38.6781 99.6114 197.784 64.9053 54.1375 9.66139 85.9906 41.1022 21.6968 151.08 192.215 166.324 41.2449 71.4503 231.448 142.689 180.145 156.525 112.885 211.489 35.1389 37.9634 15.3007 90.1234 214.841 61.4192 165.291 105.023 42.4779 169.021 209.514 212.078 38.847 118.054 40.9685 58.3804 14.1878 58.9604 112.219 285.85 67.1415 89.4773 72.5963 299.882 5.98563 55.817 60.8753 114.38 139.032 79.0305 238.684 61.0779 179.929 109.555 56.7812 7.94809 58.6194 92.2047 134.542 89.528 76.6062 216.175 90.8169 116.244 29.4301 39.9254 45.7974 65.3843 199.93 22.9231 121.148 65.1645 67.6756 33.3974 165.609 108.225 92.6614 114.424 56.0577 155.784 96.9015 14.4327 34.1858 67.8202 169.562 170.638 207.764 204.58 21.2916 78.2943 239.14 65.6898 180.548 121.821 59.5576 18.6577 77.826 9.3885 129.079 202.323 41.2423 113.062 124.95 82.9133 88.8735 157.725 55.2385 45.9455 18.3697 140.799 70.151 128.421 69.771 128.984 25.8778 106.016 42.7902 29.0788 151.651 160.313 36.3695 128.509 91.6685 111.829 78.6805 81.5769 57.7304 128.684 95.1922 142.352 114.989 93.0663 67.9338 126.193 124.603 21.0818 112.352 153.117 46.8945 64.3277 69.8006 82.2007 152.121 148.461 104.473 242.307 52.9109 25.5392 54.0432 71.918 256.872 47.0907 55.9455 24.0374 76.0791 113.151 54.1898 56.0759 80.4539 93.1481 210.697 77.9491 40.7992 95.3468 45.3638 154.387 18.7158 31.0348 45.8505 184.23 53.2906 25.6598 51.783 44.9207 156.557 71.6071 189.986 94.2071 161.117 81.1324 80.585 93.4352 127.374 79.8951 101.076 102.178 113.585 128.224 96.3654 32.1431 162.566 82.7792 45.7005 101.019 187.771 49.645 173.515 131.422 14.2158 167.527 157.818 61.79 75.8018 105.631 23.57 57.5051 55.2057 17.1269 72.0344 15.4444 27.2634 14.6054 208.104 56.078 258.294 45.0039 100.076 170.657 18.242 87.7611 158.679 108.636 145.887 81.9774 128.45 36.7962 28.8152 121.679 33.6749 10.5793 256.998 45.5163 124.088 5.23126 128.973 64.3128 99.0378 34.4863 90.4605 67.6174 73.6211 47.197 15.7827 195.704 123.086 49.0775 131.19 210.569 182.345 46.1387 142.455 157.064 139.588 35.7006 27.4833 156.999 35.7934 54.3443 201.787 35.1859 57.9357 107.644 178.117 213.008 44.4299 146.195 134.585 40.4294 
38.9649 120.236 120.993 100.709 107.648 13.2534 13.2489 96.1986 37.0339 142.293 90.4718 86.6645 125.024 35.3273 27.121 31.5654 29.1493 172.273 51.291 175.544 170.756 219.341 101.824 9.06964 80.6174 145.374 49.7927 47.1044 61.352 38.7394 42.5699 32.3294 191.222 110.883 20.2146 12.8911 63.3272 61.118 130.267 45.2895 6.45045 26.2909 158.196 255.553 72.8144 24.8713 186.925 155.552 126.458 176.762 84.6131 173.533 38.5423 46.9729 186.544 219.444 31.4299 115.46 75.5981 53.2859 134.19 257.204 31.8264 160.653 85.4459 76.155 81.2346 106.825 140.505 75.8914 192.48 146.698 120.939 176.745 97.308 178.833 58.5279 68.4132 38.5908 129.919 107.954 26.7444 97.0209 29.3673 138.549 152.075 37.1443 24.9652 13.2502 253.865 154.536 120.263 60.5471 126.369 113.832 210.906 35.9118 16.5566 148.217 21.702 289.991 97.9804 139.446 122.693 58.6085 4.42146 218.258 80.9598 34.1614 145.793 60.7981 53.8933 78.8109 38.2132 14.2377 65.5849 82.6521 243.738 305.748 37.5417 40.5178 82.4228 173.218 118.874 61.8869 208.399 63.9837 118.353 144.233 148.287 196.605 68.659 35.0921 103.456 208.102 125.031 31.8608 17.7209 50.8437 33.1437 112.909 97.0408 22.771 107.959 110.734 40.0004 94.3741 81.5018 37.4671 20.2495 63.8582 97.0065 21.3065 38.7585 68.8209 159.697 59.0828 208.753 61.746 158.955 59.992 34.9428 87.9173 88.2222 50.804 110.826 17.4959 132.848 96.3299 94.8082 164.39 198.697 94.9193 149.08 206.633 27.0232 260.778 241.404 9.73352 49.617 118.231 105.297 113.437 54.5658 25.5715 136.816 61.4952 38.0353 13.2845 16.7544 132.341 22.0229 88.8962 140.305 35.2443 69.2154 38.65 95.2885 179.443 42.6537 190.758 281.39 112.746 50.2138 15.5486 67.2491 46.316 24.1249 85.2209 125.703 66.0257 89.3558 62.6357 134.12 83.901 105.98 83.6774 115.881 90.3178 135.998 163.191 144.46 184.772 143.838 52.4633 32.2219 120.823 14.4204 52.0356 135.366 24.1528 51.96 68.072 130.278 140.728 99.7944 19.731 143.1 65.3523 34.6731 99.1948 68.969 15.2751 107.019 191.186 24.0059 166.19 49.4433 28.8351 11.0587 43.5006 106.13 127.261 47.0559 123.946 14.7718 103.342 67.9462 43.0292 23.1602 102.624 37.6145 189.45 147.695 177.52 69.5446 129.153 80.8579 39.3713 40.1142 201.679 56.5584 17.5581 36.1765 50.3301 86.3167 47.1434 124.737 84.123 134.791 50.0714 64.3654 201.379 188.134 200.319 24.9805 8.85627 110.286 42.0104 7.94886 301.306 9.03504 143.49 93.0342 87.69 100.146 49.7273 159.422 103.664 125.404 
46.9296 172.509 117.616 185.643 116.761 6.54145 17.4644 103.911 83.7731 236.374 32.3789 35.4976 55.3676 96.3884 35.9696 44.1571 87.2718 285.714 42.6593 264.657 106.786 207.849 96.9474 47.4483 107.551 146.707 44.5827 50.586 93.3483 96.661 88.2278 132.113 269.532 225.492 140.086 52.4101 127.961 85.4263 125.945 35.9074 24.6822 73.5704 103.098 250.928 78.1748 21.6516 104.209 142.235 97.9226 142.788 42.1667 100.625 40.5749 40.5141 263.285 330.647 125.02 190 209.603 141.038 163.265 249.419 112.142 84.1002 143.423 64.7208 87.5558 184.002 204.396 140.148 197.676 14.685 208.522 190.629 88.5329 48.4694 87.0846 72.9145 72.351 105.194 235.514 39.5042 40.5229 31.9196 71.4802 151.735 12.9935 33.0288 22.7173 298.933 162.895 174.929 33.155 53.0917 104.484 220.39 72.2569 14.4911 219.378 68.6851 274.718 130.924 163.195 131.167 132.234 28.4772 195.674 39.6523 16.8399 147.803 47.5375 61.591 46.7202 63.074 44.09 65.6865 47.9065 229.96 291.724 115.376 45.256 62.8351 83.8185 131.812 87.2434 212.942 51.1316 175.092 152.005 206.249 190.809 55.4328 38.5831 92.734 211.577 120.742 93.1222 89.8007 111.833 79.5002 149.318 39.9291 19.5709 63.7087 124.26 41.5728 147.583 42.5337 38.4581 18.7568 50.3056 28.0286 6.00797 37.5343 56.713 149.9 138.335 246.406 47.654 136.842 54.5684 77.988 44.6448 68.9654 25.5547 69.5277 98.7281 178.888 64.4996 27.343 203.472 240.469 86.6476 155.648 188.729 107.049 300.133 175.414 27.7901 85.7992 131.337 126.357 29.1643 45.6802 21.5524 181.513 46.0199 127.992 20.0128 17.9094 243.639 62.5779 33.3873 196.633 39.0463 32.7531 48.6559 44.9696 261.589 39.6056 246.185 273.038 185.209 57.3377 17.0634 65.0239 44.821 67.2 14.5906 113.465 28.3266 70.9012 32.8149 126.279 78.248 197.486 56.9874 233.959 49.7588 105.809 165.867 187.26 154.992 148.299 43.0129 115.604 39.996 52.7926 101.712 121.509 28.4909 58.2443 51.6702 148.597 148.236 136.071 43.4784 234.932 56.137 42.3851 117.693 102.903 19.2417 160.454 126.515 7.60623 59.5082 102.432 38.0677 133.711 62.0018 103.914 72.0363 135.101 74.2592 65.2173 57.0529 71.5126 41.2963 99.7451 168.568 48.7613 89.3171 180.995 166.681 98.2234 99.6135 75.4626 107.698 42.2607 298.266 122.227 40.8672 18.7628 63.346 37.1179 80.7781 210.984 27.5033 44.9958 122.869 61.4566 188.843 159.125 190.135 27.1431 27.787 99.3147 35.3377 39.572 290.475 22.0147 167.633 57.0217 62.5654 18.8519 40.2165 127.794 56.3012 169.131 
36.6777 49.7053 157.304 46.1132 108.29 36.4034 49.6321 100.46 32.2513 60.4564 155.597 184.776 202.353 54.1413 66.4076 16.4244 86.7505 19.6643 62.6444 82.4862 245.331 230.798 201.889 39.8463 214.218 144.122 73.465 46.4236 37.7514 37.1072 200.59 96.6291 94.1907 47.7036 164.524 50.0005 29.6441 44.9658 133.16 56.6261 17.2957 145.717 248.173 250.019 76.1833 67.3777 277.045 211.671 228.687 217.395 130.576 250.719 53.5056 54.8577 105.288 67.6363 185.54 16.1835 101.566 61.9387 110.069 260.723 185.613 242.696 67.3652 147.156 73.2938 16.0827 72.4679 9.50923 180.103 303.796 17.0164 157.383 110.133 326.988 29.9504 89.0753 73.3624 157.536 60.4567 85.0971 238.202 70.8554 211.784 180.171 64.9896 21.9329 55.7813 205.111 208.738 147.277 89.8115 251.481 139.836 196.885 19.4862 44.1512 55.193 63.8012 300.262 55.9023 189.763 120.865 50.0678 30.0642 244.827 126.177 94.1403 183.638 76.5458 140.72 122.073 11.4405 23.8306 97.8664 191.892 267.969 314.64 175.568 41.544 105.696 288.759 125.082 156.461 199.041 83.7711 81.6304 132.759 92.5468 198.766 210.116 57.12 157.986 196.069 127.145 89.2625 147.607 46.3724 28.6305 79.8176 164.949 72.0496 156.772 125.96 132.833 33.9902 129.083 59.6628 37.2927 167.516 175.193 41.3583 123.942 119.307 167.723 45.2152 187.711 78.0715 185.197 118.296 120.869 135.505 128.173 78.0307 158.526 99.379 97.1313 146.599 172.683 130.789 149.547 103.115 140.143 222.464 118.631 217.572 321.94 46.3791 10.3872 105.607 126.096 262.234 67.8611 63.3548 86.2405 100.091 103.87 51.1977 57.1311 44.8551 94.7149 211.144 150.204 56.8371 108.853 62.9541 182.841 91.8707 48.2441 122.884 292.496 20.7517 51.3279 48.6742 67.2872 154.014 73.847 201.094 138.918 160.313 112.055 95.2176 140.176 160.629 17.7578 131.756 47.5224 133.718 177.079 162.421 93.7608 235.299 134.484 64.3004 73.3052 213.553 35.4073 143.26 190.792 26.8073 155.449 175.129 127.457 130.635 151.727 23.6307 36.9217 81.1153 35.6661 122.525 28.4272 33.083 51.403 262.235 56.7358 285.517 40.3579 102.935 143.487 17.4046 136.994 185.66 68.5376 178.582 63.9447 154.73 62.6441 44.4443 93.8336 37.9079 31.6197 301.411 107.477 190.788 39.5109 178.241 99.9187 63.6185 53.7753 67.0463 71.6086 75.0805 54.9478 43.2808 212.898 97.8612 81.6319 148.901 241.604 144.73 73.9417 208.552 225.355 203.294 46.2067 18.8547 201.541 51.6257 51.9248 303.645 28.6867 129.895 133.345 204.095 220.123 62.4307 205.601 154.123 110.474 
