10  30  300
1137  3698
558  3002
1179  4438
1216  4728
297  2669
248  2199
351  2154
554  2629
1100  4087
1121  4830
341  2002
543  2382
473  2287
121  1238
529  2508
90  1054
160  1359
125  1257
163  1443
240  1787
247  1731
463  2168
128  1233
469  2412
320  1967
167  1431
358  1976
323  1855
442  2286
174  1461
118  1186
90  1041
358  2020
539  2611
550  2616
160  1327
358  1997
83  1000
114  1178
553  2586
27  23  34  14  13  8  12  7  7  23  29  10  30  30  19  27  7  5  34  18  25  21  14  9  20  11  20  22  21  30  34  8  18  6  35  10  17  12  13  14  30  24  24  23  33  10  15  14  21  29  13  32  6  18  19  14  8  9  27  21  31  15  13  19  6  32  10  7  21  17  6  27  31  34  24  25  10  35  24  18  22  11  19  11  14  34  18  23  35  29  21  5  26  26  18  18  23  20  19  9  13  8  15  8  5  19  14  26  13  27  6  23  6  30  8  34  11  32  31  12  15  24  22  34  12  15  14  21  33  21  7  12  23  23  24  15  6  13  23  17  10  27  28  10  30  21  33  7  35  32  5  28  15  19  28  32  11  19  20  11  28  7  12  21  32  34  7  16  20  31  18  7  10  9  26  29  22  17  30  10  11  18  30  17  7  16  11  33  25  7  13  5  29  14  22  33  35  34  17  35  34  32  35  20  8  32  18  32  33  30  31  16  32  27  35  25  19  25  8  22  8  5  20  21  21  30  22  26  8  10  8  10  28  14  21  8  10  23  11  8  17  21  12  10  20  27  25  5  19  5  31  5  17  29  27  15  21  16  8  28  30  8  11  34  12  18  21  26  5  26  31  6  18  18  16  29  30  12  31  33  27  13  34  30  32  28  10  5  9  8  8  21  11  29  21  15  26  30  23  28  
4.68041 6.76848 0.246451 9.45904 3.99236 3.93473 2.12592 5.56171 8.50232 2.68721 8.7944 8.47857 2.21542 5.83952 1.69166 8.74351 7.68925 4.51624 2.9582 7.15005 7.93043 2.27398 2.21888 7.73202 9.80974 8.15803 6.25064 7.07317 5.22346 8.32829 
3.41098 2.68238 3.94612 5.73459 3.90913 5.34511 2.58137 2.58575 4.4123 1.61614 4.70402 4.48775 2.04434 5.0091 4.71185 6.13416 3.66391 3.44884 5.01177 3.07288 4.15052 1.82768 4.34031 3.94501 6.01325 4.53979 3.9479 5.12309 3.19583 5.43183 
3.82589 6.55676 1.20022 9.58969 4.76038 4.91223 2.64157 4.9582 8.293 2.37734 8.60161 8.44585 1.91978 4.86941 2.72235 9.22059 7.62468 3.64391 3.96282 6.9101 8.02277 2.31633 3.19239 7.81907 9.90658 7.61999 5.46671 7.6572 4.45334 8.72513 
2.10292 6.11554 6.55712 10.0142 8.90085 9.82111 6.79861 3.32196 7.25327 4.8542 7.56787 8.29444 5.01779 0.636889 8.06028 11.3821 7.54179 2.15914 9.07125 6.17265 8.60135 5.70296 8.2491 8.42573 10.1027 4.85849 2.05676 10.5481 2.28319 10.5908 
6.80867 4.09621 5.53962 4.26602 2.58263 4.29998 3.65141 5.76836 5.12204 4.5071 5.24282 4.16959 4.70375 8.40896 5.30066 3.00372 3.78338 6.83774 4.67924 4.44597 3.14506 4.01828 4.51295 3.02488 4.70642 6.81961 7.20702 1.72412 6.56426 2.56063 
8.13874 3.79774 10.3583 2.98412 8.86895 10.6301 8.74774 6.20739 2.08127 7.97364 1.75863 2.30785 8.43695 9.12036 10.888 6.25842 2.91097 8.32194 10.751 3.46934 3.34275 8.24113 10.3043 3.44575 2.62407 4.33601 7.06993 7.19674 7.35128 5.49913 
8.53348 4.23902 8.54941 1.40904 5.75351 7.4103 6.66225 6.92696 4.04771 6.94038 3.95237 2.59909 7.27389 9.99599 8.47487 1.93068 2.96465 8.63464 7.86742 4.33578 1.74037 6.72742 7.7026 1.87491 1.85893 6.70436 8.29682 3.12362 8.01144 1.19585 
7.59794 8.93384 2.87779 10.7972 4.08102 2.76974 3.77225 8.29403 10.5885 5.31254 10.84 10.2257 4.89456 8.76003 1.6243 9.17904 9.53988 7.43948 1.96771 9.34394 9.43881 4.61318 2.15815 9.26442 11.212 10.7609 9.12363 7.29987 8.09641 9.03489 
1.44158 5.61769 5.95832 9.51791 8.23984 9.17281 6.1438 2.79329 6.85088 4.19454 7.17232 7.82306 4.36584 0.367263 7.44794 10.781 7.04913 1.50171 8.43524 5.70617 8.0734 5.04516 7.61374 7.89286 9.62709 4.61887 1.69546 9.91088 1.68832 10.0002 
8.47677 5.04518 7.31017 3.55922 3.97952 5.47813 5.44052 7.23099 5.53501 6.30917 5.54724 4.23952 6.52388 10.0554 6.91085 1.19407 4.21429 8.52607 6.08602 5.30023 3.13853 5.84463 6.08266 3.13265 4.01906 7.7799 8.67582 0.948285 8.14427 1.0678 
227.963 101.858 118.731 83.6503 86.7617 42.1513 71.6382 45.2735 42.344 36.3669 114.475 28.6088 205.886 270.184 176.039 125.774 23.1232 49.4939 249.531 143.778 121.878 37.1263 48.2447 20.321 54.1137 91.3147 135.845 92.2011 39.1429 115.045 287.37 66.5305 95.8555 53.1384 65.6198 81.8138 151.095 105.978 91.1366 45.0988 49.9808 66.6013 95.984 157.426 146.398 50.3999 97.9974 88.6029 96.3772 244.472 103.269 333.65 49.1872 72.8753 29.3268 79.9276 79.0444 57.2517 73.889 64.7857 140.012 93.731 137.428 85.5874 34.8023 105.582 60.7168 16.7092 42.3182 75.9074 40.9157 85.283 204.56 271.446 59.359 153.775 27.2946 209.566 16.6912 70.3827 114.537 31.2983 102.125 21.6521 97.7008 58.5735 79.4465 74.5712 179.649 296.228 149.097 39.2176 73.3544 176.3 100.682 42.4017 52.983 30.396 17.5462 37.4055 30.3628 11.6788 46.1186 18.574 49.0917 132.431 21.4225 152.104 72.5814 137.093 26.0324 171.732 32.9592 149.689 31.3366 113.656 26.3066 35.1207 38.3977 107.949 87.0123 87.5678 146.549 299.574 41.7678 95.5438 38.6301 92.3801 210.176 143.998 40.9147 66.6995 48.9207 145.761 178.797 107.282 32.509 90.277 73.8508 34.7542 49.7844 55.6003 151.465 79.8423 242.732 126.743 111.486 2.03356 258.173 81.0757 22.5092 289.527 137.046 147.012 57.7742 49.0872 23.4629 160.087 112.457 51.6973 65.3245 56.3555 129.048 66.7864 38.614 37.5562 47.5286 136.592 73.0609 149.676 62.6793 7.92223 80.8297 63.1882 132.217 191.497 124.132 47.4652 192.779 28.3225 66.5248 80.2392 222.898 147.696 38.6167 83.4606 24.4589 151.301 59.5126 50.1198 71.9429 36.902 187.095 109.412 90.8285 143.51 323.123 62.4166 73.3905 111.484 131.18 107.995 276.977 155.21 70.5152 98.4846 101.665 107.611 62.1537 73.6459 165.502 76.0534 247.783 171.732 298.803 133.036 93.5525 160.242 55.1705 95.9151 44.8239 9.7193 36.0986 76.4818 142.787 324.996 82.8184 50.9937 64.6653 53.0522 21.5728 73.7277 53.9948 14.0255 79.9354 66.4024 21.0493 89.1045 57.3606 48.5702 130.697 199.947 99.5416 12.7576 28.0138 152.841 154.354 27.1775 27.9991 38.9738 132.298 34.2678 132.387 89.8537 112.716 101.436 180.745 96.1158 6.93941 189.699 51.1766 30.9893 110.281 157.53 94.8762 50.3564 146.159 141.649 32.0005 36.246 266.788 22.855 62.2828 40.4386 22.4201 137.963 173.045 82.7041 115.134 233.352 203.988 81.986 157.415 55.8402 51.6586 50.5731 103.845 23.9421 31.863 17.6558 63.6474 23.5732 46.1318 64.0836 114.84 69.4678 167.172 316.672 175.84 55.3892 
104.161 82.4901 137.184 36.9435 96.3978 6.66535 15.6911 15.8922 10.749 73.3058 160.085 27.1443 174.076 141.59 112.523 43.8688 24.2273 30.337 120.973 117.359 28.3399 121.597 82.8277 23.7447 48.1944 58.2396 70.4307 131.286 61.3017 180.705 130.7 30.9829 49.7343 39.0735 143.844 37.8058 80.2772 52.0121 47.0506 56.6183 121.555 85.2363 37.6042 79.9639 73.4032 68.3749 55.0279 34.8788 19.6973 119.727 46.5801 226.748 21.3849 104.056 117.387 33.2688 48.03 29.2137 165.112 67.7228 135.651 102.432 91.2221 59.9118 9.69193 59.2429 75.6603 15.9275 84.209 48.8061 12.9424 85.5889 75.3758 143.312 115.941 61.6895 19.527 252.506 111.702 22.4957 158.247 22.2094 142.698 65.0582 36.3517 136.148 33.1896 41.2301 28.8104 208.979 55.5246 32.1214 114.07 62.5269 67.3356 73.0165 95.6653 86.2062 77.5221 4.81217 33.8019 37.3932 24.0118 18.909 30.7151 114.585 86.5229 182.585 17.8647 72.5453 18.5855 119.178 5.32397 16.7554 40.8166 149.63 44.6182 117.228 176.129 74.7842 33.6168 31.213 60.8129 143.154 20.8112 119.983 26.743 6.93361 253.063 66.7504 14.9486 56.008 90.2227 42.9583 70.6263 48.8838 16.7787 76.8929 53.4486 66.5036 3.31741 107.145 200.676 33.9758 129.444 140.619 127.27 32.6722 99.6139 73.0264 4.46156 192.978 72.9254 74.9846 162.389 186.47 65.8123 115.304 150.876 53.0349 108.641 40.7949 87.6094 66.4758 162.243 133.99 17.535 71.581 34.5496 16.6154 80.3233 36.5478 34.2386 31.9235 176.411 223.297 64.8787 73.4523 135.949 62.5704 19.8342 18.1528 182.586 76.0865 14.7654 96.3364 32.0275 188.344 74.197 25.09 89.5514 22.5283 158.016 86.4431 141.646 23.158 183.74 176.365 51.5729 68.9831 58.9124 142.745 120.622 65.1128 42.7797 183.226 130.664 172.485 110.32 74.7457 87.5575 48.4715 195.176 211.703 201.743 159.502 19.3899 53.8105 35.2917 16.1136 32.9858 18.8004 120.638 45.3168 55.8831 224.745 59.7399 76.4519 28.6541 9.10899 15.9417 62.2196 108.156 77.9152 103.419 53.2115 60.202 19.2493 76.3936 28.5436 70.248 141.893 49.5489 57.7596 70.006 53.8373 81.5221 14.122 102.905 15.913 12.2343 13.5878 69.7446 129.711 79.3946 121.309 90.7329 25.2367 30.3594 86.5573 179 34.4614 70.2922 19.0293 63.3893 48.214 96.1985 119.979 12.4022 128.011 192.822 18.1575 38.5353 104.704 95.5939 165.512 103.84 29.0759 75.4939 172.548 79.299 30.8384 151.456 186.381 106.949 82.4701 68.3845 29.733 54.3644 32.8003 34.2539 94.8115 5.28057 145.778 33.473 93.1855 156.194 220.659 68.607 88.2963 
274.201 78.2258 88.2514 81.6293 28.5985 59.6881 91.1354 62.2882 56.7977 103.683 32.2159 66.9667 116.877 267.078 147.684 144.899 52.5109 44.4481 237.551 88.9951 188.14 70.3644 18.0239 52.7666 125.652 73.7839 199.251 14.7521 116.229 26.5707 314.164 69.3701 157.559 38.3461 224.996 84.7905 146.252 110.49 131.458 36.3369 186.063 169.458 122.283 228.932 259.118 3.20985 83.6051 90.892 123.427 246.008 131.837 277.587 58.4711 15.4885 100.268 80.3884 71.5184 86.3923 62.2313 151.169 81.4721 30.2727 117.76 73.74 39.7186 209.673 13.5634 37.08 66.5431 70.1474 49.7965 195.477 280.844 251.13 56.2478 224.978 56.2892 47.9052 96.669 122.174 12.6318 66.7025 16.7674 71.421 106.042 212.125 90.4436 113.164 226.439 235.493 163.572 24.0236 62.4875 193.244 77.3372 52.3608 157.598 122.993 77.9086 55.4367 77.2712 49.3407 86.481 43.6865 43.0642 72.8012 72.4177 33.6419 103.866 128.978 22.9918 125.029 42.07 215.288 12.2783 76.064 31.7699 141.92 173.027 83.1074 130.598 156.09 206.099 323.343 58.9211 24.8616 78.0062 138.309 55.3649 204.636 43.0482 39.7007 72.6981 167.852 226.238 148.101 52.9738 50.7848 99.5013 110.791 69.2485 176.957 19.337 97.3002 327.859 38.2744 91.4556 31.0097 285.215 187.515 29.3083 244.627 134.765 137.767 186.644 120.458 33.3008 115.985 19.4315 24.9748 85.9087 40.059 108.955 152.41 188.904 137.108 63.8575 177.541 137.27 197.559 38.9951 25.9932 92.5321 90.5897 10.2693 56.791 199.014 41.9908 136.55 23.0922 92.7399 103.415 134.365 144.947 59.4228 22.2084 45.5417 36.7999 158.476 70.955 12.2582 30.0024 106.003 69.982 14.7555 196.348 300.463 222.672 65.9852 227.922 240.57 69.6338 294.425 167.597 60.7292 53.0267 16.7622 46.2985 199.07 135.719 272.616 135.893 158.637 44.3048 231.47 27.8603 142.125 175.761 42.7775 151.274 31.3861 31.7505 72.1603 149.856 149.219 270.227 166.233 149.536 80.2454 66.2136 41.6909 42.6001 93.8152 73.7804 35.8684 42.6007 31.1116 144.804 5.47723 40.3597 117.897 153.628 97.8832 55.1897 84.5068 228.983 237.871 25.0371 115.959 47.3697 197.121 46.7279 121.596 64.5313 216.193 30.7394 180.417 112.515 38.3233 183.402 182.22 19.0217 95.9646 237.787 72.5367 73.1351 110.654 84.1952 33.0942 86.538 193.975 46.4747 80.7852 48.8732 69.7897 36.6178 143.22 107.666 130.843 157.709 230.884 116.625 89.2592 182.355 181.687 152.611 88.9593 4.94466 10.922 53.9369 58.0004 122.088 68.5662 73.0526 170.625 7.44717 79.5631 258.387 206.365 167.9 
52.8595 134.754 233.224 48.1058 119.293 28.5134 31.7338 23.4368 20.774 160.013 239.631 65.1319 201.295 48.7217 79.1716 111.563 49.6306 17.2631 88.136 122.101 106.045 197.38 125.463 58.8397 125.553 47.5069 97.8581 191.085 143.162 267.667 2.52945 6.71445 96.5807 35.1352 279.342 10.1139 33.0718 8.81621 62.0151 98.0228 238.168 175.378 112.404 109.381 179.956 93.6259 59.9286 38.71 83.0835 39.5203 37.5053 158.843 9.28767 153.482 190.727 49.2067 26.6141 44.8949 255.848 145.402 205.653 129.435 59.7852 102.38 16.8822 181.526 97.7012 42.9609 156.506 87.8339 11.3336 185.019 104.777 90.8537 194.578 103.947 58.4273 326.584 201.486 89.9508 214.459 65.041 191.675 107.938 23.7567 268.212 80.4814 122.777 118.131 159.737 31.542 33.8397 195.461 48.4317 91.701 132.775 183.624 164.057 148.559 39.2961 84.4573 68.5554 82.3716 50.0007 18.8703 132.08 140.446 237.889 46.9272 120.998 32.7587 118.968 18.1611 112.581 62.3237 248.314 80.9919 238.377 296.685 62.0136 64.6221 123.457 84.738 10.5247 61.7582 153.049 81.0908 88.3848 321.216 89.1977 21.8601 74.934 168.719 50.3236 57.1706 58.6817 31.9645 88.4457 129.262 132.096 36.2405 211.25 268.86 19.2957 133.053 180.287 222.543 59.3035 40.7357 197.846 20.1666 130.583 26.0089 49.1254 271.339 304.378 104.709 105.757 199.965 77.3052 202.235 39.0583 59.5901 143.69 287.079 260.344 21.8305 62.8866 109.024 113.904 131.421 62.353 8.1997 41.7183 240.99 279.296 116.891 126.869 159.199 96.1446 37.2581 73.7812 198.81 29.2587 31.3288 131.126 71.5131 269.321 170.765 31.5076 119.015 20.8828 190.114 89.5601 204.675 137.21 92.3848 308.459 92.1195 203.035 182.38 235.218 30.7094 17.5208 29.1697 284.296 172.673 268.089 238.746 184.232 168.108 96.6931 203.135 269.562 170.789 215.034 78.1935 56.9037 37.0407 97.4018 44.3218 38.1604 193.635 121.685 45.2144 158.154 137.031 177.877 18.9576 32.0035 46.4521 68.865 205.793 132.148 160.537 53.5373 95.73 108.935 103.519 35.2483 51.8239 115.662 21.0507 96.6045 144.575 113.017 130.166 21.274 177.023 8.95827 132.866 17.0797 47.7842 217.157 169.039 151.318 30.5941 40.2809 61.1199 79.0309 296 55.5013 44.1219 140.337 57.8236 109.302 101.034 162.868 13.1878 221.646 174.335 39.0041 96.443 167.125 155.927 233.89 137.976 31.8608 166.526 187.037 26.0843 49.3264 226.098 303.332 231.785 191.519 44.768 41.7378 81.6489 63.4965 22.941 176.735 47.7274 243.742 83.7838 131.529 191.193 160.854 28.0968 197.306 
224.162 60.1835 112.493 51.8475 32.8506 52.592 74.5923 54.8532 48.5753 130.984 99.6772 73.8798 4.97289 179.308 80.376 114.332 58.3088 27.3444 144.962 22.6569 174.677 130.7 61.8293 60.0683 138.091 35.531 186.796 78.8747 137.375 122.292 233.132 48.6654 154.383 15.8852 276.176 58.8596 95.318 78.5666 122.262 50.1037 230.711 193.827 107.284 213.372 259.486 36.395 43.0014 60.6491 103.347 165.96 112.672 159.951 46.9859 64.0988 151.227 53.3667 44.3738 81.8654 148.297 168.148 70.8565 31.6779 70.6436 54.3683 29.6336 218.27 34.7625 41.3323 100.49 52.7421 39.7115 216.194 247.66 149.464 109.728 206.603 60.4147 105.717 148.537 120.137 87.1169 71.5182 80.7367 96.4477 75.6313 261.637 72.8508 112.368 184.366 127.358 118.254 5.55372 104.862 138.911 38.3928 80.0607 189.204 155.539 112.068 50.6469 87.4048 63.7241 89.3043 49.0781 25.6319 3.47401 110.303 75.2931 92.5907 85.8485 17.9128 44.4159 34.443 191.337 25.291 118.885 48.5317 190.495 247.383 38.8439 121.214 155.545 185.739 238.783 56.2829 57.5335 83.3325 126.187 108.497 187.05 29.7436 15.9766 107.495 126.24 189.528 133.086 51.7326 2.12897 100.387 133.623 60.2521 213.713 102.615 79.6869 296.207 45.8158 113.307 45.8743 208.818 206.983 24.8585 142.756 90.2647 82.9475 247.67 210.874 66.5052 45.4425 79.8518 23.5153 125.127 14.2204 64.9189 168.355 254.395 194.989 55.545 156.535 139.773 166.766 60.5679 43.6356 71.4226 83.8284 91.2024 88.9565 193.419 68.8 46.6829 55.6923 81.7733 87.5009 22.1682 95.5199 55.7729 37.7927 54.8087 93.6264 181.142 65.1987 40.1989 13.991 12.1012 17.5415 93.0165 171.793 188.224 288.595 51.7404 239.874 242.654 111.279 209.058 120.685 33.5414 148.406 63.1641 128.04 237.504 153.152 267.676 138.564 38.7346 96.7089 104.797 66.5148 130.71 126.034 17.8688 141.801 13.8955 38.2938 131.139 155.556 101.789 159.186 175.45 175.391 67.0133 53.3888 44.7367 5.83228 136.573 107.603 66.925 13.0057 61.3552 138.587 39.3358 20.5206 66.9344 75.3072 63.9138 79.7347 112.371 211.481 228.002 15.5826 156.929 38.5263 179.903 41.2273 71.1766 109.341 225.774 52.9531 121.126 85.7915 51.0041 113.627 254.359 23.4471 57.0969 217.503 30.2785 80.8773 43.4365 37.1207 22.2766 148.365 78.5 49.5449 77.4464 102.393 114.356 76.0539 75.3863 91.3446 119.668 41.966 174.051 105.132 73.8192 257.573 220.907 181.441 52.8627 14.1264 40.0181 64.9434 33.7224 159.942 62.6401 144.009 155.952 49.8663 18.5732 146.952 161.682 197.902 
271.605 94.0662 150.425 76.5081 21.66 66.2448 95.5666 67.0111 60.7488 159.115 114.184 88.1465 56.2361 227.716 105.197 159.849 68.2052 34.1867 203.009 36.854 216.339 143.447 67.0497 72.4325 166.701 51.3297 220.884 85.3353 164.987 131.306 291.629 62.2428 183.776 21.6501 318.901 75.8528 122.485 98.669 144.548 65.1496 266.922 226.421 145.909 252.703 311.902 34.8862 69.1852 85.2988 138.675 214.287 135.561 193.717 57.5213 70.9572 165.446 77.955 55.4769 97.0528 159.463 197.797 108.697 25.6367 85.4199 84.2582 40.1623 266.649 28.4028 51.1167 121.868 79.9323 50.2795 254.601 301.554 205.088 128.254 249.31 74.9411 87.4848 170.485 148.71 80.827 87.6109 73.316 106.86 100.19 303.028 102.612 146.995 244.607 153.973 155.077 9.92116 128.852 184.629 69.5274 98.2444 218.107 178.817 131.708 65.3674 105.396 72.6075 111.838 60.1985 32.245 30.9228 120.593 64.6491 114.839 131.988 27.1831 79.7817 44.8529 242.113 30.9109 151.421 59.6563 226.714 274.591 52.5048 146.613 193.093 223.784 296.672 74.7249 45.5246 103.73 160.899 83.01 223.258 42.0552 34.5262 131.483 166.75 231.787 159.161 61.5639 23.0407 133.848 154.995 77.2466 247.543 93.2402 97.2927 348.603 40.193 151.554 52.4885 270.05 252.411 33.2283 174.314 114.244 114.638 275.309 231.451 72.2944 67.4838 70.3655 34.9066 154.803 23.1305 77.538 198.274 287.006 230.956 67.7711 184.671 170.717 219.427 77.6346 49.0255 88.8933 99.2933 87.494 63.3369 229.681 84.8471 99.3474 59.4395 100.781 117.555 59.2935 123.192 67.5194 41.9571 68.904 107.615 215.297 77.2762 36.6065 22.1554 61.8551 32.9757 95.9239 226.517 241.16 325.048 78.0858 292.244 295.827 141.251 269.359 155.362 45.0704 163.256 55.4825 145.944 280.133 194.05 318.231 163.704 75.9499 75.4456 150.095 66.8764 162.512 170.074 31.4592 177.86 27.4907 44.6052 142.727 187.601 138.608 188.445 208.572 209.864 81.1064 70.6937 56.2683 16.9511 166.167 119.686 83.274 18.7913 66.6185 175.388 36.883 34.6149 94.9825 95.6436 83.7975 88.2673 135.451 257.202 269.825 24.2864 175.625 47.3304 230.878 49.9388 99.2399 135.673 267.008 38.2104 155.758 113.906 60.0414 162.462 280.937 32.0677 71.0715 274.093 47.7606 105.38 78.7986 76.4566 31.0771 169.257 112.455 58.4848 104.54 112.029 125.219 88.7589 128.015 112.4 166.583 95.7015 221.345 127.526 115.357 282.849 261.356 218.01 64.5242 15.5715 42.9492 74.9718 46.7411 183.027 80.6649 165.009 191.546 52.1836 40.3234 175.481 202.101 234.715 
227.948 37.7946 47.8504 55.7484 30.113 47.877 71.5617 51.7911 45.9135 89.4369 35.4888 58.9531 70.7673 210.283 113.044 100.342 47.5975 35.1221 173.283 63.1128 154.541 83.6625 30.9031 45.8418 108.562 53.6585 172.882 32.5836 102.109 57.5412 251.818 54.4331 136.685 28.5742 212.317 66.0995 114.029 88.0279 113.929 22.525 175.483 154.806 86.337 198.126 222.819 19.545 55.1693 65.1688 90.5575 191.346 110.919 221.225 48.0728 25.2018 109.555 54.8996 56.5538 74.8916 87.8416 136.019 25.3448 26.3281 94.3726 40.4605 29.2784 176.913 24.394 30.7 57.6196 40.8562 39.6096 175.428 234.374 186.679 56.7106 190.469 46.3327 72.0132 97.7207 100.711 51.4753 56.1369 50.9087 73.5102 80.5817 199.485 61.1787 84.121 169.879 186.392 125.508 16.7901 49.5225 146.282 43.2534 43.1702 148.285 117.694 73.5991 42.8692 67.0858 48.1284 69.9737 36.7609 33.8229 45.4113 79.5227 48.4929 84.9679 80.2581 12.7487 83.9148 32.3685 171.663 7.31019 47.3922 25.9989 128.93 181.311 62.3683 110.419 128.164 174.365 260.525 42.7536 43.1909 63.7914 109.031 82.7824 175.161 30.4351 17.3585 61.108 127.578 186.97 126.203 45.9475 31.3268 69.994 103.422 54.2553 165.585 61.1806 80.3498 283.985 33.2638 52.5571 31.213 221.808 159.331 21.5898 194.552 106.348 101.759 190.103 139.466 41.7788 83.9708 51.6288 4.29571 69.1724 28.1775 87.7163 136.737 189.344 126.923 53.1005 152.8 115.664 149.396 22.5597 28.2757 74.7011 78.297 48.2097 73.6816 172.912 32.9114 80.904 33.3656 76.3735 75.5487 89.089 112.762 50.2549 13.7386 36.0615 25.8354 141.073 61.217 23.1076 20.6433 58.3642 48.3211 47.632 147.262 234.298 221.073 37.1268 193.292 203.094 43.3819 229.673 130.869 45.8478 76.7653 39.5302 56.1851 180.664 106.306 236.927 119.722 108.624 72.8504 169.476 30.9201 116.1 130.877 27.8195 122.148 16.2322 29.452 86.2898 128.849 110.568 218.019 146.125 132.121 66.948 49.8722 33.3934 28.2761 80.4993 77.6299 20.086 30.9436 38.8776 115.31 21.9264 25.2054 85.6845 118.31 75.1941 58.2843 74.4489 192.276 206.983 15.8224 117.793 38.867 153.849 39.2106 89.3694 47.202 191.004 43.8643 140.752 84.9128 35.5833 130.839 190.619 7.98573 75.7794 190.689 50.9219 53.1807 71.7013 35.4715 23.9184 91.59 142.17 41.3044 56.1153 61.9294 78.8371 18.8428 86.5511 88.537 85.0948 99.8966 182.527 97.9592 26.3772 193.124 164.571 134.046 70.9055 4.6702 20.2948 50.6815 42.8433 118.77 53.2177 79.5817 141.477 20.9949 45.1442 206.762 166.111 150.697 
176.346 88.8925 115.867 64.9976 91.8774 26.9128 49.5148 31.7542 28.9751 23.2323 130.448 11.8763 194.731 222.253 153.445 87.736 14.0386 42.5843 201.27 135.208 73.6019 72.0135 61.6996 3.37851 16.9541 79.4092 98.9623 107.242 1.99279 140.718 226.814 53.08 63.4411 48.3583 53.4065 65.2036 124.859 85.49 67.0062 45.0928 41.4431 39.2751 62.5148 114.71 85.939 58.0922 81.2416 67.8285 62.405 197.752 78.1636 296.395 37.8291 84.49 64.2618 60.9578 67.8288 40.7373 111.176 35.5167 133.261 98.169 121.146 70.8055 25.0161 44.1763 67.673 4.83185 49.3418 60.7261 29.803 46.6115 144.703 224.034 77.1339 106.013 8.87982 229.502 51.7267 35.6245 133.674 10.0544 120.16 34.3732 74.3475 46.1574 55.9766 42.6339 119.752 266.36 113.406 36.9013 81.9922 132.902 86.0512 47.1766 41.0155 31.7268 31.9569 21.308 6.01407 15.3531 18.5487 3.99785 42.5106 126.467 47.538 166.038 47.5169 107.491 21.4337 152.555 22.2022 92.8564 34.1014 119.317 29.1018 39.0813 88.4919 96.4098 58.384 41.337 104.338 239.231 25.4072 107.123 13.2889 53.2942 230.787 104.176 30.618 61.732 54.2878 106.258 132.684 78.5904 21.6833 85.6818 49.9916 24.2781 31.2681 40.1602 173.194 60.7456 186.046 133.405 106.464 14.1304 197.463 19.2802 14.37 255.618 113.184 120.214 85.2211 106.598 40.9698 144.545 129.747 50.9822 69.3644 50.8953 114.571 36.6097 72.1375 55.786 34.0105 105.926 34.7921 95.8266 65.4716 19.4187 62.4404 46.3788 151.102 207.354 84.5075 52.5753 170.355 42.4612 45.2938 51.5697 209.271 121.058 25.2859 88.52 16.9374 164.592 20.8876 36.9716 79.7134 31.5523 176.141 101.635 111.631 87.8516 272.111 83.9376 59.9468 44.6171 66.3966 114.065 217.586 120.851 60.5084 130.942 114.689 130.351 24.4612 41.1483 109.99 49.2256 229.847 190.765 264.479 144.136 56.9085 119.454 47.5988 53.8015 39.5534 6.13756 71.6098 37.9129 109.73 290.264 45.9685 7.07853 49.2707 35.8127 8.69492 69.9515 60.6833 38.5745 86.0814 62.1141 37.3058 46.1137 65.6118 40.4285 108.257 180.07 80.9169 29.5262 26.3307 101.014 109.116 21.5387 49.5409 29.469 75.6753 24.6207 109.146 98.2474 68.5614 111.273 147.106 68.774 8.91306 150.335 94.2416 30.5677 96.028 92.7702 83.518 35.6563 127.239 131.206 24.4535 69.848 241.284 13.4542 41.8834 66.4098 53.1553 147.776 143.868 59.6311 84.676 210.916 155.646 56.9646 150.078 101.532 17.7044 3.505 91.3265 26.1515 40.7473 13.455 52.7854 35.8328 26.2875 92.4271 74.3025 78.9366 163.753 283.582 133.236 16.6471 
63.741 120.002 195.914 51.3424 117.467 7.37088 13.222 4.0327 2.36521 109.734 210.312 36.2805 215.453 134.223 121.059 85.0416 28.2779 30.7461 137.183 139.238 31.9613 155.746 107.148 35.1312 70.5309 66.0841 43.8458 169.401 89.6235 232.874 104.886 28.0445 40.0537 44.5105 180.377 35.032 78.6157 45.5858 28.5733 80.9241 154.877 104.1 78.4547 48.2352 77.1103 85.6026 70.4912 44.9907 52.9748 114.385 24.3268 238.024 13.2669 135.256 143.722 48.8514 48.4227 18.8401 211.041 82.3865 186.939 126.724 94.0328 90.3322 14.3111 92.4543 92.5897 26.5177 120.054 75.9815 7.98066 103.772 22.7592 155.616 157.338 29.2494 34.1268 311.227 149.281 40.0283 196.238 36.1095 175.562 77.5567 36.9947 173.503 61.9804 81.01 70.8211 224.558 53.291 38.305 159.256 65.7867 92.4489 104.089 116.561 108.852 107.569 20.2189 49.9051 46.513 46.355 30.4559 31.7091 141.023 106.164 226.195 7.13419 111.2 28.3536 143.503 9.13618 36.6286 54.6194 208.63 63.6234 166.909 216.782 83.6806 18.008 59.2858 26.1374 116.701 41.6805 145.426 47.6237 38.9447 308.324 34.9702 21.6429 74.1628 129.643 47.4232 32.1235 24.2109 13.1781 94.8103 93.4477 83.6369 14.3291 134.089 248.736 19.1614 79.3801 174.931 184.379 43.2016 87.8938 114.935 12.5969 201.307 69.2175 82.4067 192.828 237.16 84.0045 133.143 185.282 71.2516 156.946 47.8998 90.7885 80.4267 201.279 188.433 5.36317 43.8199 51.6242 62.4844 111.499 47.6984 24.2694 18.8148 221.1 271.263 48.7498 102.993 174.14 79.5759 2.72723 47.514 221.091 74.0535 9.28571 123.093 50.6166 244.674 100.781 14.4517 111.59 26.9546 199.22 103.084 179.901 79.4607 184.773 212.726 79.2808 105.607 82.6601 198.264 108.879 57.614 46.2145 238.625 161.378 228.135 148.73 125.176 70.8344 46.1821 233.372 257.253 229.095 201.6 22.8568 64.0092 43.8969 38.8194 44.5153 24.093 152.673 59.2087 63.5482 234.458 69.5075 109.662 15.7305 19.2957 28.7373 75.4736 155.73 97.0195 139.677 62.4108 76.6726 53.1035 95.2922 38.1949 79.4231 156.526 49.407 71.03 102.115 28.0745 56.0276 20.7311 125.534 8.88877 63.8877 5.04689 77.3676 180.141 84.5657 146.34 86.696 32.3411 42.1395 105.22 215.884 48.1462 72.5697 51.5477 74.2319 79.4043 119.188 159.732 15.6681 170.722 221.137 20.4331 69.7635 134.906 119.818 214.662 142.806 9.33785 128.514 212.484 62.0089 11.4034 207.379 223.713 147.753 120.885 70.7361 38.2484 70.0009 40.3357 37.6647 120.531 23.9635 195.298 17.8112 119.012 195.252 233.215 45.084 121.402 
213.624 44.4943 26.7182 57.9509 53.48 40.0129 63.4764 45.0237 39.9615 45.8685 44.2954 41.3898 123.761 221.006 132.954 86.8125 34.9206 39.253 186.742 94.7724 124.613 50.3614 24.2991 29.7704 74.1259 65.549 147.863 42.5404 63.3009 56.1162 248.428 55.2436 110.82 37.5948 143.979 67.3183 121.541 89.4271 98.1795 7.11557 116.789 110.133 66.262 169.997 173.353 28.685 65.1057 65.7672 74.8576 198.738 100.853 259.098 45.2656 31.4254 74.7716 55.2866 62.8963 63.1789 58.1959 98.171 55.4468 54.3003 108.347 42.0702 27.2443 126.508 37.9206 18.9183 15.9889 39.4496 36.4292 127.113 204.309 205.687 18.9704 161.491 30.298 125.076 51.2603 75.6604 69.778 38.1458 65.6432 52.0086 79.0956 133.119 51.6615 55.2734 146.621 225.164 122.549 25.5943 5.40083 142.37 57.1031 7.48908 103.698 78.2573 35.9477 33.0886 44.0045 32.2768 47.5865 22.9995 38.4181 80.1749 54.0729 88.4899 71.5503 82.4831 12.4496 113.674 28.2513 141.195 10.2948 20.0104 4.1973 66.0185 121.733 78.2319 92.3135 93.9812 150.875 259.185 29.4 62.6758 41.6193 85.878 132.343 151.416 29.8162 34.3701 15.6319 119.769 170.048 110.537 37.3999 54.6232 42.8945 70.5545 44.981 113.298 90.6644 74.6495 252.537 71.7667 24.7201 17.5377 216.234 104.779 17.622 225.757 112.143 111.058 135.012 86.0668 26.0205 111.322 71.3526 21.3241 14.3763 38.2868 101.526 99.2093 126.113 59.5321 46.7815 138.292 85.2957 124.635 13.1243 15.6349 71.6993 67.6125 74.2574 120.894 141.938 2.38164 116.598 22.9018 65.5874 61.5641 141.231 119.098 41.475 41.3948 16.9657 66.3757 95.454 53.1562 40.9401 25.3606 107.921 71.715 50.2718 117.124 256.443 153.688 35.4881 137.022 152.24 20.1328 229.973 129.682 53.0977 50.3117 61.3051 39.2013 118.12 57.8031 192.099 94.3799 161.724 110.419 213.189 69.7402 94.0945 126.568 35.9624 95.3743 24.4136 19.8168 54.7201 95.3294 110.971 254.609 109.424 84.117 61.7041 43.5852 20.9171 46.3124 25.1657 50.8639 23.8051 44.7474 24.4122 86.1726 33.1468 30.4756 96.3023 147.406 79.3074 39.2099 35.5189 160.284 173.167 16.9519 80.4174 36.1123 119.946 34.3822 99.0325 11.7368 146.421 66.5372 146.991 78.4117 19.8083 138.852 132.784 8.98539 86.4328 152.406 65.4539 27.2835 94.796 71.5764 24.0332 44.2637 187.176 31.0625 37.5136 37.0446 50.9652 61.9523 104.691 79.085 61.08 147.128 175.719 83.9932 64.4837 136 103.486 82.126 81.5206 11.2529 16.7374 35.1704 47.7499 77.1508 41.2184 33.5167 117.557 34.3897 95.3837 244.882 156.915 98.3121 
55.15 125.815 205.719 53.3551 120.606 9.93249 14.8483 3.14288 3.7627 117.333 218.746 39.3982 220.901 130.819 120.986 91.6266 30.24 30.3878 138.316 141.8 40.0033 162.667 111.454 38.0837 77.0029 66.6399 42.9603 175.805 96.5508 241.893 98.5343 27.1022 43.1252 44.9831 191.321 34.0346 77.1277 43.6933 27.5127 85.0649 164.391 111.224 85.2427 46.8546 85.8532 88.4372 72.3938 46.4022 58.5538 111.723 20.1062 237.059 11.5228 140.51 149.963 51.1329 47.8072 19.043 219.732 88.5324 194.924 130.352 93.3217 95.0168 15.1856 102.826 95.2672 28.8372 126.777 80.1881 7.42925 111.636 17.6135 155.652 164.905 30.4313 37.4432 320.388 157.232 45.9313 202.531 39.7348 181.035 81.0196 36.96 184.265 66.5778 88.1936 78.9799 224.663 52.7061 39.0418 167.226 66.2928 95.9792 109.751 123.526 115.206 113.855 23.0474 54.1602 49.0519 51.3218 33.109 31.4527 144.511 110.771 233 11.3372 116.95 29.8771 146.198 10.3937 46.2505 56.9087 218.647 67.0767 177.511 226.874 84.2623 20.0485 67.2167 23.855 109.953 45.3239 149.46 52.2631 45.7094 316.908 32.8574 22.666 76.7753 136.967 48.9476 24.3083 21.5148 14.136 97.1625 100.411 88.9244 17.294 142.462 256.562 16.0506 72.799 180.111 193.976 45.523 85.2787 125.494 13.9617 200.215 67.4786 82.6126 201.549 247.756 87.6103 134.812 190.913 74.0801 165.764 48.6306 90.2176 86.5288 211.565 199.657 3.44981 39.3049 58.0043 70.7794 116.745 50.0139 22.0825 17.9793 228.407 278.582 51.6071 108.21 179.093 82.7962 5.04897 52.4055 225.86 72.5699 10.6074 127.267 54.1636 253.771 108.743 13.5985 115.09 27.406 204.805 105.018 186.504 89.0399 182.239 223.315 83.6108 116.931 93.3 207.679 105.383 55.6173 46.1985 248.622 166.314 237.834 159.359 134.874 76.0216 49.5824 237.837 264.409 231.176 208.225 29.0821 65.8055 44.9128 46.1159 46.1439 25.6674 159.286 65.5846 64.4279 233.323 75.6454 118.184 13.0888 21.4569 31.3672 77.1511 164.734 101.611 145.707 63.4333 79.9559 60.679 98.3784 39.4776 79.9905 157.295 48.6636 74.2921 108.71 33.1028 57.4127 21.6843 131.598 7.42683 73.7391 3.9895 77.6735 188.869 91.363 150.202 84.6568 34.2096 44.7916 107.327 225.509 50.3777 71.9995 62.7626 75.2699 85.0038 121.9 165.501 16.1234 179.259 223.675 22.0414 75.0965 140.762 125.124 222.498 148.18 5.44771 137.269 217.356 58.4634 11.3145 216.026 233.356 158.215 130.135 70.2357 39.6164 72.7661 42.7805 37.7544 127.305 27.4364 204.586 23.5104 123.26 200.728 232.63 40.3612 130.461 
50.0989 113.862 195.747 40.0911 112.081 14.3414 11.0833 12.5898 8.49649 124.1 209.842 47.5181 193.797 90.6075 95.7385 79.3966 37.1943 23.5918 95.4594 122.994 61.6323 166.943 109.248 43.4732 90.7992 52.8699 69.7022 168.931 107.86 235.022 58.1186 16.4118 66.1815 37.7454 218.31 20.5216 54.0717 28.3866 44.5379 81.8208 186.205 132.877 80.133 77.4057 121.669 84.5852 56.7242 31.5036 53.3527 72.4271 27.46 193.852 8.70604 135.066 159.756 39.0349 36.9391 31.2753 220.444 108.137 178.975 120.645 75.6594 84.7862 10.2916 125.53 90.2315 31.5362 127.61 71.3326 0.74438 137.088 58.4524 110.917 163.767 64.3288 41.801 301.567 164.616 58.3418 194.4 46.1824 174.245 89.0104 18.9298 209.237 59.18 88.9331 66.9886 186.253 24.9014 33.899 163.639 34.1229 81.5394 109.073 143.113 129.521 119.355 24.6566 62.1775 54.7651 57.4328 36.7326 24.6641 127.43 117.747 219.08 24.0632 98.4673 26.9118 120.85 8.59429 59.9781 54.2179 210.104 66.5745 188.133 245.008 69.1262 39.7696 81.7848 52.9526 70.5184 44.6632 141.953 57.9595 52.7331 298.67 60.29 16.3736 67.994 137.372 24.9124 32.3402 39.6978 21.8994 85.366 98.1036 102.354 19.2245 163.977 244.843 14.4768 104.386 167.108 185.123 48.2346 37.7064 143.422 12.9631 162.298 47.407 57.8952 222.84 256.519 89.2361 112.322 182.758 68.2753 164.979 40.6326 73.9311 106.406 232.627 208.54 11.8085 52.0109 73.7183 66.2413 111.712 51.8598 11.9518 29.693 217.943 261.224 80.6982 105.949 150.835 83.0604 18.6929 48.3705 196.238 49.5097 19.4378 118.837 55.4039 239.738 127.174 22.4935 108.776 21.6029 180.002 90.26 181.221 87.0565 134.665 249.402 75.3349 141.832 122.112 199.481 58.0754 28.5775 35.5968 245.426 158.083 231.616 181.836 139.211 115.852 68.9606 204.266 250.264 187.804 195.557 44.44 38.2983 36.4169 58.9143 39.8894 29.4493 164.173 84.4197 38.9405 192.701 97.9641 133.644 14.5483 17.4097 33.6769 67.5609 166.596 109.111 138.877 54.7263 81.5714 70.0113 93.8882 32.0113 58.4103 130.366 32.3586 80.0037 113.901 67.2978 91.3538 17.7459 144.568 5.92163 81.3685 10.1535 55.698 183.199 121.394 141.615 56.2588 20.5352 48.1942 74.7977 245.17 47.3985 57.0624 80.8331 61.1166 84.4423 99.6646 147.018 10.6791 183.944 186.544 28.363 72.4196 142.461 131.067 209.09 122.356 14.7583 128.716 183.927 23.0347 28.9875 197.807 252.682 177.451 144.675 56.659 37.3998 71.2993 49.4345 27.3246 140.966 29.686 205.144 47.2013 117.581 180.244 192.308 17.4122 149.095 
225.614 49.1458 32.1548 62.5149 48.9661 43.7711 68.8603 48.3246 43.2084 55.2102 31.7854 45.7321 121.867 230.676 136.341 97.8873 37.8233 40.4219 197.004 93.8467 136.531 48.1089 17.8639 33.6575 83.0129 67.3369 157.395 32.5051 71.9928 41.8048 261.781 58.1376 119.294 37.882 155.822 70.8942 126.745 93.773 104.38 10.3113 126.84 119.669 76.8995 180.966 188.795 24.1459 68.6258 70.7088 84.1832 208.507 106.872 263.897 47.8883 23.275 75.8165 60.1091 64.8243 67.4605 49.8066 106.967 55.7675 49.5677 110.669 47.25 29.6833 141.379 33.6389 22.1254 22.7615 44.7629 39.0594 138.522 218.937 215.087 14.5355 173.412 34.9575 111.076 55.0697 84.2198 59.5458 43.2044 56.6971 53.9736 84.4767 144.688 58.9867 66.1545 162.063 228.247 130.75 25.3287 7.0546 152.491 60.3707 14.0982 111.756 84.4698 41.0497 37.328 49.6474 34.5017 54.691 26.6032 39.4798 78.4695 54.7076 78.293 77.6987 90.9497 14.1888 115.914 30.9322 155.315 7.6491 18.2642 8.34746 76.9188 125.975 79.4786 99.4694 105.378 161.335 272.301 34.9771 56.0783 48.1733 95.8115 118.801 161.428 32.3903 34.5555 24.0942 129.248 181.014 117.664 40.2284 53.6735 53.5169 76.6203 49.6312 122.851 78.0622 79.1155 266.809 64.9932 33.1743 18.8227 230.064 119.19 19.8631 230.448 116.911 116.528 140.648 84.2304 24.0305 112.556 62.1467 20.197 26.149 38.7094 103.446 108.096 133.305 69.5658 50.0635 145.831 94.6705 138.669 11.4764 15.8395 75.8753 71.906 62.6631 109.582 152.324 5.77419 119.79 19.6974 70.7738 69.5839 139.835 124.498 44.8135 36.2695 22.0618 54.5598 105.857 56.4951 35.5901 26.2875 106.573 71.4694 39.7796 132.272 265.928 162.222 40.5928 153.166 168.216 16.9303 243.057 137.344 54.7683 37.0117 53.4208 23.9483 130.881 71.9648 206.674 101.71 161.282 98.8752 217.418 60.535 103.14 136.291 37.2404 105.86 25.3743 21.6321 52.6166 104.996 118.591 258.869 119.293 94.843 65.3391 47.9735 24.6921 45.5631 35.1264 52.629 17.7326 44.4619 22.6834 97.1397 28.2157 32.27 100.723 149.265 83.152 40.4236 42.9584 173.161 185.022 18.4398 84.2528 38.3335 134.578 36.7424 103.667 7.62399 158.57 60.3198 153.935 85.1004 22.393 147.685 137.083 9.05723 88.6534 168.545 66.9544 35.8328 97.7487 72.0283 25.8201 45.2406 189.115 33.707 45.6481 33.2297 50.8238 52.4169 111.497 84.6263 73.9472 148.867 186.761 90.1724 64.3156 139.541 115.689 93.6668 83.3314 9.39302 12.5812 37.9753 49.8711 82.9584 46.4048 29.2644 127.557 27.8784 91.4737 248.685 166.751 109.505 
258.285 138.79 172.192 105.349 104.214 51.5029 86.879 52.2806 50.3748 71.5916 154.381 36.3162 252.947 314.228 206.238 166.745 25.6577 57.2533 301.666 172.184 148.208 54.6672 65.0517 30.0143 73.5937 108.913 149.277 120.813 63.6155 151.988 332.869 77.876 107.621 62.777 75.4833 96.1223 176.484 122.789 100.117 67.0429 62.4414 75.8425 132.27 173.477 171.458 62.4814 121.871 109.701 126.557 286.809 116.242 384.674 56.2491 96.7756 15.5394 101.521 91.4143 63.2603 99.6875 75.1078 188.712 114.636 157.991 116.13 43.4399 138.153 72.7931 26.115 75.3312 103.144 48.4527 98.9302 234.995 323.915 93.3347 175.354 40.0379 254.311 52.134 89.8651 139.572 43.6566 122.562 6.95938 117.629 72.9924 107.205 108.972 228.248 342.793 178.568 47.1022 112.828 213.276 129.631 70.5105 55.9187 36.0057 48.0815 49.3485 44.0508 11.5795 65.3191 28.7919 56.9307 162.025 12.934 185.896 86.5492 179.933 35.6768 208.723 40.9153 185.541 42.9731 165.694 43.4823 85.1948 11.8174 127.24 100.007 114.666 166.02 345.282 59.882 112.819 56.8029 118.687 251.009 160.747 51.4744 85.7265 85.2637 177.705 204.987 120.015 36.4348 110.621 109.961 40.8563 62.4118 64.1387 184.696 91.1701 265.246 155.945 163.772 12.7393 306.413 117.731 29.6655 333.993 159.125 176.228 24.8213 70.4302 32.6112 190.63 134.893 68.6302 109.608 67.6015 148.12 77.3797 29.4686 92.2374 54.6291 150.07 92.6049 192.127 90.1697 15.7163 93.548 69.6414 164.21 228.367 138.161 73.4358 241.001 37.3793 78.037 106.292 270.234 172.896 44.6491 106.094 41.8504 197.657 79.6847 55.2978 88.5849 44.8975 232.71 131.664 116.211 189.652 376.58 42.0864 100.702 146.604 163.205 156.755 326.22 183.042 83.144 137.026 123.401 150.637 89.0757 119.594 185.247 84.4103 298.673 203.926 355.036 167.033 114.113 196.3 68.0209 121.35 57.6701 12.2185 48.3141 93.9539 173.713 372.869 96.5312 78.5819 73.2272 66.8604 32.7585 89.3868 98.5254 9.57463 110.94 79.0831 28.9494 117.745 70.6808 61.3702 157.237 233.718 117.398 4.11128 59.7548 177.517 170.056 35.1016 12.5542 44.77 172.373 39.0403 158.737 133.725 127.062 119.558 211.512 118.418 18.613 232.675 4.52582 43.4449 127.58 197.539 114.164 78.9312 179.923 182.86 39.4903 70.7977 316.621 25.9 90.3657 58.1533 26.3227 179.205 221.117 95.7815 164.329 286.254 239.867 94.022 210.752 8.06193 83.7313 84.1693 119.66 30.8464 42.437 19.1544 76.0712 30.7917 60.5853 102.963 135.734 89.0069 206.81 364.701 204.674 80.3821 
284.51 87.0551 116.438 83.6121 9.35497 65.1686 97.2671 66.9146 61.0076 131.543 65.1305 78.5393 94.5958 262.937 137.098 158.348 61.0049 42.187 235.091 71.8608 208.296 102.451 39.1171 63.2449 148.157 68.1866 215.9 43.2475 141.562 71.1475 318.816 69.616 174.715 33.3381 272.061 85.0386 143.177 110.54 141.945 49.5429 226.435 199.501 138.185 247.663 291.806 12.3816 81.7846 93.1395 135.906 244.341 138.754 254.928 60.571 37.9797 129.296 83.4176 68.0716 94.1822 103.752 176.403 91.9124 13.1622 109.423 80.9934 41.8762 242.659 4.99412 44.6528 92.7351 77.2369 52.2838 227.652 301.347 244.415 88.8118 244.403 66.6721 5.99772 131.059 138.748 29.2264 78.4051 28.2207 87.8552 108.75 257.661 99.9728 132.824 245.14 212.148 167.887 19.3607 92.7024 199.07 77.1572 73.9106 188.264 150.496 103.63 62.253 92.3279 60.6252 101.107 52.559 40.5328 57.072 93.8232 8.41643 113.063 136.322 25.6441 112.499 45.2566 236.486 19.5988 109.327 44.8586 183.447 219.563 74.5056 142.711 178.632 221.914 326.494 68.4118 12.8599 92.3682 154.28 11.7601 220.518 44.8034 37.6605 100.628 175.547 238.195 158.624 58.6452 40.5749 118.643 133.22 75.8695 212.715 27.6216 101.423 348.822 17.3912 119.437 41.068 292.355 222.916 32.3939 226.222 132.371 135.001 228.154 169.357 50.188 101.773 22.8941 27.7015 118.634 35.0821 100.551 177.399 235.375 182.219 68.2005 187.256 157.221 216.339 55.7645 36.4225 95.1132 97.7098 29.7255 13.0182 219.577 61.5924 126.791 38.4696 100.147 114.442 109.11 142.679 65.2831 20.8534 57.4754 57.0625 188.614 76.3317 8.11661 28.269 88.9822 58.1083 48.5906 218.577 289.759 271.724 73.6921 264.716 274.047 101.032 297.779 170.349 57.183 100.978 12.9642 89.4479 240.778 166.601 302.353 152.714 132.143 16.5658 209.365 24.1531 157.021 182.073 40.178 169.333 30.7297 38.2878 102.863 171.899 152.198 247.687 190.506 181.012 83.9272 71.3265 49.7541 33.6735 128.402 94.7802 54.9998 34.9127 46.4714 164.382 11.7818 39.8904 114.302 136.852 96.6934 70.2636 109.588 250.443 260.344 25.9292 143.944 49.3935 220.632 50.0106 118.373 96.3423 245.767 11.4436 178.568 118.598 48.9536 183.957 227.414 24.5478 89.944 263.947 65.9559 90.1065 102.823 81.0272 33.9162 124.322 169.978 53.2768 94.6178 76.393 94.2653 48.0788 143.442 114.308 151.89 139.109 237.545 126.053 98.6429 227.882 222.29 186.473 82.7178 7.41235 24.6201 64.5893 56.2058 151.59 76.91 114.519 186.775 22.8744 59.387 235.144 213.813 202.588 
141.91 127.389 228.853 49.291 99.5053 46.644 58.9421 43.7241 38.9566 182.485 225.408 83.7016 148.892 50.7309 20.6847 131.993 64.1571 2.06025 74.984 81.2191 163.538 206.076 121.57 72.6962 159.862 20.9092 158.479 178.283 172.564 254.731 114.209 20.3573 144.403 18.7281 336.19 24.6152 23.0522 31.2763 102.014 97.5607 284.783 221.17 133.217 179.39 257.667 84.9698 46.5268 46.1046 108.972 58.3052 79.8027 53.3341 28.9928 143.944 208.916 53.1488 3.48765 71.2987 256.943 187.282 187.55 108.291 17.8438 99.3131 24.5832 240.608 85.5517 52.0622 165.161 87.66 27.4092 239.434 196.178 52.1529 197.142 175.339 72.8483 283.258 219.561 125.212 194.999 83.042 174.551 123.148 45.5856 321.649 91.6243 145.522 171.591 65.3874 69.896 22.8057 196.501 88.6345 78.1944 137.758 224.141 194.184 163.946 53.5378 104.908 80.2899 104.727 61.0126 2.43924 97.9238 153.388 206.588 79.7433 120.391 32.2363 73.5548 29.5178 176.174 58.6462 243.118 83.8949 268.742 331.841 27.733 105.847 167.386 150.602 110.448 72.8131 134.091 100.875 126.634 277.203 153.233 26.2652 62.3611 177.794 90.9821 132.771 105.377 48.0661 65.2222 144.454 160.613 55.8002 256.707 241.373 51.8706 230.435 152.418 221.199 65.5335 117.976 247.358 26.4455 38.4719 24.137 34.1669 312.13 321.655 107.855 57.4715 179.761 69.2203 211.499 22.6726 20.5861 186.159 329.547 287.088 42.7765 115.517 148.654 162.324 127.549 66.5335 40.509 69.4482 217.778 237.614 177.357 127.936 118.618 96.3642 67.1999 94.9846 138.241 27.222 49.9508 114.943 79.9666 244.553 213.353 53.276 104.982 12.525 145.453 58.6307 193.302 182.782 23.085 360.073 91.257 266.938 252.789 229.612 99.2657 61.1533 7.48565 279.82 153.321 259.838 290.297 211.779 250.655 136.751 133.512 234.613 79.2818 189.083 121.541 89.1713 25.2615 141.255 37.0243 46.342 202.854 165.145 64.0426 59.8514 185.058 216.443 45.1385 47.9601 56.3485 49.0081 219.389 146.895 152.117 34.2006 98.8014 148.25 93.3064 29.1334 30.7123 51.5473 21.0175 107.599 161.837 185.439 202.361 20.5074 202.491 25.0294 185.399 32.2331 29.062 214.964 231.901 129.86 39.1846 66.7673 69.7547 77.1201 333.271 52.8596 8.14493 209.751 31.2956 120.699 68.0195 137.051 16.3348 234.404 92.7717 52.3151 108.571 170.869 167.213 210.055 118.773 67.6417 179.766 127.713 100.123 86.7906 204.217 339.366 277.632 229.77 12.193 37.5777 78.8791 77.3514 12.2948 205.5 65.5982 249.252 137.609 120.239 150.974 61.9106 98.9255 241.071 
71.5771 96.8059 168.449 32.9679 103.368 9.67026 3.27477 13.2079 7.13824 104.956 186.8 40.6792 177.866 102.935 96.2542 58.1599 32.9972 24.8167 91.8167 115.534 48.1956 149.233 97.7395 36.5903 76.2107 51.2305 70.9641 151.506 91.3674 210.733 82.08 20.1652 60.9606 36.3758 193.025 24.5864 59.5337 35.3178 46.1259 70.4124 164.047 117.164 60.1553 79.3929 105.563 76.8743 50.4911 26.0563 35.7847 82.7902 35.0821 197.293 13.6682 120.759 144.391 30.9493 39.0403 30.9029 197.738 94.8783 156.077 110.511 78.0502 70.7603 6.49836 102.911 82.9127 25.8473 109.9 58.6308 4.83171 120.217 62.748 111.356 143.677 62.8037 33.8183 276.361 144.571 45.9429 177.359 37.8456 159.477 80.7415 19.4309 184.232 44.9009 69.5142 37.7377 186.342 28.3761 31.7517 142.106 32.1932 70.6269 93.9682 127.284 114.621 103.477 17.2679 52.3163 48.7779 45.4472 30.3341 25.5587 117.29 106.379 200.321 19.5318 80.0862 22.3865 112.656 3.54044 39.7277 47.9071 182.566 57.3505 161.581 220.466 67.4782 37.1336 64.2975 55.538 94.5596 34.5442 130.971 46.7027 36.4647 275.127 63.1338 12.494 60.2971 117.993 16.5459 46.6242 43.4053 20.2848 78.5027 78.8112 90.239 11.5303 144.797 223.546 22.1409 115.802 152.651 158.433 42.4541 51.4535 118.755 8.76018 166.099 53.6241 57.4708 202.143 229.646 79.9479 107.406 167.497 60.2267 141.456 38.458 75.8565 93.3336 208.022 180.053 13.4972 60.4443 60.4038 40.0741 97.2391 45.9812 20.1321 30.929 198.02 241.073 75.9003 91.8555 135.672 74.6517 17.415 33.2972 182.27 55.08 17.6007 107.198 46.1209 214.575 109.144 23.7692 99.1601 20.1824 163.615 84.5797 163.476 59.2062 143.705 224.485 62.4621 116.99 100.635 173.6 73.2587 37.6652 35.7725 218.859 144.614 205.463 157.177 113.947 106.964 62.5631 191.128 230.717 181.713 177.214 33.9346 30.2017 33.2318 43.5378 34.9598 25.8271 147.338 71.3505 35.5283 196.597 85.505 113.623 20.1485 9.10264 27.0693 62.6763 142.961 97.8747 122.241 51.7532 73.1285 52.0875 85.4818 27.886 56.6899 128.29 35.3067 72.0502 97.1631 61.1006 88.9715 14.6322 130.063 9.81459 56.4576 11.2749 54.8908 159.431 107.981 131.044 63.9996 10.8467 41.6629 67.2653 221.945 41.1358 59.03 57.2711 57.9718 69.2834 91.236 130.05 8.89135 162.011 179.115 25.0795 57.3836 127.271 117.772 187.315 105.257 19.1108 103.431 169.26 40.6837 29.0302 172.972 229.333 152.728 122.54 58.3633 33.6188 63.9105 43.8612 27.1408 124.844 20.7207 180.741 40.3063 105.964 164.509 194.525 36.7463 128.088 
232.477 101.674 117.124 84.6298 85.1053 43.4863 73.4314 46.5594 43.5191 38.7866 110.852 30.7128 204.429 273.151 176.796 128.159 24.6432 49.8184 252.121 143.026 126.429 32.6639 45.971 22.0677 58.0996 91.6304 139.976 89.093 43.1182 110.379 291.871 67.4425 99.6204 53.0917 73.0094 82.9215 152.635 107.391 93.8062 44.3834 56.3807 71.8092 98.2141 162.145 153.192 48.8431 98.595 89.8455 98.8204 247.432 105.633 334.746 50.1485 70.4279 27.4736 80.9682 79.5867 59.1164 68.5825 69.3376 138.531 91.9934 138.023 85.8783 35.4757 111.724 59.1803 17.784 41.2948 76.3991 41.8162 91.1294 210.305 273.854 56.4653 158.674 28.9286 204.614 13.7441 73.666 110.889 33.3215 98.8275 22.4458 99.3032 65.8533 80.8432 76.9437 184.108 296.731 151.606 39.0044 71.2691 179.293 100.847 41.3881 57.803 34.5055 17.7779 38.7062 32.9055 13.15 48.5125 19.9103 49.3708 131.378 19.8599 148.527 74.893 138.351 26.1286 171.763 33.8001 154.609 30.5177 111.176 25.6865 38.2033 38.5041 108.089 89.9574 91.8454 150.806 304.017 42.9233 93.1194 40.8543 95.6797 205.284 148.186 41.5382 66.269 47.9671 148.622 182.935 110.216 33.763 89.6144 75.3586 38.4046 51.3182 61.3718 147.035 81.5072 248.762 124.288 110.259 1.40402 262.551 86.9615 23.1008 290.664 138.51 148.413 60.4789 42.1388 21.1564 160.012 109.115 50.9644 64.2026 56.3051 129.519 71.3333 42.91 38.1486 48.8014 139.704 76.9368 153.794 61.3419 6.50547 82.2841 65.024 128.269 187.384 128.738 46.18 192.665 26.322 68.503 82.2877 221.638 149.304 39.9972 81.6719 25.1541 147.482 64.7927 51.5378 70.0974 37.0535 185.768 108.961 87.161 147.723 325.819 67.5004 73.7148 118.269 137.839 105.556 281.086 157.638 70.9081 93.2447 98.885 103.298 69.2103 76.4469 172.007 79.4812 246.78 167.531 299.341 129.897 96.9483 162.997 55.3087 99.6906 44.7548 10.8027 31.7555 80.7701 144.891 325.976 87.5048 56.1622 66.057 54.3396 22.674 73.2252 53.1418 13.5787 77.9402 66.1134 18.9304 92.8001 55.6576 48.8117 131.743 200.126 100.658 12.5625 29.3737 158.051 159.582 27.4156 29.9088 39.79 136.968 35.205 133.536 87.4767 118.514 99.1484 182.851 98.0975 8.21107 191.834 51.996 30.5293 110.86 163.235 95.0346 51.3106 146.401 140.704 32.461 32.1544 266.665 24.1492 63.56 36.8777 19.2916 134.759 173.846 84.7852 116.672 232.86 207.646 84.4662 155.739 55.8365 58.3004 55.7764 104.305 23.3345 30.3692 19.3431 64.174 27.6698 47.7483 59.9333 118.753 67.374 165.29 317.453 179.271 61.2697 
277.391 88.6358 132.941 78.9516 8.2381 65.687 96.1448 66.973 60.8136 146.719 91.1553 83.9506 68.3873 242.973 118.976 157.971 65.1152 37.6787 216.098 51.3583 212.653 125.725 54.7266 68.3647 158.506 58.4249 218.92 66.1752 154.623 104.593 303.43 65.4066 179.933 26.6681 298.73 79.7759 131.412 103.825 143.554 57.4197 249.447 214.83 141.519 250.737 303.176 25.0448 73.8376 88.244 136.774 227.165 137.046 220.544 58.8689 55.8008 149.984 79.6783 60.9745 95.8826 135.321 188.568 97.1661 12.3604 95.9543 81.1666 40.7378 255.947 18.0776 48.1802 108.591 77.4299 51.1049 242.973 301.518 221.575 110.483 247.258 71.1765 51.7802 153.262 144.187 58.5355 83.4829 53.8028 98.7604 103.671 283.443 100.552 140.015 243.912 179.429 160.34 13.7762 111.914 190.42 71.0952 86.9976 205.301 166.617 119.307 63.8026 99.6134 67.4612 106.893 56.7585 35.8567 39.2683 109.139 38.6727 113.991 132.036 26.0041 92.8048 44.9107 239.259 25.3256 130.765 52.8041 207.521 251.03 61.9621 144.944 186.502 223.075 309.693 71.5079 30.2433 98.5355 157.637 49.0516 222.228 42.9846 33.904 117.324 170.128 234.63 159.043 60.329 28.7258 126.171 145.607 76.4734 232.541 64.8498 99.1271 349.103 21.841 135.14 47.5213 279.377 239.229 32.7025 197.049 122.111 123.101 255.219 204.678 62.7409 81.9817 49.761 29.999 138.018 28.0906 87.6489 189.268 264.856 209.322 67.9691 186.01 164.707 217.285 66.7667 43.5522 91.5938 98.6954 62.0675 33.722 225.437 73.9354 108.422 50.3702 100.474 115.58 78.4398 131.573 66.5534 29.6822 63.5915 82.068 203.639 76.9364 23.7928 24.6063 68.5767 43.2075 75.2229 222.099 262.203 302.264 74.7696 279.996 286.16 121.531 281.437 161.712 50.2556 135.8 37.0971 120.282 262.975 181.208 311.507 159.027 98.6589 47.8011 175.238 44.8454 159.962 174.694 34.7602 173.861 27.9467 41.8738 125.556 180.712 144.021 214.481 200.762 197.15 82.3823 70.7185 53.2508 23.2347 148.959 109.001 69.2369 25.6113 57.9191 170.183 25.9371 36.3447 102.962 113.542 89.2895 80.5604 123.861 254.261 265.923 24.6742 162.074 48.2373 225.773 49.9884 107.193 116.94 257.899 23.4119 165.565 115.591 55.1681 170.885 258.092 28.0013 79.3146 269.218 55.2664 97.968 87.914 74.1647 32.1567 149.559 136.944 56.2464 99.367 96.5635 111.922 67.1274 132.381 113.225 158.378 111.906 228.214 126.913 103.169 259.406 244.251 204.043 72.4968 11.4838 34.8914 70.5108 50.6998 169.477 78.7852 142.609 189.4 38.7268 40.7407 201.653 207.138 220.661 
97.6834 92.021 150.456 41.6318 101.776 3.75562 14.5983 13.2533 8.66202 78.6296 171.237 26.5993 186.216 144.319 117.33 54.8843 23.2604 31.2223 128.962 124.327 18.7654 127.085 87.8104 24.4165 48.4035 61.5473 62.1234 139.727 63.7011 191.787 129.167 31.3775 43.0478 41.1172 144.255 38.4918 82.3996 52.2213 41.6571 61.9397 122.58 83.3747 47.4079 70.4122 63.8922 72.2885 60.2393 38.603 28.2865 122.529 42.3479 234.412 20.1755 110.946 120.219 38.1306 49.386 25.5036 173.538 65.4236 148.42 108.64 93.9676 67.8047 11.134 57.9905 79.6922 17.2296 90.8626 55.8682 12.1873 82.4081 63.635 150.787 123.998 51.3264 21.0608 266.746 117.135 20.5879 166.79 22.8754 150.028 65.6707 37.8958 137.151 40.6581 49.1642 39.2921 216.996 57.1132 34.0697 123.41 65.6738 74.5829 79.0938 94.9367 87.0891 81.9532 7.76484 34.621 37.791 26.4561 20.1179 31.7283 122.301 88.7064 193.167 12.6836 83.4274 21.0743 127.473 5.88002 5.08142 43.9427 162.589 48.3546 124.15 179.786 78.5128 27.3965 30.8793 51.9583 141.682 25.2867 126.015 29.1175 9.7912 266.504 58.1356 17.1095 60.9722 97.6665 45.3812 63.8101 42.9236 14.5128 82.1543 62.0062 66.4615 3.21335 107.007 211.729 31.5726 117.533 149.29 140.063 34.0436 100.631 75.8146 6.52948 199.345 74.3107 79.2102 163.469 194.093 68.8731 121.852 158.727 57.5608 118.058 43.2884 90.2807 63.9453 164.831 142.283 15.041 65.667 32.2634 27.9726 87.2622 38.2416 33.1143 28.1982 186.649 235.202 56.3413 79.5478 147.65 65.6872 15.6618 25.6142 194.43 78.0701 11.9109 102.871 35.3438 201.534 74.2659 22.2108 94.7884 24.166 169.85 91.804 149.785 36.7805 189.305 177.356 58.6239 67.9083 53.2553 154.957 122.282 65.7731 44.7404 194.24 137.847 184.179 111.817 83.5569 76.0788 43.5462 207.446 222.627 212.8 169.651 11.8582 58.2668 38.1722 12.5485 36.2503 18.8647 125.597 42.0913 59.8449 231.808 55.5146 78.6442 26.399 11.5811 17.8148 66.2168 116.83 79.8534 111.609 56.2402 62.9425 22.1525 80.728 31.5534 74.6064 148.291 51.1817 59.0035 74.9076 42.6336 71.3727 16.067 104.279 14.8022 20.8277 11.6948 73.7712 140.455 72.7833 127.432 92.7867 27.5983 31.7777 94.049 181.659 37.6571 72.5572 9.50734 67.4131 54.4921 103.843 130.752 13.6518 135.039 203.389 16.9625 45.4859 110 98.8569 177.216 115.523 25.4182 87.9804 185.207 78.2051 25.5754 165.493 189.231 109.778 85.9646 70.5271 31.7377 57.5735 32.626 36.1291 96.4745 8.71439 154.988 24.7491 99.0703 166.953 228.275 65.5999 89.6883 
72.1137 99.6808 179.972 27.949 101.663 19.5146 17.8739 20.0429 14.9005 124.815 194.826 52.2952 165.423 66.408 75.104 68.7884 41.4377 18.7256 57.8428 104.377 78.9594 164.323 103.477 46.2111 98.6323 40.6857 91.2349 157.241 112.917 220.946 52.7551 10.8327 82.544 31.1422 231.98 12.5839 38.609 22.1351 58.7181 75.9802 196.84 145.405 74.5905 102.295 146.18 78.5772 41.7807 18.4986 50.5657 47.2683 41.1099 160.167 13.1927 125.707 162.117 28.1608 29.2613 40.6475 213.077 119.915 159.049 108.818 62.5007 73.226 7.39567 139.775 83.2653 32.6132 123.306 61.5115 7.26933 152.505 91.9468 73.6073 156.566 89.9378 43.9613 276.484 164.327 67.1201 181.322 49.8317 163.04 92.4242 3.48808 221.553 51.9726 87.0736 65.3663 154.651 2.5743 28.7737 154.36 7.95254 66.5827 104.261 153.677 136.265 119.191 26.2902 66.3493 57.3744 60.7652 38.3479 19.5757 109.462 119.283 200.555 35.0816 80.0049 23.4786 96.6022 9.85267 76.046 49.9786 194.984 63.5657 189.442 250.985 55.8243 54.3194 91.6674 76.7645 63.8253 42.9931 131.464 60.7088 59.855 274.496 83.1889 11.1029 58.2803 132.335 15.2779 58.0578 56.2856 27.4376 73.0203 92.9443 109.37 23.0607 175.236 227.201 23.5908 137.423 150.993 170.671 48.6022 14.8143 152.809 12.4574 133.193 35.3558 36.9018 232.424 254.321 87.3259 91.5524 170.215 60.954 157.893 33.0938 61.6279 118.471 241.222 207.643 19.4972 68.9574 84.1011 67.9795 103.281 51.419 15.4956 39.5324 202.012 239.041 101.714 99.9847 122.321 80.3043 29.4757 45.8282 166.25 34.1623 25.8803 107.781 54.3222 219.592 137.245 30.1972 100 16.2186 153.615 75.7432 170.542 87.3552 100.879 261.655 65.7666 157.156 141.537 185.069 32.6506 15.4132 26.8812 233.795 146.212 217.897 193.059 137.746 144.113 82.1806 171.185 230.981 149.081 178.494 57.3071 17.6497 28.2302 69.5223 33.2515 31.3931 162.236 96.6229 16.7155 161.469 112.335 141.071 22.341 17.0323 34.4578 57.7185 161.605 111.26 128.024 46.2743 79.9374 77.0451 87.0754 24.6745 39.5679 107.116 20.5906 81.7955 113.691 92.6001 116.846 13.8973 149.924 10.5093 89.2175 15.6517 36.881 171.478 141.189 130.353 38.2873 15.8033 49.0874 45.362 252.597 43.1274 45.8761 97.8078 48.0462 80.9107 78.1593 126.394 5.96095 180.76 152.512 32.4173 67.998 138.63 131.197 190.591 96.5208 28.0383 117.432 150.738 22.578 42.5674 175.328 259.688 186.204 150.943 46.4523 34.2569 67.5291 52.9826 18.497 146.762 31.9788 197.803 65.4572 108.798 157.537 160.319 32.1742 158.469 
217.796 34.5529 16.167 55.0063 43.0708 42.7455 65.8241 47.4596 41.9584 64.3699 29.6428 48.7301 99.4884 213.726 122.907 88.4989 40.2861 37.0849 177.151 80.3843 135.813 63.9645 23.9676 36.488 88.3822 59.4807 157.688 32.33 79.7008 49.1407 246.912 54.1484 121.208 33.3581 173.532 65.8412 116.773 87.7675 104.327 7.59803 142.188 129.168 71.412 180.983 193.274 23.2969 58.8551 63.7348 78.9979 192.825 104.314 240.711 46.0048 23.201 89.8113 53.0621 59.5367 67.8059 68.1001 114.151 32.4744 41.9112 101.451 36.5018 27.3925 146.813 31.3615 23.6958 34.1404 36.0403 37.2572 147.474 215.18 194.061 32.6751 172.524 36.7061 99.9724 71.4471 85.3717 59.0275 45.442 57.0487 61.3962 78.2397 161.812 52.7531 65.1536 152.634 206.73 121.649 21.5907 20.934 141.227 48.0357 23.0414 122.937 95.3815 52.3708 36.4435 53.6377 39.1806 56.2981 28.6454 36.0564 64.4733 65.0602 69.5374 76.3782 76.482 10.9795 98.8599 29.4063 151.81 4.75359 9.3954 13.6969 93.2667 147.685 70.579 99.2546 107.265 159.667 256.856 33.6193 53.2663 50.4246 94.0343 109.148 160.491 29.1348 25.4967 35.3888 120.637 175.549 116.41 40.8276 44.0174 51.1872 84.7178 48.0501 135.844 74.7374 76.3441 264.498 54.5785 21.6726 23.4965 215.182 127.189 18.7177 210.423 108.333 105.057 159.068 108.403 32.1986 98.2852 60.7644 12.0676 37.9325 33.4477 94.8078 115.019 153.714 88.8955 49.0166 143.621 97.432 131.891 2.45311 21.0178 72.1384 71.7608 59.3803 99.3322 154.346 14.0675 97.7371 26.353 69.4445 65.3022 117.349 114.804 44.8665 28.4509 24.6305 41.973 114.722 56.2652 32.0502 22.8042 84.8039 60.9109 44.6075 126.385 243.896 183.079 31.7476 159.834 172.525 7.87626 226.476 128.264 49.2893 55.4855 50.1808 36.0917 144.857 76.6988 210.137 104.787 137.134 92.5297 191.697 50.8614 102.228 125.538 31.5543 105.287 19.5848 23.9632 67.7109 108.979 108.389 237.007 124.611 104.42 63.3898 45.1662 25.795 38.1472 49.1966 62.5086 8.7199 38.4526 30.1259 96.9372 26.8898 27.0202 89.9371 133.586 76.3774 47.5103 52.2756 172.442 186.639 15.609 96.7355 36.9061 131.727 36.1361 93.1006 15.5948 164.87 56.0505 142.361 79.4248 26.6548 131.979 158.003 3.23362 81.0323 166.216 58.1715 36.3314 82.5935 52.4106 23.3633 64.325 165.813 35.3321 42.7085 46.4693 62.8375 39.1369 91.9972 82.2523 65.1826 124.049 176.141 89.1945 38.6577 160.879 129.646 104.086 76.2587 7.6043 16.2998 41.8628 44.8266 95.2815 45.3576 51.1819 126.48 25.6093 73.1489 226.637 158.891 120.599 
267.192 75.1233 107.591 74.0082 7.32993 61.2558 90.4268 63.3116 57.2594 128.885 67.3119 76.5752 69.1921 239.29 121.04 143.735 59.8719 37.9961 209.188 56.8148 197.599 108.574 43.3893 61.6349 143.875 58.9559 207.197 48.255 138.602 80.3844 294.373 63.6473 168.303 28.2698 270.984 77.5726 129.646 101.47 136.094 46.714 225.625 196.501 127.155 237.431 281.098 17.7931 70.3874 83.4942 125.222 222.075 131.196 227.764 56.6658 41.0379 134.399 74.1909 61.3831 90.4538 113.636 172.872 77.1253 0.447453 98.3846 70.6574 38.1583 233.615 13.4448 43.0645 91.8 68.0654 48.5864 222.886 285.358 217.433 90.812 232.96 64.0485 31.6164 133.61 132.375 44.0586 75.6197 42.4422 89.7236 99.0968 256.504 90.6239 124.635 226.044 187.651 153.451 15.1643 91.0888 181.443 64.5212 72.6692 187.181 150.593 103.962 58.3437 89.9266 60.9912 96.5347 50.8669 36.3198 40.9358 97.6623 21.3652 106.773 119.633 22.5438 93.2212 41.9293 222.234 18.8753 104.128 44.0557 182.085 225.538 64.3152 136.125 170.496 211.129 301.566 63.7298 25.4284 88.5982 145.049 37.9882 210.564 40.2298 29.1146 99.0494 160.89 224.01 151.09 56.4749 29.5416 110.576 132.249 70.9346 211.294 46.6825 95.1492 333.523 4.58036 110.701 41.794 268.179 215.851 29.9047 202.443 120.475 120.154 232.255 178.51 53.8175 85.6408 38.5568 22.5835 115.933 29.1382 90.3641 173.659 238.715 181.999 64.4527 178.396 151.055 200.469 52.7164 37.7954 88.3108 93.5875 42.9666 28.3468 211.44 60.3615 102.999 42.3958 94.5943 105.484 83.665 129.323 62.3358 16.7292 55.3305 55.0567 184.756 73.038 14.5142 24.2021 65.0121 46.2554 58.1084 202.981 261.111 274.586 64.9518 255.315 263.194 96.3767 272.362 156.08 50.5065 109.706 26.1499 93.965 237.428 159.331 291.414 148.055 105.013 38.9442 179.697 24.4314 148.677 165.472 33.7488 160.273 25.0314 37.9556 109.288 166.061 137.461 222.268 185.094 177.338 79.0445 65.7479 47.5689 25.2148 126.693 97.4877 52.4645 28.2514 49.8117 155.493 18.2111 34.0159 100.809 119.087 87.3806 72.3361 108.101 238.46 250.48 22.6399 146.502 46.25 207.081 47.4093 104.935 93.8057 238.847 21.633 162.279 108.727 48.7804 163.435 233.42 22.119 80.6428 248.962 55.8648 85.0683 85.7723 63.0089 30.4702 128.19 143.68 51.9203 87.6051 81.9126 98.8285 43.6159 122.173 107.537 138.705 111.506 219.198 119.761 81.6374 234.739 219.352 182.636 74.2297 7.37215 27.6534 64.2077 49.8195 152.494 72.1248 118.764 177.241 26.6264 37.5156 209.756 198.737 199.168 
76.1456 95.1605 173.057 25.5298 99.4145 18.7067 16.9002 20.0586 14.6331 120.348 189.01 50.7971 161.075 70.617 75.3272 63.2422 40.5094 19.1204 56.3347 102.34 76.3884 160.06 100.62 44.6759 95.4329 40.2038 91.2758 152.848 109.187 214.875 59.7427 12.2343 81.3874 30.7656 226.235 14.1913 40.5153 24.3939 58.8886 73.1165 191.796 141.904 69.7245 102.439 142.798 76.6274 39.7873 16.1997 46.4658 51.1623 42.3671 161.313 14.1196 122.101 158.489 25.5326 29.9379 40.4896 207.529 116.992 153.048 106.189 63.2601 69.468 6.17418 134.944 81.4032 31.3274 119.013 58.1109 7.53776 148.793 92.2816 73.7837 151.634 89.4099 42.1886 270.036 159.574 64.5727 177.025 48.0098 159.325 90.4981 3.47381 215.868 48.2731 82.5268 58.9866 154.799 6.33598 28.1868 149.021 3.8326 63.4709 100.566 150.095 132.857 115.44 24.7351 64.1563 55.9975 58.1344 36.9095 19.8682 106.712 116.596 195.75 34.2369 74.7723 22.2791 94.2189 8.97833 72.4027 48.3772 188.056 61.3067 183.227 245.234 55.3758 53.7054 88.0075 76.9731 70.7888 40.5918 128.678 58.2038 56.6224 268.485 83.4868 9.74588 56.1881 127.628 11.4869 60.1005 56.794 27.0762 71.1514 88.2566 106.631 21.6609 170.896 221.809 24.8914 139.352 147.249 163.933 47.2407 21.9962 147.347 11.4889 134.434 37.4469 36.734 227.616 247.885 85.0786 90.1707 166.362 58.8512 152.149 32.4775 62.242 115.596 235.516 200.905 19.6814 70.467 81.3057 62.4776 99.6263 50.0145 17.3286 39.6737 196.965 233.878 100.599 96.4931 117.959 78.2491 29.1534 42.2893 162.417 36.1616 25.4858 104.777 52.1179 213.161 133.239 30.3651 97.5469 15.7759 149.14 74.1736 166.106 81.198 103.922 255.906 62.3583 151.82 137.064 178.554 39.0609 19.3528 26.9595 227.233 142.792 211.374 187.502 131.819 142.136 80.7816 167.548 226.008 147.349 173.786 55.3276 12.6697 27.2691 66.4929 31.8744 30.5745 158.191 93.847 14.4626 162.732 109.647 136.567 23.2952 15.252 32.9593 56.3885 155.901 108.621 123.805 45.4619 77.8965 73.3079 84.9465 23.4219 38.9665 106.589 21.7178 79.9289 109.752 91.2593 116.155 12.9728 146.553 11.14 84.115 15.7823 36.5921 165.542 138.28 127.658 41.0987 12.929 47.5695 42.3044 247.164 41.5234 46.514 93.3183 47.1218 77.2487 75.6488 121.796 5.15343 175.491 150.44 31.7022 64.3242 134.941 128.032 185.001 91.4635 28.5232 111.061 146.571 27.5608 42.4317 168.802 254.212 180.594 145.925 46.9992 33.2901 65.6937 51.7215 18.4377 143.047 30.1106 191.849 64.0941 105.853 153.337 161.094 35.6148 153.749 
42.1439 142.832 244.043 53.4117 124.678 28.7282 32.6789 22.3107 20.5018 164.179 249.452 65.5328 214.446 60.9535 87.6587 119.072 49.5474 19.2548 103.34 130.319 105.885 202.209 129.834 59.7224 126.97 52.5913 92.9833 198.649 145.627 277.5 14.6919 10.4093 94.2964 37.9069 281.572 14.733 40.3837 13.408 58.621 102.314 240.462 175.835 118.283 103.696 178.329 97.2697 66.3549 43.9174 87.6356 52.7375 33.1078 172.171 7.20612 159.606 193.604 54.2085 29.7705 43.0176 263.244 145.546 216.92 135.576 64.9411 108.935 18.507 183.358 101.604 43.978 161.754 93.5302 11.4258 185.115 99.1378 106.569 201.261 99.7816 59.703 340.374 206.161 90.8475 222.463 66.0536 198.581 108.902 28.5168 270.727 85.5926 127.61 124.938 172.407 38.2799 36.1143 203.061 56.7336 98.8721 137.584 184.519 165.692 152.233 40.5737 85.6646 69.2324 84.2745 51.0468 20.9451 140.429 142.633 248.092 46.341 130.531 34.7779 129.433 19.0182 114.218 65.044 259.031 83.9489 244.082 300.677 67.5241 62.6102 125.191 80.0703 16.6772 64.453 158.929 82.9599 90.5211 334.387 84.1067 24.237 79.7698 174.55 55.807 51.1814 54.6909 31.1607 94.161 134.983 133.058 37.2116 212.732 279.297 16.0814 122.651 188.774 232.797 60.5275 51.2668 201.138 21.2166 142.125 31.9425 57.8552 273.479 311.192 107.401 114.539 207.426 81.3929 209.591 42.2824 64.3801 143.738 290.399 267.095 20.4827 56.7246 109.715 119.275 137.208 63.8278 6.47642 39.3664 250.538 291.092 113.527 131.807 172.126 98.8944 36.1747 77.7349 212.298 36.7695 30.5532 137.264 73.9075 281.291 172.37 29.6003 123.993 23.1566 202.564 95.9445 212.008 143.304 107.113 310.882 97.7938 205.089 182.975 245.361 45.8424 25.2641 32.8022 293.845 179.519 278.169 241.511 190.328 164.092 95.1575 217.705 280.233 186.956 224.609 78.2346 64.7691 40.5909 98.6913 47.5419 38.4885 198.07 121.878 53.1893 170.314 136.528 180.555 16.1582 33.9217 47.7477 73.3387 212.572 134.137 167.592 57.2156 98.148 111.388 107.582 38.547 59.6346 125.191 26.5736 97.9372 148.445 110.035 125.274 23.1298 178.895 7.60006 136.704 15.9896 55.6149 226.004 167.519 157.386 39.9387 43.9468 62.3729 90.7663 299.29 58.1974 48.6295 142.311 63.353 113.68 110.389 173.244 15.0372 227.577 188.667 38.7956 100.995 171.733 158.952 244.605 149.981 29.8188 175.302 201.778 30.4821 47.15 238.618 306.76 235.17 194.954 48.805 43.5787 84.4783 63.8555 26.638 178.882 49.214 251.455 82.3284 136.906 202.233 173.488 25.757 199.72 
135.698 132.613 194.66 75.3885 122.237 20.3037 41.89 19.8477 21.0403 83.9828 203.539 15.4085 248.131 214.898 164.453 113.651 9.59464 43.4672 213.298 164.04 45.4987 127.204 98.6754 20.7519 36.8548 88.5416 49.5625 163.393 56.6681 219.028 200.659 49.7852 17.9093 55.4451 99.0879 61.8438 123.206 78.937 35.3059 78.5038 88.0732 43.9391 92.0957 58.8326 18.1214 83.6271 95.9616 73.2489 75.1003 191.264 54.4827 313.777 29.9021 130.317 105.392 71.5934 68.9242 18.3883 183.508 29.5936 198.955 132.628 126.092 103.44 26.0088 49.9842 92.6693 19.5436 104.18 88.3408 24.5701 35.688 89.7508 235.024 140.393 54.3416 24.7823 315.154 114.71 29.5574 190.476 22.2963 169.604 51.3267 71.7217 97.5123 77.4415 79.8218 125.022 288.716 107.027 45.0222 147.84 128.858 112.94 93.3394 59.4584 64.1048 82.7094 24.8138 28.844 28.3237 36.3734 21.058 44.0659 161.102 78.3781 229.381 30.7358 141.815 32.003 181.214 20.6607 74.6234 53.6989 202.019 57.2457 124.764 151.259 107.819 27.9642 43.6307 59.4217 212.702 43.5466 144.981 35.6493 52.0354 312.006 56.961 34.2317 84.0871 113.753 101.302 96.078 46.4015 6.52742 108.954 93.4917 43.9574 28.019 70.4912 244.498 46.3152 115.864 182.096 182.518 31.93 181.254 71.5541 17.4743 268.722 109.602 126.302 124.617 188.902 70.1219 167.058 181.188 75.0754 140.612 59.7219 119.992 27.322 130.776 146.902 22.1457 71.0097 26.3993 101.873 108.928 37.7443 52.5997 24.8032 217.078 277.473 28.4821 95.5414 213.967 69.2401 28.8793 64.4153 259.118 118.744 11.2364 126.247 43.4769 244.838 50.3456 20.4596 111.876 36.2579 228.569 123.084 169.357 106.325 274.542 130.688 89.6326 55.4074 39.515 192.061 203.145 111.632 64.585 215.952 160.075 213.296 82.7632 107.827 30.6879 6.47611 278.87 258.174 298.034 204.489 37.3096 120.013 56.9175 44.5931 52.7111 12.8797 123.337 20.1331 111.73 306.192 13.7856 65.52 36.1943 36.3189 23.4025 87.3309 133.755 68.885 137.273 74.272 63.7291 52.8106 93.5778 49.9062 116.751 199.731 80.2159 50.0849 79.644 50.669 45.5186 27.3162 82.2828 22.7539 81.3318 15.263 115.939 170.624 8.55552 148.258 142.532 67.0216 29.7713 163.348 147.999 48.8391 99.7164 75.6214 96.2406 74.585 152.757 180.209 26.0472 139.321 277.418 4.10016 72.9009 114.513 92.303 217.197 182.52 41.9679 138.94 259.107 136.778 32.1784 221.726 156.001 89.337 77.8748 95.2551 38.3403 64.5406 20.822 55.9708 75.7646 29.7401 169.846 41.735 116.715 215.939 302.682 110.207 67.7508 
204.019 119.321 154.448 85.2113 104.723 35.8666 64.158 37.9995 36.5198 47.5125 155.535 15.82 233.732 263.381 180.924 126.702 11.7853 49.7264 249.875 159.302 98.0191 72.8902 70.3411 13.4105 34.2396 95.2955 108.346 124.811 28.4545 161.442 269.505 63.7457 70.7347 56.8409 6.06302 78.6618 148.526 101.242 73.4759 60.3589 2.07328 27.6287 97.2239 126.304 103.414 65.7195 102.895 87.7463 91.959 237.44 89.6345 342.679 44.3527 99.1941 49.6069 81.1606 79.2283 44.8347 119.39 32.3211 170.931 113.64 139.9 96.9905 33.3206 74.7569 75.8531 14.9544 67.5152 84.5455 36.9449 43.8605 171.589 272.699 94.2014 123.841 22.7279 260.603 55.4713 54.3852 149.131 22.934 132.559 20.392 93.2885 3.344 82.0108 75.8662 167.243 308.21 141.412 43.5722 106.154 168.12 111.237 63.8632 13.9354 5.27729 41.066 33.3173 19.6661 4.97544 38.8931 15.4623 49.6989 150.838 37.3518 189.577 60.4405 146.288 29.669 185.097 29.9392 127.604 41.831 154.239 39.3832 60.6411 60.0685 113.644 69.1112 68.2874 120.705 282.014 42.7513 118.746 32.9001 79.4685 259.226 117.462 40.6166 77.3157 75.42 136.894 156.573 89.0873 24.1415 102.518 82.1963 6.28082 43.6391 9.90272 194.561 71.1384 203.571 154.798 144.596 13.7217 243.199 59.1271 21.3988 296.08 133.781 147.377 47.7881 102.817 42.2027 171.447 143.952 63.7693 96.6553 60.752 131.912 34.5628 36.7596 76.483 40.3606 117.081 52.3588 137.636 84.1473 19.8245 74.3528 51.1603 171.61 233.663 93.1807 68.5858 212.149 45.2398 55.7769 77.0699 249.138 144.601 30.2331 104.645 30.595 196.09 29.2859 40.905 90.9951 38.7635 213.783 120.653 125.708 133.63 321.641 36.9092 83.3664 77.2025 94.1962 146.656 264.034 147.143 72.0626 149.33 129.039 154.771 25.2991 82.2076 121.82 52.0731 273.345 212.775 314.78 167.798 76.1977 153.868 59.0296 78.6486 50.4811 1.91983 69.7122 50.8545 139.021 333.656 51.327 31.9724 57.0044 49.2715 20.2616 83.0112 85.6943 27.9292 106.822 72.9636 38.0836 75.1542 74.152 51.899 132.753 210.216 97.6238 20.6728 43.8648 122.064 119.059 28.7451 27.0754 34.8235 115.836 28.782 133.553 126.16 72.2424 123.983 175.906 90.2529 11.9322 190.483 60.8136 39.6574 111.863 131.752 100.704 59.6145 157.122 164.832 31.5361 78.3455 285.218 13.7294 67.4977 70.8526 47.1096 176.462 186.67 71.6115 128.197 256.563 189.563 67.3145 191.456 68.81 29.0606 38.7427 105.754 30.8458 46.1701 4.0352 64.277 14.3623 40.8095 108.843 92.9986 91.4769 195.319 326.967 160.3 26.8097 
171.109 97.2174 183.387 41.237 75.3972 47.5007 62.0586 47.221 41.4467 162.375 180.281 79.7141 93.5344 94.4834 18.0884 115.701 62.0004 11.0055 75.951 47.1819 164.583 179.657 100.426 67.5743 150.697 2.84666 168.754 142.995 158.703 207.864 154.087 29.2217 147.531 8.2211 314.744 34.898 46.6825 47.4179 109.397 79.2094 265.329 211.126 117.164 191.659 256.571 67.8577 30.7697 43.5486 100.706 91.206 91.4671 62.0602 35.2085 115.492 189.175 45.2385 18.3269 75.0448 218.841 180.002 141.351 80.899 29.1196 76.7894 24.0982 229.72 67.4939 47.4757 140.792 69.1006 30.8257 230.521 212.759 62.8061 165.33 185.41 67.2486 220.141 193.994 121.284 157.04 77.8754 141.551 114.136 51.6014 300.015 78.5706 129.119 165.863 49.8077 81.0191 13.336 162.237 97.5693 53.8371 115.938 211.792 180.444 144.791 50.643 97.7734 74.4881 97.1934 55.9886 9.21665 62.5581 138.627 159.985 82.813 94.5813 25.2299 32.1171 29.7686 176.488 46.4667 196.222 70.5118 239.263 302.803 8.68731 110.532 160.208 162.428 154.914 64.2086 106.764 92.9062 122.598 216.846 165.107 23.9229 42.933 151.113 96.4004 151.776 115.139 49.2399 41.0997 124.019 150.874 55.358 241.256 192.432 61.4503 255.045 114.447 178.524 58.4898 142.317 230.156 24.4457 54.1631 47.0506 38.2194 290.406 282.974 93.3833 22.0197 144.505 51.9148 178.487 9.41293 27.7676 179.325 303.448 252.78 46.9164 130.829 143.68 155.708 102.295 58.4201 50.7603 74.6576 173.151 184.076 182.751 105.748 70.3032 82.1327 71.3487 87.0236 81.6897 48.7774 51.6188 87.4582 69.7092 190.5 200.764 57.5979 82.0648 5.80312 93.5107 32.1119 158.02 170.462 80.2135 335.61 71.7484 254.27 246.253 185.099 131.343 78.3205 8.02461 233.199 121.444 212.522 270.353 186.801 256.069 137.158 72.9254 185.341 14.0665 145.635 122.414 92.4178 13.3104 138.211 25.112 43.4028 177.877 160.362 67.8631 69.8755 180.841 200.333 52.8367 46.9579 51.1166 30.1563 187.969 133.3 120.756 19.219 85.7117 141.047 74.2809 19.6913 27.2194 25.4413 32.8794 98.0284 142.912 192.908 211.466 15.8162 186.858 29.5743 177.328 35.2361 30.1718 175.48 229.108 102.111 65.1015 68.4066 62.7836 70.5793 306.467 41.4944 21.0466 207.117 9.41573 103.584 34.7358 95.3952 15.8042 203.526 36.1707 51.1937 93.2825 146.779 148.898 162.018 82.8489 75.1537 150.248 68.2592 122.116 92.6439 152.772 311.685 256.127 210.766 20.7138 29.225 65.1551 72.941 13.3071 189.358 62.3083 211.342 142.2 95.3237 103.541 60.7932 118.914 224.492 
207.926 100.319 122.493 78.1787 91.6068 36.2908 63.5009 39.7665 37.1726 28.4432 125.964 20.2103 207.539 254.706 170.314 113.815 17.4831 47.5113 235.07 144.126 102.422 53.6653 55.9845 13.129 37.7365 88.5194 119.108 102.237 22.9218 130.607 265.944 61.9989 80.748 52.4296 41.925 76.2681 142.84 98.9995 80.2764 46.9944 29.1508 47.5233 85.2311 138.218 118.827 55.4398 93.7562 82.1044 84.8742 229.251 93.0824 324.528 44.8648 80.7509 42.0003 74.2666 75.7881 49.7134 92.8741 47.5045 142.645 98.6643 133.158 82.5674 31.5279 79.9512 65.5833 12.2265 46.5415 72.3251 36.812 62.9816 180.029 257.523 69.5603 133.339 20.3714 224.835 31.7485 56.4294 126.53 22.8125 113.092 23.1065 89.8343 34.4024 72.2907 63.8211 158.832 289.825 136.912 39.3373 80.1593 161.658 97.9051 46.0141 37.3776 18.8798 21.5647 31.5879 19.8958 8.73168 35.8374 13.0166 47.2771 133.972 31.176 163.06 62.599 129.253 25.0846 168.42 29.0996 128.036 33.8113 120.914 28.4894 29.5964 52.5309 105.626 74.7424 69.3292 128.681 278.307 36.3946 103.325 29.1773 77.8043 225.411 126.668 37.6882 66.9465 52.7097 132.115 160.654 95.0245 27.4739 91.1067 66.5718 22.2511 42.9278 36.1285 165.776 72.4496 217.871 133.782 114.004 7.1896 237.131 56.5313 19.7394 280.89 129.371 139.055 58.3938 75.5401 31.9281 157.611 123.406 53.396 69.3252 55.5477 125.388 49.437 38.4714 41.9592 42.0543 123.542 56.906 130.719 66.5311 13.2577 74.1028 55.6876 144.897 204.058 105.664 51.6484 189.341 35.4946 57.9997 70.5851 223.635 139.208 32.8789 88.6415 21.7439 162.804 38.5099 44.3018 77.6933 35.6325 188.491 109.177 103.146 124.147 307.788 55.3321 70.5136 83.2735 103.512 115.189 256.792 143.41 67.8467 116.577 110.544 121.924 34.4946 61.9552 139.471 62.6491 247.159 185.04 291.633 142.478 78.9518 146.666 53.5688 79.5669 44.1379 5.85159 52.5692 59.0053 132.085 316.576 64.3496 29.8992 58.5721 47.0398 16.8768 74.3011 58.0378 22.1576 85.8946 66.3644 28.8593 72.9721 62.8462 46.6415 124.353 196.081 93.6365 17.8631 25.1146 130.974 133.371 25.6793 29.6344 35.3293 111.531 30.2817 125.648 97.2927 90.1304 108.593 169.842 86.6873 4.01 177.898 60.8176 32.0935 106.411 132.634 92.5642 45.9156 142.405 142.277 29.6154 52.1852 262.714 17.8581 56.0345 53.3316 35.7285 147.394 166.325 73.6084 106.711 230.778 186.771 71.5183 160.422 67.62 24.9581 29.4304 100.558 25.7844 36.9517 12.1361 60.5203 15.7557 38.9191 79.0832 98.2063 76.1117 171.156 309.029 160.116 31.889 
122.548 114.191 208.894 38.7994 96.9941 39.6153 48.4134 37.7501 32.8618 164.921 211.334 75.1616 143.867 34.2942 29.6818 110.703 58.101 6.14218 47.6773 81.8889 141.58 192.349 114.25 65.2364 142.959 20.8814 141.574 168.212 155.481 240.048 90.3295 14.3435 128.637 20.2078 307.202 16.75 12.5775 23.8259 91.1311 89.1229 260.132 200.668 114.355 160.007 228.698 81.1858 38.216 34.5045 91.4608 36.2401 69.7619 78.9315 24.5632 135.443 194.925 42.4362 9.38946 63.5788 241.198 169.199 172.168 104.749 29.1436 87.5522 19.4164 213.168 82.7712 46.3966 150.995 76.5623 22.2832 216.145 169.882 26.1881 182.46 153.795 64.5908 273.565 202.328 109.607 186.886 73.7862 167.701 114.414 33.3067 293.644 77.8767 127.429 141.458 84.6412 51.6165 22.8525 180.701 65.793 68.9759 126.009 204.811 177.874 150.04 45.8754 94.0906 73.8144 92.2292 54.4856 6.74526 95.204 143.145 199.069 68.3563 102.101 28.4561 70.2205 24.2625 149.865 54.6461 223.61 76.7371 244.586 308.163 31.4219 92.803 146.755 131.998 88.933 63.4233 130.206 89.3443 108.459 269.159 135.602 20.5565 57.6351 162.308 70.776 113.46 92.9895 42.8163 63.2586 127.396 146.433 47.0606 234.178 231.718 44.2569 206.881 146.923 201.192 60.3709 88.2588 220.729 22.275 61.6311 16.976 19.0574 289.643 300.074 100.929 59.9552 173.111 64.256 192.899 22.8934 30.8532 168.037 304.219 262.261 36.8912 103.549 131.335 135.711 117.447 61.7104 32.9918 61.9257 208.091 231.416 158.168 117.518 108.196 90.5832 57.6617 80.0993 136.136 15.2253 43.8321 109.226 71.8082 230.524 192.327 47.4691 100.769 10.8637 138.472 58.6375 183.074 155.032 17.8361 332.446 80.416 236.995 223.201 211.423 70.8752 44.7281 8.49215 262.121 147.569 242.721 263.026 188.792 223.506 122.693 133.029 227.796 84.3153 180.497 104.854 67.3437 22.4303 122.091 33.3902 42.1866 189.664 146.902 45.7584 84.8438 165.87 195.084 39.0896 39.2991 49.8964 48.248 200.126 136.345 141.289 35.0056 92.4714 128.572 89.3312 24.746 19.9402 61.1942 11.0101 100.013 146.925 161.883 180.791 17.1661 187.457 21.139 158.782 28.0455 16.864 197.973 208.236 126.703 24.1858 52.7575 63.5939 55.0417 309.979 48.5033 17.6486 180.038 30.4882 107.566 61.51 126.455 12.1308 216.852 98.3902 47.0776 95.0957 159.756 156.016 198.196 101.916 57.588 157.608 121.563 77.9958 75.6403 187.825 316.27 251.594 207.094 20.7928 35.5696 74.2436 70.6465 6.86725 188.71 56.202 231.17 119.214 114.012 145.318 84.9936 80.5896 217.897 
