10  30  300
668  3936
1724  5221
1548  5681
1114  4312
956  4193
1554  4153
715  3287
1014  3656
299  1994
598  2825
520  2540
475  2450
168  1424
123  1226
164  1300
564  2429
134  1277
194  1565
202  1507
246  1771
48  775
108  1127
576  2664
411  2144
407  2197
475  2247
179  1473
168  1429
366  2090
456  2224
67  913
598  2627
194  1524
374  2146
104  1078
336  1996
370  2148
243  1667
134  1249
493  2471
24  13  14  35  17  6  26  15  18  6  35  34  14  27  34  31  20  5  24  35  5  20  11  25  31  28  27  9  9  19  33  33  13  8  22  9  30  7  28  15  6  26  22  11  15  24  21  5  23  10  5  22  29  10  18  16  34  32  18  15  26  12  8  22  34  17  22  20  11  30  5  11  5  18  8  34  7  19  31  19  15  22  33  23  26  22  12  31  7  20  5  30  20  22  15  16  29  8  30  30  19  26  25  33  31  25  26  12  20  10  11  22  8  14  14  27  12  18  13  35  23  27  18  5  28  16  33  11  18  20  24  21  24  34  8  18  28  10  7  28  28  27  10  25  30  35  28  10  32  22  25  32  19  6  18  31  21  21  26  10  5  15  6  24  25  29  35  35  16  10  5  31  6  31  26  17  34  19  29  31  12  22  27  31  6  16  21  10  5  27  26  16  15  27  33  34  23  13  14  32  32  15  29  22  21  12  33  22  18  8  22  16  30  5  7  12  17  35  5  11  19  25  9  10  22  13  30  31  24  19  13  25  9  22  26  24  17  20  12  7  27  26  9  30  12  15  22  27  5  25  5  5  5  30  27  7  18  32  11  15  30  12  20  33  14  16  25  13  32  9  19  35  34  15  14  12  8  33  17  34  33  20  14  11  5  27  11  27  14  32  11  10  12  16  27  22  12  22  17  22  
3.18499 5.64678 3.76311 5.08881 3.9142 5.23869 4.12203 5.18758 5.64398 2.8922 4.73944 6.24776 7.39566 1.86783 5.00737 3.38375 6.73847 2.29552 3.69454 7.03812 3.32772 5.53313 2.65424 2.42483 2.11261 2.99366 6.34889 1.10785 2.29329 3.80445 
6.66773 2.91649 7.60198 7.2046 11.9232 3.59105 4.29788 5.62093 2.41185 10.1636 6.8226 3.52488 1.02652 9.72568 7.33446 11.4298 8.30502 5.87201 11.6637 9.15142 10.3022 2.67206 10.5368 6.758 7.02944 10.9781 4.53981 7.33265 10.3382 9.99425 
3.33859 8.09457 9.44705 10.3944 8.75554 8.24245 7.41289 2.92077 7.10893 5.30517 9.92756 4.98745 7.47525 7.68019 10.3836 8.04127 0.712006 5.28409 8.76274 0.877436 4.94914 7.53694 8.21164 7.77282 4.24177 8.19616 4.05214 5.22693 7.14539 3.96212 
6.89602 4.00943 1.59493 0.366988 7.50131 3.3426 3.28074 7.9519 5.05396 7.94741 0.333999 7.50184 6.85302 5.51259 0.515017 7.37448 10.519 4.93434 7.14256 11.092 8.39962 4.49033 6.08152 2.68691 6.18223 6.66005 8.25546 5.45393 6.67721 8.82448 
5.63329 7.354 3.7092 5.1458 2.2025 6.80262 5.81829 7.66708 7.65627 3.83101 5.00364 8.65769 9.5334 0.764251 5.00407 2.12053 9.02509 4.66214 1.85062 9.21269 4.37253 7.40818 0.803805 3.43309 4.56343 1.37837 8.81831 3.58583 1.81069 5.24323 
1.07828 4.24908 5.50208 6.2958 6.97395 4.24104 3.29883 2.08956 3.57185 4.55371 5.81838 3.1192 4.80983 5.08093 6.30044 6.34869 4.42685 1.2678 6.80957 5.02802 4.64 3.80505 5.84673 3.83518 1.43407 6.11444 3.13071 2.15018 5.22704 4.32553 
1.79449 7.00162 6.88956 8.05818 5.69624 6.89108 5.82933 3.50026 6.39928 2.37934 7.6376 5.471 7.54293 4.58629 8.01039 4.98433 3.7507 3.30224 5.67728 3.86716 2.19581 6.60473 5.09777 5.30615 1.84727 5.09117 5.00882 2.52636 4.04145 1.55943 
6.2608 3.51443 8.10872 7.88104 11.965 4.18828 4.66876 4.9314 2.6523 9.91436 7.4655 2.75535 0.7053 9.81845 7.99784 11.4253 7.46889 5.78784 11.7307 8.32335 9.99733 3.10026 10.6329 7.07326 6.77545 11.034 3.68901 7.22389 10.312 9.58914 
5.43164 8.12788 4.95686 6.40862 1.267 7.64019 6.57749 7.54096 8.25065 2.78744 6.22264 8.83973 10.0369 1.05172 6.27503 0.85362 8.47474 4.93845 1.06588 8.54615 3.31141 8.08926 0.590597 4.37635 4.42245 0.380434 8.83857 3.60275 0.696177 4.27816 
2.62789 5.3383 4.0002 5.24458 4.41598 4.9833 3.85207 4.61446 5.23552 2.94358 4.85922 5.69883 6.93331 2.4322 5.1794 3.8492 6.23133 1.79249 4.21569 6.5668 3.31261 5.17193 3.20637 2.50263 1.56003 3.51459 5.77908 0.539866 2.73397 3.63646 
143.943 54.6766 82.121 107.686 103.277 19.4921 32.7899 71.8276 137.797 33.0386 65.616 147.787 25.7767 79.9086 143.549 147.505 94.7755 13.1999 105.79 212.597 19.5843 85.1785 52.2655 161.637 115.187 175.645 198.361 46.1028 24.6847 105.075 182.782 143.658 75.2455 18.3549 133.235 39.931 144.957 24.3356 159.48 93.382 27.1525 60.5471 135.632 51.8582 117.37 166.171 90.5037 23.1883 56.5327 46.2846 24.5415 123.426 43.3527 17.494 57.6803 30.3812 142.084 167.613 118.728 106.467 163.005 10.2689 31.5965 65.626 174.342 100.101 56.6861 17.9632 68.2683 120.869 8.31788 67.1461 5.99349 122.408 19.9928 136.534 32.2896 149.232 126.408 114.75 23.6228 64.3233 102.592 37.0643 22.8703 107.467 47.8644 194.853 14.7961 115.297 16.677 139.986 86.5715 68.0167 66.8241 81.2524 131.736 34.424 148.84 131.636 60.5194 104.827 220.482 24.6979 107.92 104.258 107.266 10.0429 86.3708 29.4934 83.2166 150.128 42.9489 45.5055 75.1079 126.092 61.6821 144.623 67.2972 262.884 96.9427 71.3831 92.6199 17.3247 173.304 7.60992 75.0679 64.5635 99.7293 131.121 152.565 33.8747 66.8099 124.061 27.5853 21.1759 147.647 25.7351 17.5668 40.7944 58.7437 200.467 33.2565 70.8465 221.584 190.263 112.123 30.6285 210.471 83.9249 86.8888 36.2903 50.7242 41.9145 134.52 84.7659 27.9963 60.9298 166.291 57.2339 31.5063 71.6445 29.6035 155.17 71.6139 135.7 49.8042 88.9537 65.7877 50.3768 29.8694 56.5146 35.9232 48.2998 183.898 43.9807 128.661 71.668 129.848 192.112 81.7211 95.7107 149.672 167.988 28.2046 46.5077 25.876 38.7301 28.4369 161.877 159.808 86.0815 75.0987 217.85 102.021 79.3236 66.9388 32.0205 44.2681 129.442 186.7 33.3419 199.442 132.415 60.7044 71.9025 154.252 95.4841 87.8346 48.7253 79.7205 43.8139 113.534 20.2656 22.7304 14.4118 120.937 102.247 19.1694 46.9997 107.417 25.3145 20.93 48.1246 69.9784 45.2212 10.9218 169.182 52.2575 124.738 41.0645 56.047 56.9996 72.5014 25.3893 162.962 94.1024 111.319 65.2804 33.654 76.8466 107.993 27.8053 35.921 47.9564 124.31 73.02 139.569 24.1625 130.832 20.6547 15.521 11.9201 87.0765 86.1538 39.6807 97.2421 66.9954 46.1835 43.5383 88.4979 57.1551 78.7264 152.54 87.1821 95.8666 95.1665 77.3716 262.543 51.7828 55.9045 167.532 37.3849 79.1429 16.6844 50.8106 29.9577 228.54 108.288 182.572 135.883 31.4007 80.2295 37.2049 24.9567 95.5469 67.0181 136.968 54.049 88.4388 30.5514 35.9574 70.2281 99.6944 143.623 123.547 52.5354 24.3236 78.2297 151.52 
148.52 36.8275 70.8993 194.147 53.9169 27.955 105.828 74.731 103.198 12.0778 188.21 296.502 100.138 222.947 157.566 27.5217 61.6722 37.6251 38.3441 343.245 25.3153 177.869 56.1487 33.772 206.51 257.075 108.216 28.8047 24.2824 65.9579 58.7225 43.4231 31.8769 24.5696 36.8217 69.6791 271.959 56.1277 265.354 114.747 8.89549 131.464 211.686 19.8918 88.6208 149.387 65.1413 34.3344 77.3306 26.1932 37.3268 196.831 122.94 68.3547 124.804 83.5074 193.837 187.342 58.223 38.3552 103.105 55.5453 62.6938 143.571 195.088 120.061 108.586 122.624 34.1664 128.21 32.2443 17.3802 20.8091 67.139 34.048 151.914 19.9565 113.567 279.075 48.0206 56.3098 180.43 73.6576 85.6771 125.905 135.786 67.9252 230.725 49.2283 169.155 31.0527 256.33 22.2093 128.452 58.0001 96.4902 181.01 70.7693 31.853 265.242 116.993 89.7823 143.041 151.93 255.138 121.352 55.0878 62.6015 136.471 48.5756 53.2556 61.5093 66.9943 29.6323 98.4642 174.062 102.015 80.2049 59.2019 132.03 96.0948 192.805 132.877 17.3412 129.015 90.7774 194.122 72.1625 13.3924 59.8784 189.936 94.6155 177.017 268.309 15.1837 81.3499 198.158 78.9779 37.8562 146.736 93.0743 88.0505 85.8265 87.047 185.484 149.222 168.183 52.5395 80.1953 69.3179 208.646 134.284 149.581 61.6313 59.5348 115.839 112.3 102.834 124.292 89.628 15.059 34.5397 18.6593 41.2256 166.184 19.2628 223.041 273.094 67.4481 36.4191 28.2518 137.399 22.8965 155.726 144.885 111.694 61.3128 30.9692 229.677 48.2243 65.5134 39.4857 198.993 106.328 22.9137 43.2816 116.573 44.5 18.8605 191.372 39.1306 74.3374 54.2164 121.808 245.004 102.783 166.129 40.5105 117.426 274.27 212.299 111.135 108.413 38.4444 158.197 116.851 60.6054 187.69 126.889 20.9432 49.814 73.548 85.0473 43.5564 18.0484 77.9233 59.5171 181.184 17.9035 24.397 55.9431 110.506 47.5214 13.5172 150.442 71.0909 148.93 137.82 179.755 25.2572 109.935 83.0766 74.5315 66.9625 131.089 144.446 19.7623 69.9673 75.4429 41.6657 206.257 32.6467 51.6731 160.382 31.352 86.4997 54.2052 81.0257 12.8806 135.057 16.5137 16.5072 20.8991 228.163 186.809 2.51458 14.179 109.139 51.9336 107.897 128.499 98.7701 94.6542 283.92 56.8426 19.6156 91.5122 10.2677 154.761 76.2714 77.2825 210.496 192.514 90.4982 80.2969 89.0651 71.0614 339.992 120.339 57.0852 49.386 107.95 5.71645 79.123 22.0599 52.2497 22.8576 104.952 77.2283 257.507 47.5653 18.7208 76.3605 99.6892 139.058 44.6596 92.2471 132.936 19.8732 145.728 
46.0943 30.7549 9.19316 132.001 29.3916 46.548 136.744 25.2713 27.7508 16.3182 163.615 234.909 102.347 233.341 69.7916 161.368 36.3677 43.7111 80.391 247.215 13.0703 146.852 20.0119 109.588 136.32 164.605 234.692 13.8995 37.9561 149.686 98.1014 123.131 30.7248 41.515 139.869 47.1197 210.097 46.3478 191.91 55.4044 34.0438 195.216 146.756 32.6295 25.7318 37.1565 44.2285 19.3002 89.4676 68.0338 22.1854 133.28 134.909 78.3054 163.836 72.7058 99.0389 67.6801 38.0835 54.0336 25.0235 63.5265 46.6203 193.103 70.7457 53.219 83.2735 127.867 20.8881 236.42 30.0421 68.8146 28.0714 150.995 29.0162 272.799 14.4894 33.2784 313.783 46.1722 76.6767 190.902 159.564 115.824 164.689 61.4336 36.5777 104.561 57.5594 103.579 44.1615 188.183 99.4218 88.5791 25.1011 39.3411 91.9931 83.3488 109.407 212.581 165.558 56.6347 73.6329 191.527 217.486 209.708 157.113 64.9217 81.5317 34.0347 19.2088 63.8381 43.0017 69.049 48.7681 89.2587 69.1916 49.8218 13.0625 94.3749 44.038 235.965 74.3049 13.6287 4.44141 97.8398 157.694 27.3428 97.728 47.0566 95.2993 138.066 150.753 330.762 34.8168 89.0438 101.195 81.1905 55.0171 137.913 126.906 85.8925 90.8862 161.922 46.6417 24.0923 94.8051 80.8163 230.019 150.257 181.544 176.08 142.471 42.2736 57.5828 206.407 107.074 72.8435 7.53186 59.8642 10.428 37.0295 10.1747 151.85 128.431 128.088 215.257 293.252 32.4134 12.5857 6.32875 133.271 49.8131 146.239 26.8003 144.998 181.132 78.4085 158.446 114.367 9.91971 129.178 102.579 39.2027 47.0462 62.1073 112.154 79.3681 40.8879 83.4213 96.0906 13.183 19.4303 74.6773 199.075 156.617 206.512 53.4497 126.035 325.15 83.4134 106.893 54.1277 141.529 135.07 84.2536 201.887 144.747 70.1346 18.9214 127.228 118.58 195.53 50.818 40.6021 85.8429 41.4829 278.153 11.6451 68.6527 33.8204 130.104 68.9639 57.328 112.187 109.955 175.295 20.6247 189.637 106.615 107.417 106.104 40.5201 140.317 135.489 32.2282 61.3552 158.242 29.5835 18.2503 241.85 128.046 75.7213 209.343 32.4229 33.4176 78.1642 198.694 34.3002 40.5265 35.7078 32.4873 34.1476 196.41 140.347 34.218 98.1818 179.859 91.3482 134.481 218.617 68.1799 163.638 211.684 11.4532 94.2135 181.717 57.3287 85.5964 46.9158 134.912 94.3558 241.054 34.3762 77.6671 59.4442 77.2554 235.828 48.2081 102.98 123.846 145.196 67.9408 102.575 5.77995 107.231 32.7379 29.9795 121.728 272.62 79.3594 39.7954 26.9454 29.1905 34.683 60.2632 62.4885 131.803 62.8825 44.2873 
79.3705 37.9369 29.4393 177.779 21.2404 49.1419 157.215 46.2596 26.0755 14.3748 204.563 282.768 118.206 263.775 113.664 157.339 46.9076 48.5093 82.5718 298.094 19.7471 174.619 35.521 91.6538 179.856 204.927 223.927 17.6326 42.888 148.072 85.8529 124.879 25.1609 45.7861 131.097 60.074 252.953 55.8608 232.579 76.2663 33.7611 211.086 178.696 32.9719 24.0206 62.0327 58.0577 26.5485 107.254 68.1073 29.4513 165.259 161.503 88.1091 177.172 91.1776 146.981 114.184 21.1429 38.497 20.804 74.5491 57.8989 208.721 120.159 77.2235 109.392 149.392 13.9519 244.469 36.0131 64.1661 31.8382 145.314 37.3759 282.693 17.6245 31.8423 345.169 34.9551 87.6097 215.339 170.985 132.674 185.392 93.3865 53.3088 147.159 64.2122 132.51 47.2101 231.249 99.2414 117.829 40.608 62.5997 133.866 90.6909 104.144 254.724 177.43 79.0327 43.9158 218.955 259.159 217.434 159.047 77.3375 110.313 46.163 5.85514 41.64 54.6297 73.2433 69.0253 128.392 86.615 23.6586 30.5144 47.0482 70.7423 259.519 100.458 18.0103 36.3196 114.236 199.023 42.8233 91.5454 28.9111 128.562 152.028 182.206 359.334 37.1563 106.032 141.793 92.6369 59.3913 168.954 146.334 52.7302 102.031 171.946 65.7696 65.5039 134.298 86.0778 216.225 154.719 214.852 201.055 165.886 50.899 35.2019 219.854 130.324 98.3439 32.2884 74.3926 6.78258 39.2095 12.922 139.598 161.772 124.874 255.861 331.185 51.1054 20.4881 13.3174 164.58 49.0066 180.038 41.4609 158.223 185.987 82.4548 200.171 93.5793 19.9491 129.362 141.5 51.082 47.6845 71.2987 135.574 82.4897 40.4829 121.24 79.1914 35.3462 31.1427 35.4331 243.454 177.058 225.865 62.3051 141.317 354.227 128.598 124.992 20.0717 133.156 162.698 101.697 199.902 175.891 96.2948 13.9964 131.402 126.637 201.108 55.5195 42.5805 98.1658 20.6413 296.984 16.2577 69.1964 30.7391 152.161 74.687 56.1179 142.181 116.324 202.604 61.1172 216.098 94.8179 123.288 124.274 53.1631 146.727 162.151 57.9786 54.4794 156.464 46.9125 28.394 267.309 129.15 80.9648 233.277 38.4184 21.5128 89.2403 196.965 34.1164 76.8238 36.499 34.1957 36.7574 235.788 177.176 31.2918 92.7443 197.617 94.5304 147.037 231.871 85.5251 170.292 258.927 12.1916 87.3245 187.873 50.3178 40.1422 59.9401 142.972 145.078 270.039 56.1518 93.3906 76.6461 85.849 283.4 71.0306 92.946 128.46 160.279 61.7853 110.893 12.1846 115.804 25.6554 56.1097 127.853 308.064 84.5546 42.7537 43.8473 50.5892 73.7745 51.7981 79.7381 156.437 62.2189 69.3809 
96.8844 85.4055 73.5019 141.295 126.084 58.4976 178.966 69 118.714 47.7123 171.449 110.92 86.4809 191.018 162.478 291.403 130.26 40.8341 186.411 62.8147 21.4888 76.186 48.9409 242.433 92.9899 10.0486 347.959 59.5048 64.7673 216.731 269.793 265.72 101.538 61.7897 238.891 19.4717 86.5781 26.9045 52.9822 34.5016 57.4243 231.736 27.5284 84.1864 99.5037 120.647 133.082 12.4818 147.401 103.005 9.62604 26.8716 177.629 74.2445 171.44 79.4821 124.468 123.06 142.717 139.82 177.446 76.2735 22.7043 207.207 133.215 47.521 104.48 120.825 83.7631 311.672 25.5428 119.016 35.9436 223.591 43.157 354.515 46.7386 125.308 276.08 151.741 105.489 158.614 265.918 160.624 192.531 72.457 44.4125 82.5216 54.9617 18.3562 49.4288 71.4078 179.596 84.1845 84.4925 56.7295 90.7582 77.397 251.339 102.121 184.933 154.305 210.544 230.025 130.457 266.322 248.411 70.1558 51.9972 46.5578 82.3922 190.553 9.81065 115.299 34.4973 79.0419 18.7767 155.437 68.6262 301.031 120.676 232.873 35.6606 29.5103 169.814 99.1789 144.442 37.8866 179.78 162.392 49.3782 169.718 101.833 324.072 63.3217 110.009 66.2905 65.9878 63.7276 148.381 193.058 244.097 74.8034 223.502 170.564 201.835 94.3431 96.493 372.337 215.374 111.878 224.85 105.46 7.1015 163.163 277.708 112.426 97.4148 158.396 10.4715 39.0413 108.686 39.5207 265.14 93.3018 255.057 189.063 251.223 82.9814 61.3205 23.3539 174.736 71.3546 165.749 155.871 151.775 301.924 151.368 62.6446 280.748 69.5913 210.961 57.4366 204.436 65.095 111.725 112.995 102.909 58.2305 77.1896 235.012 85.0902 92.1143 232.875 125.184 245.463 205.981 87.9831 105.958 304.594 106.139 83.1517 225.091 239.493 89.275 21.7811 327.885 65.1255 41.5953 63.6453 199.623 147.914 288.221 46.7462 61.8447 80.8891 141.495 332.683 28.9258 107.402 137.605 161.896 80.2824 97.7855 75.1382 130.896 199.2 173.297 161.763 201.778 79.6425 166.872 13.2443 202.534 151.349 122.708 147.465 228.909 41.4132 24.6262 227.194 229.771 87.1051 233.506 81.0217 112.509 154.711 295.008 52.2853 109.312 50.7623 45.6944 43.874 129.928 92.1326 67.7897 178.745 252.8 117.173 134.508 281.185 23.1797 208.246 83.7196 93.5674 168.414 249.74 123.279 270.821 8.19051 176.681 120.394 258.529 54.8226 75.6487 28.3906 65.34 43.7211 55.4386 276.289 260.811 163.1 135.676 105.869 26.5903 206.618 92.9703 159.519 146.235 227.849 101.371 77.0517 44.1795 67.4788 127.365 176.622 26.6501 123.086 139.277 98.59 
133.486 29.7207 61.7629 180.156 42.3852 30.2659 104.945 65.9615 90.9864 7.99805 178.952 285.982 99.2312 222.86 139.085 44.2074 49.3129 38.1966 26.986 328.767 22.8023 172.439 49.7925 29.2408 193.651 243.367 126.464 22.9534 23.1313 78.1214 36.3524 32.3765 23.0699 25.1623 51.5514 65.9306 261.866 54.2509 254.086 106.046 12.1004 138.416 201.966 13.3396 78.4526 133.385 53.2352 31.8674 71.7996 31.9602 34.9124 187.097 118.165 68.9614 129.553 79.1956 176.614 168.491 46.4364 31.3441 85.4262 54.4588 59.872 149.51 175.187 110.124 100.783 120.987 26.7576 142.67 31.3538 24.6496 20.9331 79.3787 31.3706 168.078 15.7256 100.682 282.965 35.3572 55.9027 180.645 76.6592 84.7686 127.81 123.712 62.0449 212.31 49.9165 159.246 32.7048 245.167 29.2891 119.86 49.2898 87.3673 166.032 72.3375 14.3173 256.247 123.019 75.914 127.437 152.104 247.744 133.325 67.6952 60.9818 127.153 44.5727 45.9703 48.5868 63.2829 31.5603 90.8088 160.075 96.851 69.4386 51.0646 111.181 83.409 197.387 123.708 15.0862 110.15 89.6302 184.352 65.5101 25.5856 46.9832 176.112 98.156 171.197 275.947 14.9365 78.8314 183.119 78.6158 39.8053 140.737 90.145 73.5036 86.045 94.948 165.152 126.495 154.819 56.0096 101.533 79.566 203.197 134.236 147.175 58.8138 49.8788 125.517 108.14 94.5561 106.709 85.0988 11.7279 25.2097 14.8411 56.0708 158.164 22.7065 217.855 273.687 58.8057 30.0551 25.0407 129.926 26.8399 148.725 127.232 115.417 72.4564 28.9976 217.881 32.7855 57.3978 50.7972 184.321 85.7315 26.2895 39.884 112.76 49.106 22.0706 175.422 26.0468 64.1484 44.6984 105.621 235.702 100.748 170.689 38.1707 117.919 280.503 193.116 109.264 89.3342 53.2747 153.173 111.919 79.7777 180.402 117.798 15.6141 58.0199 78.7399 98.6595 44.4289 20.2427 77.8665 48.9591 192.863 15.362 30.1093 43.0492 108.412 49.8724 19.4671 142.866 76.08 147.963 117.783 179.365 33.5839 108.802 78.9321 69.5426 75.2075 127.217 128.442 8.64997 82.8031 68.4033 37.8033 209.859 40.3276 54.6368 164.045 25.3759 76.5828 47.7463 97.9105 15.8866 119.937 19.0613 18.2792 22.266 221.22 177.641 6.21161 26.3969 113.242 57.2834 110.904 139.095 93.8232 103.837 272.022 47.3293 30.0068 103.166 9.07014 135.119 71.832 83.9607 191.335 195.822 81.7235 77.9281 84.038 71.6135 324.794 109.885 33.9774 40.0127 111.284 12.1594 82.0104 18.9788 47.7224 15.8947 87.8288 83.1275 257.699 51.2014 17.0765 69.0245 89.4854 122.352 29.7443 87.274 129.972 12.7612 131.297 
114.173 17.2266 52.2922 140.955 39.8487 27.8521 79.9024 52.2883 85.7571 8.06533 139.561 247.457 84.8016 196.202 105.432 55.0126 34.0364 33.8781 3.49554 289.869 17.5661 149.836 39.5876 56.1928 159.157 213.663 144.675 17.4065 14.1815 83.6169 42.538 8.84629 22.8565 18.8327 68.6179 55.9304 227.908 46.3462 222.832 92.0441 13.1941 122.436 177.837 6.48717 74.2276 118.89 33.8519 26.5806 46.3966 33.2887 29.5765 162.97 87.0265 59.8081 117.682 61.1751 141.147 139.458 48.1377 42.0347 77.3112 42.1477 50.83 135.349 144.07 94.4399 75.8887 100.26 26.143 136.897 25.8676 33.6181 16.4092 89.9182 22.3058 160.783 10.1312 95.1719 256.218 37.3959 41.711 159.183 54.5469 62.7426 105.207 102.014 49.316 184.326 43.7794 138.14 29.9991 211.383 29.8986 95.1575 35.6786 72.1967 136.112 66.1332 20.7335 222.262 112.339 49.9534 130.334 121.163 212.926 127.812 67.1327 48.1958 105.522 33.3647 45.2369 58.0234 54.6236 23.3946 76.935 132.265 83.6055 74.1971 40.8576 122.113 61.0288 175.987 104.978 9.60353 96.2253 73.2398 147.008 55.9132 39.6905 50.6087 153.502 82.6174 144.24 251.19 8.86084 59.7311 154.969 68.4875 35.5554 109.705 62.0003 87.2561 76.377 83.2981 150.902 102.91 124.788 51.11 126.024 75.9351 175.263 104.348 126.748 52.3482 59.0778 110.388 85.0044 70.9763 94.5629 74.1989 11.899 15.3603 10.7339 77.9832 129.836 29.8586 180.009 239.86 42.9143 22.9069 21.3533 95.3682 28.9819 114.254 115.995 103.197 64.4644 14.5814 185.539 58.5299 51.5707 52.6808 157.414 69.2256 26.4244 22.7743 89.7691 46.6502 23.4986 150.879 47.8059 52.2453 33.8665 112.559 198.383 68.5877 153.294 24.382 104.573 255.706 164.751 93.1795 90.1599 69.6816 129.598 98.568 87.1997 155.488 98.9828 16.3649 52.5828 70.6267 93.7418 40.4189 17.518 66.1573 53.0325 174.991 10.1747 30.508 37.4897 82.9942 44.1996 22.8032 117.968 70.4889 118.525 96.2444 155.512 53.9767 95.119 52.5235 60.7149 67.9197 99.3243 114.036 20.9937 88.7009 57.4226 30.9368 187.109 37.6505 49.841 139.357 12.8421 75.2407 23.2703 104.789 16.9093 98.3308 18.6572 16.3409 19.3988 187.605 147.073 13.1773 39.1129 89.4484 55.0872 99.6093 125.746 80.4701 98.6553 234.778 42.3658 43.7693 98.242 23.7768 141.18 62.3152 75.6351 156.752 166.623 67.9607 62.6754 70.7155 64.2298 289.012 95.4866 37.7125 10.1531 95.9362 26.567 74.6933 14.8965 22.2932 20.3029 68.0017 78.0913 226.403 45.8555 7.85249 58.7858 77.277 100.221 31.6535 73.9287 106.396 6.69257 116.32 
187.026 68.7571 103.88 177.443 119.69 8.23798 60.0582 97.1439 162.917 37.0989 137.213 214.866 45.6722 100.695 200.17 138.72 117.49 12.4642 119.45 284.541 28.6248 122.794 71.2125 164.938 180.144 234.833 163.102 56.2735 30.8767 78.6113 202.216 157.203 85.3948 20.0151 118.666 58.9547 204.706 38.1007 217.06 123.621 24.0959 8.59294 181.547 59.2658 138.47 205.987 115.219 33.4784 83.7095 35.6644 35.0176 169.696 88.6743 21.8382 30.5328 62.5273 207.371 226.121 134.426 113.398 193.589 30.4438 48.2831 28.8108 236.156 133.556 98.3007 55.7599 78.3575 68.8183 18.5045 60.3881 9.68711 98.6888 33.3224 75.0091 39.7586 176.194 119.703 129.127 36.2716 79.3606 106.353 57.3702 35.4531 149.973 71.0451 256.273 14.9043 157.527 6.64764 202.01 83.2869 112.936 88.0862 111.388 189.153 28.6512 160.048 189.993 22.7492 139.097 248.071 62.4636 166.146 55.9519 88.7664 34.7475 127.884 47.926 95.9389 164.513 59.864 45.686 103.349 180.083 86.9631 160.823 87.1161 291.287 132.285 52.4824 129.965 24.0464 211.877 40.4527 144.259 85.3007 93.5606 147.1 201.43 20.1026 114.764 88.967 29.9978 51.7837 204.522 36.3017 2.78532 97.8789 84.0203 217.808 38.7959 46.1778 268.573 239.485 167.92 9.76758 181.546 57.9075 132.115 66.3068 80.4536 54.4655 146.114 49.7302 71.4518 99.9406 202.373 78.306 35.8321 84.5225 36.3453 141.05 124.462 137.776 119.859 112.896 90.7167 63.1772 38.2707 110.171 27.1284 109.438 222.157 22.0796 118.141 78.0824 191.03 203.024 99.626 82.2048 204.845 203.978 18.8613 59.7929 70.0887 20.6965 21.0221 214.794 168.832 110.4 94.2328 242.408 169.604 101.507 45.2394 44.5867 50.9141 105.869 247.597 58.2335 227.643 117.052 102.112 96.5667 130.558 139.953 124.916 54.9415 67.4 15.3834 83.5725 17.3597 18.9619 28.7527 135.04 29.7157 26.0411 38.089 125.826 62.9107 1.92631 42.8732 116.488 17.88 63.3387 214.255 76.241 119.007 57.4547 82.1112 75.6769 52.0876 77.1944 202.176 100.292 83.3286 87.9396 46.9543 68.2515 104.629 8.93682 28.1916 59.9098 143.202 91.0734 106.158 18.8602 174.076 14.0777 10.466 5.57735 145.474 143.193 38.8684 90.6927 65.6563 25.3877 29.0195 39.704 82.419 40.6378 220.278 104.162 88.1481 59.0314 78.4477 294.006 70.792 27.7704 234.527 41.2276 107.039 46.283 76.1771 31.5097 297.329 140.821 202.208 150.562 11.7716 78.8523 21.4645 32.5129 108.703 73.4504 173.405 24.7301 111.875 12.938 40.604 92.4304 128.018 188.385 138.177 77.9022 69.5335 84.8317 190.09 
161.974 42.9977 80.5586 193.545 70.6748 20.8563 89.6047 81.5256 120.392 18.0039 178.332 287.124 90.6323 201.662 169.57 10.6203 74.4185 32.9294 51.3118 340.7 26.4842 170.844 60.8714 63.9065 205.964 260.238 92.1153 35.453 21.4419 45.8249 92.6253 57.9703 45.0044 18.7951 32.0857 69.3483 265.153 53.7187 262.734 120.472 1.54999 103.286 211.536 27.7066 103.042 167.315 75.6283 35.1337 72.7816 14.3158 37.9378 196.899 111.086 59.7654 104.998 79.246 201.381 201.5 77.7754 56.6673 127.153 48.8235 61.2983 119.304 209.838 126.938 106.69 110.041 45.4243 91.5093 29.871 16.31 17.1826 54.0935 33.3302 110.347 24.2636 131.754 249.125 68.1814 47.1052 162.69 53.2814 72.0953 104.333 142.802 70.1196 244.009 42.8408 171.899 25.2848 251.952 10.9889 127.425 65.3023 102.605 187.741 62.4116 57.7574 256.353 95.2847 99.9737 171.446 128.294 242.654 90.7674 23.4956 56.4785 138.364 48.696 64.8712 87.3621 67.4859 20.1804 102.598 180.301 101.796 101.216 66.9708 172.957 105.159 165.746 136.293 18.3753 152.037 80.656 186.207 77.4198 17.5948 82.0479 198.708 74.6178 167.898 231.98 12.8095 72.9051 205.664 71.6289 30.1558 136.366 80.7343 120.558 77.5501 59.5223 210.775 173.568 172.164 40.9411 68.6298 42.5542 197.601 112.367 138.341 61.9422 81.2258 81.6033 103.816 102.779 146.202 89.8996 20.3385 45.193 22.8214 43.9734 160.85 31.6959 204.68 244.687 73.2592 43.0975 31.415 128.694 16.9308 145.198 167.487 93.8178 28.9425 29.7893 227.898 85.6715 75.5158 12.5792 206.551 130.898 15.7035 40.6627 107.307 32.3076 13.5725 202.807 70.4823 84.4882 64.153 153.289 234.874 86.2934 142.315 36.8544 105.609 240.935 226.994 102.333 139.595 31.84 150.028 115.918 21.8336 182.64 130.22 29.4312 25.4824 55.411 48.8007 38.4533 10.6997 68.8234 78.9422 140.992 19.5251 10.9302 73.282 96.4858 37.7949 2.7236 146.686 55.6574 128.782 158.835 161.543 38.8644 101.304 74.8047 77.2011 41.6743 118.642 162.448 38.6326 48.8791 80.5478 43.9921 180.228 17.5472 41.3276 132.98 36.0745 102.342 54.7942 51.3811 7.13737 147.627 10.393 10.8243 15.5346 216.021 181.886 9.80794 14.7532 82.264 38.4692 92.3348 93.8548 98.1153 70.2668 278.28 69.4891 21.7802 61.0413 26.0886 191.577 77.4542 55.43 221.662 162.357 96.886 73.7253 88.761 63.9069 340.976 128.913 90.5784 58.8293 88.4919 20.8148 67.0126 24.9073 50.43 35.2938 122.502 60.3225 231.937 35.079 18.197 82.4048 109.351 154.059 67.049 91.7631 121.089 30.4088 160.702 
127.501 76.6276 83.9723 102.614 126.722 42.1117 118.967 73.0886 140.924 44.8138 98.138 19.5465 39.2482 96.8234 156.958 244.59 123.104 23.7892 162.565 83.7862 19.9872 15.8805 52.1113 224.187 67.3266 87.6898 295.987 57.9078 49.8231 175.315 251.407 228.278 97.9577 45.1515 205.374 15.413 31.4865 2.58171 56.7507 66.0034 47.0831 157.161 57.9133 75.5301 119.147 155.876 121.707 14.9522 110.758 82.3457 13.5551 50.227 117.47 41.095 112.69 47.3374 124.055 148.942 144.66 136.431 187.308 47.2548 6.77918 136.931 157.233 75.5228 73.3106 59.8505 84.0743 234.355 10.5989 102.789 23.7758 187.831 31.7078 265.125 43.3443 150.801 167.885 147.696 72.5289 81.9223 206.829 110.822 121.232 87.2627 42.099 144.577 31.5501 59.5651 33.9155 33.6664 148.679 57.8366 80.9067 69.0844 101.796 49.5982 222.932 20.027 126.015 139.219 237.25 144.932 22.5551 198.478 197.843 39.5108 52.9534 35.5175 91.2968 188.762 19.5303 90.2261 52.7208 93.3158 23.3699 165.638 72.7253 311.774 114.213 142.719 56.3037 24.9774 187.492 53.0169 75.7759 53.302 155.186 162.53 104.648 113.313 24.0453 208.413 50.8795 69.49 100.853 31.2233 43.033 84.3204 139.886 245.985 39.8981 163.719 214.478 212.491 89.0476 67.5547 319.64 165.229 25.2699 147.743 39.3236 20.7246 164.692 200.999 62.0184 73.3383 177.595 24.4921 39.0425 99.692 37.8759 231.788 39.3513 218.09 82.9846 130.076 77.6638 60.76 28.4909 116.427 58.1919 99.0841 186.043 96.9327 240.868 124.651 44.9557 262.638 82.6811 170.642 99.6623 204.272 50.7518 87.5958 59.3603 76.5496 47.0495 123.281 219.325 91.9285 90.9581 248.777 25.1418 181.637 129.193 66.1729 57.1184 193.771 151.612 31.95 234.598 205.179 19.2825 27.7492 267.515 13.2544 55.9785 62.2617 156.016 104.179 222.706 29.3684 47.319 42.1519 145.18 231.838 25.6404 85.7012 135.283 103.167 53.9277 81.112 32.834 92.9257 119.245 185.063 79.3812 180.582 34.3568 122.652 36.0396 152.955 87.9448 155.215 134.401 185.284 54.3805 28.5408 134.982 188.824 60.0055 145.361 70.8148 130.334 125.966 238.149 42.1298 125.415 39.2411 34.0088 30.8192 28.447 37.6341 59.737 153.289 180.383 87.7194 84.5052 201.992 19.5478 154.172 32.7804 99.3325 146.237 189.063 111.509 294.193 26.5047 127.711 139.921 155.666 68.2359 38.1103 21.9636 37.4188 110.53 86.4545 254.983 221.22 103.833 119.993 69.5524 27.5287 168.62 88.8026 160.635 105.595 116.491 72.164 63.0788 59.8358 89.2587 143.32 166.593 20.3426 58.9092 121.25 135.273 
77.4153 31.6861 27.4102 165.25 13.4581 46.2205 144.802 42.089 32.1649 11.7375 190.118 272.353 112.176 252.05 101.934 143.627 37.4112 46.1867 71.1007 290.74 18.0804 168.138 32.5302 83.8126 170.52 200.667 213.703 13.3572 38.4991 139.713 71.8049 109.285 19.5407 41.8781 122.595 57.7232 244.473 53.4599 226.24 75.0033 31.0504 198.394 174.533 27.7293 29.3666 64.0621 48.1888 25.3914 96.3396 63.5551 28.375 160.75 148.107 83.5042 168.452 84.5181 137.26 108.264 15.9872 35.6423 10.6878 68.9826 55.4879 198.035 113.327 75.4122 100.539 140.57 9.37069 230.109 33.9584 59.9699 29.435 138.158 33.8916 266.372 14.2421 38.5401 330.965 27.4546 80.3889 205.702 154.933 121.611 172.949 88.6875 49.6992 145.019 60.956 129.172 44.7681 223.131 90.0516 110.147 34.4982 59.4419 126.817 86.9219 90.7254 245.442 168.155 67.3635 55.7659 203.289 248.224 205.412 146.958 71.9817 105.165 42.2487 11.229 36.8431 53.0185 66.4605 66.7241 122.195 83.8849 28.6022 26.753 48.9278 61.8947 246.705 97.0047 15.7366 32.2318 107.034 186.255 41.7136 84.2865 23.1325 126.655 141.815 173.366 343.076 33.2741 97.7632 136.912 88.3444 55.9755 156.933 132.828 50.8397 97.6531 159.78 71.686 54.4923 126.193 81.192 204.206 144.266 205.854 185.744 158.237 50.0109 34.167 204.743 121.287 90.1218 30.7074 72.4428 4.90899 31.9127 10.0626 130.968 152.953 111.832 241.128 315.667 44.9403 16.2158 12.8546 150.748 46.4188 166.631 45.8594 150.029 169.89 73.2956 192.547 83.0944 21.0691 119.285 137.395 36.6973 44.8974 63.516 126.556 77.6756 38.2832 118.698 70.2369 31.2072 24.6839 43.2751 231.91 160.511 214.88 56.0383 135.12 339.124 125.202 118.84 16.2356 124.573 155.006 99.1318 185.105 169.349 92.489 10.8671 120.928 118.821 186.879 53.178 39.2051 92.742 19.3053 279.881 14.0448 64.1179 21.5702 140.46 70.2978 51.7063 134.804 109.979 188.615 52.4032 205.57 88.4873 117.986 112.286 52.2721 136.126 150.521 59.5456 47.5461 147.678 45.0683 26.8131 254.701 117.05 76.5673 218.899 32.5916 28.63 78.5092 184.97 31.8698 71.6928 34.1449 31.7741 34.3141 224.745 168.125 28.5549 85.3386 181.988 89.2541 139.867 217.25 82.5289 160.645 249.785 7.50061 81.2205 175.928 45.5605 52.3809 58.4217 133.719 137.162 253.897 53.5102 87.3941 73.4054 82.274 278.231 70.266 78.0615 112.651 150.628 56.3767 105.572 10.5788 102.659 21.679 45.5193 121.039 294.031 79.186 37.892 42.623 49.858 68.034 42.368 76.564 146.965 54.3336 70.6117 
199.384 67.124 106.553 214.259 111.626 5.38949 83.1557 103.856 160.824 32.9768 181.679 276.386 74.5421 159.551 216.276 96.1662 114.376 23.2357 104.845 342.97 32.0666 160.771 76.6733 133.197 219.601 274.212 104.263 54.3879 30.5347 37.2112 176.792 133.188 77.2873 20.1353 78.1626 71.9645 258.247 50.8288 263.826 137.456 15.0994 48.1966 216.35 52.9343 136.8 212.336 114.067 38.9779 92.0627 16.1436 41.1402 203.107 115.151 43.5513 61.375 81.831 235.752 245.723 123.396 97.8323 186.45 45.0051 61.1933 66.3564 256.691 147.602 119.278 92.7764 72.48 10.6085 27.2189 40.4559 14.5192 59.4831 39.1077 17.2027 38.3307 174.338 183.691 116.345 46.0355 127.37 88.8827 71.9019 75.6318 167.747 81.4695 282.271 30.1765 183.803 12.3981 251.624 59.7406 138.207 90.5851 122.771 215.821 43.7485 133.821 245.192 47.1894 142.303 235.34 105.353 224.986 22.3198 48.6437 52.0239 151.28 56.3561 91.6903 146.02 71.0446 36.4732 116.784 205.829 105.012 148.521 89.8569 265.396 139.762 108.876 150.355 25.2625 210.611 68.1609 189.209 92.6668 65.6708 133.49 224.731 45.7129 157.587 151.497 25.5552 71.4795 232.486 57.8145 14.2802 134.628 94.1039 193.609 60.6179 29.2267 272 241.248 195.346 15.6401 116.807 18.4557 180.76 98.0269 119.331 63.8018 129.955 34.8258 100.456 118.157 201.112 93.2224 32.8623 78.2066 35.1882 97.3205 161.7 106.701 182.288 189.167 96.5 62.7109 40.0153 138.877 14.0356 146.88 222.394 56.0189 80.422 65.9915 234.368 170.308 100.23 48.4097 232.398 197.424 5.79146 59.5836 101.254 4.61363 10.1132 236.527 141.418 113.399 93.5162 224.167 226.066 106.142 91.2107 47.6019 81.448 166.89 270.096 88.2553 212.139 76.077 140.192 116.612 74.5279 178.33 144.634 49.6722 40.7011 19.5737 34.85 27.1688 12.1578 53.4966 123.229 54.8521 27.085 19.7245 117.68 90.3081 18.382 27.1221 148.915 20.8504 107.802 217.449 127.78 88.1567 85.1748 91.1362 85.5448 25.3476 112.051 207.86 83.8411 39.726 96.3165 52.2508 125.559 75.9879 18.5583 87.1743 57.9216 138.562 87.7983 48.9367 8.94661 185.784 3.87608 5.26006 7.01036 200.624 183.688 29.1649 62.844 71.0519 8.63641 58.9324 26.5732 100.655 14.8753 275.945 100.915 60.8343 8.25973 62.098 274.573 82.6944 16.043 261.905 110.871 116.94 68.2429 92.89 48.7105 349.59 152.682 176.415 129.229 53.4948 59.5359 40.1788 33.5757 96.3937 64.2396 174.036 21.7501 181.623 11.6294 35.7057 99.7627 135.44 198.236 122.534 95.2203 107.514 71.283 198.981 
208.613 68.2871 107.779 254.639 101.971 20.3793 123.97 110.513 154.002 28.9935 233.035 337.192 104.991 223.108 234.66 68.3003 113.302 35.4905 97.8964 397.96 35.8531 198.673 82.075 97.163 259.33 309.824 43.7775 52.8441 36.9689 15.2077 152.165 122.078 68.6821 29.6884 32.7708 84.5602 310.553 63.6509 308.186 149.013 10.8045 111.466 248.668 48.8655 130.999 213.862 116.487 44.2309 112.591 11.259 46.9028 234.346 155.153 67.0358 106.279 104.57 264.654 263.147 109.419 78.5703 175.992 64.9011 73.9567 121.302 275.295 159.441 144.557 133.047 65.385 76.9377 36.51 18.0894 23.1114 20.146 47.2831 93.46 37.8774 167.217 260.892 102.044 67.6599 179.47 107.127 104.247 128.915 184.416 92.2648 303.429 47.0512 207.724 24.7613 299.76 49.7699 165.273 94.4323 133.186 241.65 63.7149 113.653 299.85 94.4201 150.233 213.497 166.166 284.512 75.8019 45.8493 72.7058 174.083 66.4927 84.5474 123.155 81.4635 42.9548 128.872 230.423 122.106 130.502 92.2806 229.95 149.482 175.808 169.207 27.8409 205.791 99.4341 238.303 98.6586 38.8243 116.706 244.22 90.3945 201.468 236.351 27.4741 98.8818 257.907 80.6611 31.6343 178.143 124.878 162.017 84.6171 74.0636 268.305 241.551 223.181 40.6115 38.7792 44.1483 230.159 151.866 159.706 72.2798 108.77 97.0242 134.363 139.965 195.973 107.085 29.277 74.1476 34.4535 46.1893 200.279 86.7608 249.218 271.624 103.99 62.5318 41.15 178.614 5.96612 192.65 217.078 98.3446 82.4919 66.1233 276.322 134.307 98.5435 37.8582 256.996 190.492 10.2289 69.3953 136.847 28.2219 5.22631 254.562 111.509 115.636 93.3102 197.286 283.434 140.01 148.568 58.9919 115.147 246.807 288.653 119.557 190.905 30.2001 179.1 135.511 45.7411 216.086 163.154 43.6912 49.9474 58.5387 59.183 39.6605 18.0854 80.0159 107.532 142.262 29.1235 17.211 108.974 130.412 40.4578 16.8353 182.043 52.6868 164.02 219.109 182.656 52.4421 114.277 116.154 94.0241 54.1962 154.97 208.977 68.1143 16.1584 103.597 57.2747 192.242 67.1443 40.9847 154.92 59.3674 129.17 96.0955 18.5192 4.61662 196.087 8.95491 13.407 18.0184 256.976 224.973 19.5797 37.2046 118.938 31.7005 96.3431 98.6054 118.156 60.9666 330.135 95.9321 31.2086 56.4164 44.9729 244.686 93.545 59.8015 287.911 188.06 125.717 92.866 109.199 68.3527 397.325 161.793 152.759 123.06 100.309 40.1747 67.583 34.6386 101.397 54.0941 175.025 54.5807 256.987 37.7289 37.1527 105.634 140.49 206.56 106.935 112.026 149.071 63.0669 203.518 
55.6912 56.4074 46.2825 69.7683 90.127 47.3371 128.623 36.7413 89.1929 34.4949 108.069 111.321 71.3212 169.121 86.9866 222.876 86.1252 35.067 132.835 109.044 10.3272 76.0607 25.2362 187.048 40.0606 58.2856 289.154 39.9016 45.403 176.66 196.889 192.149 73.2759 45.306 190.096 13.0995 96.6899 23.3106 81.5259 20.6959 44.3212 186.203 60.3366 59.6588 75.604 83.7845 86.3374 1.58556 98.2257 81.7653 2.48403 46.4672 120.375 61.5599 145.642 49.6761 48.5593 58.7796 105.163 107.651 124.678 54.107 18.1531 174.043 63.5205 22.5906 59.1919 92.4057 60.5162 253.121 18.9158 94.5784 26.4418 184.648 26.2007 288.939 31.2132 95.3978 249.524 110.702 75.6569 139.993 195.083 114.67 146.914 25.6138 17.7158 48.9574 46.2044 26.946 41.3769 74.0172 135.543 41.3081 51.3603 23.831 26.2136 69.3025 184.374 103.78 154.399 96.3018 168.215 170.102 116.83 219.023 192.739 49.4598 12.7753 25.1762 62.1512 143.874 11.4564 85.1927 9.13848 19.1341 21.9673 120.884 41.261 230.542 69.5871 197.858 4.62541 18.385 114.934 74.1812 88.5501 19.6203 139.719 120.207 34.6495 131.432 80.2814 282.526 45.8245 75.7858 13.6705 57.2928 51.8353 98.3537 134.796 187.993 67.1526 173.7 125.022 128.747 32.8758 78.8891 301.627 170.197 101.431 164.011 90.977 19.3696 125.841 216.984 75.9231 52.7817 108.653 20.5083 28.4586 75.3611 26.3553 211.677 58.6826 190.506 141.961 217.418 47.3616 39.6528 14.1859 112.67 58.6896 108.133 111.653 127.045 228.432 109.418 48.467 212.403 48.6259 163.332 17.2907 137.969 52.8834 76.9261 78.1536 83.6856 47.7494 39.2151 177.631 52.01 59.5545 181.278 96.5479 174.046 175.823 60.2509 94.2368 270.75 53.255 68.973 166.408 190.767 72.1858 36.8754 256.277 64.0053 1.44825 46.4248 152.894 118.422 225.826 41.7532 47.1833 65.0071 106.687 270.946 17.7627 83.8822 96.6628 114.665 64.8783 75.8409 46.025 108.081 146.898 109.078 137.338 159.363 71.6969 114.203 12.6605 157.459 105.008 84.0408 109.658 186.727 18.7023 9.60186 196.111 172.639 71.9977 183.986 54.2318 87.8301 106.182 237.705 41.6129 58.2977 40.5001 35.604 34.4218 106.542 58.1296 52.1629 138.744 188.643 96.1612 114.719 224.304 21.7233 170.413 86.9314 65.2522 132.792 199.613 94.3116 211.463 12.3315 140.131 44.9715 205.003 25.079 53.4171 15.4003 59.1199 108.784 33.5268 200.927 187.375 130.05 104.42 90.5957 15.897 147.122 68.9617 101.398 121.356 199.58 80.6525 54.9966 23.5546 41.1401 72.2975 128.252 17.4318 90.9175 101.334 67.753 
75.7728 38.1243 27.5767 175.059 22.7576 49.4538 157.341 44.7184 23.3511 14.9896 202.777 279.343 117.627 262.714 110.966 160.509 47.0559 48.4435 84.2847 293.576 19.3181 172.729 34.3631 95.3145 176.735 200.971 227.469 17.7208 43.1544 150.049 89.4777 127.452 26.5323 46.0656 133.913 59.0459 249.691 55.2538 229.082 73.99 34.3379 211.896 175.752 33.7781 21.833 58.0321 58.054 25.9417 107.295 69.0447 28.8204 162.402 161.105 87.9385 177.477 90.3977 143.457 110.022 23.7272 40.9385 20.3407 74.4017 57.0843 209.173 115.871 74.7142 108.163 148.728 15.1594 246.562 35.7472 65.5925 31.8882 147.553 37.0979 284.992 17.7648 29.0551 344.549 37.25 87.7854 214.535 172.775 132.928 185.551 90.648 52.1225 142.393 64.1261 129.751 47.3748 227.886 101.046 116.028 39.9037 60.5536 130.467 90.6441 107.104 251.731 178.018 78.4858 44.3541 218.971 256.591 219.089 161.273 76.9956 108.027 45.5516 5.67573 45.1259 53.5874 74.0761 67.1075 125.122 85.1269 26.1017 29.2788 52.8837 69.3511 259.497 98.0901 17.922 32.889 113.823 196.867 41.1984 93.7306 31.8219 124.898 152.51 180.393 359.484 37.6182 105.734 138.013 92.2106 59.6006 167.815 146.727 57.2732 101.662 173.274 60.7408 62.6471 131.405 86.4961 220.445 156.362 212.855 201.258 164.769 50.0435 38.2331 221.401 129.482 97.0586 28.6328 73.071 7.40601 40.0461 12.9861 142.873 159.733 127.697 254.211 330.051 50.1353 20.1798 12.5859 163.726 49.6608 178.852 37.0816 158.42 188.599 83.6838 196.868 97.9229 17.9608 131.375 137.724 51.0996 48.2008 71.6979 134.714 83.1424 41.0034 117.2 82.7954 33.6838 30.7087 38.9822 240.698 177.914 225.948 62.4847 140.853 354.075 123.894 124.177 24.6128 135.944 161.091 100.159 203.153 173.61 94.0162 14.9699 133.02 127.331 203.38 55.4733 43.029 97.869 23.4787 298.394 16.1249 70.1701 31.9879 151.97 74.9416 57.1484 140.229 116.928 202.304 58.1874 215.239 97.5347 122.558 124.498 51.813 148.148 161.435 54.0115 56.4921 158.554 45.2596 27.5476 267.024 131.365 81.2858 233.487 38.7062 20.421 89.9184 199.701 34.6063 73.7331 36.8978 34.4935 36.9589 233.515 174.778 32.1723 94.8688 198.699 95.2805 147.1 233.377 84.1103 171.561 255.291 11.5664 89.3971 189.65 52.0542 43.2658 58.7023 143.956 140.843 270.036 54.164 92.8045 75.3099 85.6094 278.749 68.3704 96.4755 130.759 160.54 63.569 111.061 11.763 117.239 27.1153 54.7422 128.59 306.907 85.0677 43.3078 42.0818 48.1095 70.5258 54.1759 78.3792 155.542 63.6889 65.7405 
96.1164 80.6081 71.9101 122.564 122.443 54.6256 163.038 65.2848 119.381 45.868 149.599 87.8444 76.4942 171.841 151.257 276.829 124.036 37.2658 176.742 49.1093 19.5812 62.8091 46.1721 234.147 74.8925 10.0861 334.032 57.0403 60.0894 206.055 259.301 251.764 98.0309 57.2035 228.753 13.3917 67.3115 21.9322 38.4066 36.0598 54.4067 214.45 20.0372 80.1362 100.348 122.042 125.729 10.5442 135.361 97.4991 7.44808 12.2437 160.384 67.1492 158.775 69.6774 111.998 117.806 139.278 136.228 173.439 68.687 16.9987 191.859 126.927 47.4043 92.4919 106.923 81.425 292.983 22.0552 114.033 32.8202 214.094 38.9602 333.105 44.4177 126.514 254.087 146.901 96.5354 142.966 248.498 146.976 175.414 67.1703 39.6067 85.6437 49.9857 12.406 45.9896 50.4755 169.997 71.8194 79.8041 53.6216 81.2326 71.6899 239.76 82.0303 171.862 144.739 211.196 208.785 108.636 250.322 234.441 62.3154 42.4231 41.5311 81.8799 185.737 4.7419 107.935 32.3225 70.5289 10.2053 153.928 65.8921 296.135 112.992 213.704 30.327 27.3776 166.557 88.2848 123.345 37.5417 171.841 158.216 53.1888 156.114 84.7137 299.828 59.3733 98.9138 60.9358 58.8605 59.0094 130.594 177.411 239.143 67.7274 208.367 172.812 194.95 82.3373 89.8398 357.089 202.509 94.3725 204.9 91.9367 8.00624 159.921 258.602 98.8651 86.7055 156.024 3.79776 37.9663 103.567 37.7606 254.652 76.4902 242.375 164.638 226.237 77.4415 58.7052 23.0157 156.757 67.983 146.553 156.034 139.856 284.237 142.455 42.3557 271.095 69.4049 199.524 54.2723 197.005 61.5235 103.724 99.1311 96.5979 55.3838 77.6765 226.817 82.1406 88.1315 230.739 101.68 226.726 189.657 81.1028 96.0118 281.744 105.038 72.4376 220.805 229.226 74.2758 16.7169 310.833 49.8783 35.5382 61.6666 187.597 137.552 271.054 43.1798 57.9096 72.427 138.731 309.432 26.9947 101.462 132.862 146.329 74.2386 92.8623 60.3683 122.222 179.519 167.535 144.621 194.317 70.5017 153.271 14.9539 189.669 134.661 123.455 141.513 217.669 39.9674 22.8818 207.921 217.133 80.9986 213.2 76.2665 113.133 144.426 280.075 49.5635 104.952 47.8308 42.7104 40.7 108.501 73.8019 64.9417 170.652 233.718 110.185 123.867 262.122 14.631 195.456 60.9182 91.4655 161.372 234.632 118.527 269.219 5.24346 164.752 111.434 235.201 52.4954 66.2507 20.6921 59.6844 45.9315 56.8683 265.014 246.422 149.541 130.054 98.0966 25.4087 193.827 89.8884 152.825 136.937 205.051 94.3515 72.3383 43.6557 67.4733 122.756 169.998 18.5705 107.942 132.337 100.664 
232.006 101.513 134.358 232.714 164.036 23.3016 121.567 127.621 204.844 53.4524 190.712 217.031 45.5626 68.8336 270.251 228.025 167.452 6.34882 185.27 291.365 38.0419 119.591 93.0915 236.541 216.531 253.941 230.573 78.832 54.6879 126.904 293.151 249.149 120.36 41.9909 180.935 66.1418 206.531 39.3704 223.445 144.61 41.3419 81.4399 189.629 89.1186 173.267 255.321 167.022 40.0141 139.248 63.3293 40.5177 181.559 150.501 21.3481 24.8958 88.3447 264.893 284.731 182.287 155.518 258.293 54.5482 52.7054 38.83 299.042 159.775 137.694 73.9318 107.33 142.269 22.4728 91.6219 21.8818 143.982 49.8433 155.698 57.5083 220.06 40.8255 180.471 73.5857 52.5021 199.225 114.395 93.6257 186.254 91.1428 302.722 11.8565 175.113 11.8997 213.253 140.792 144.798 122.562 139.225 234.129 5.61693 244.235 189.408 44.2917 200.706 311.813 134.72 165.315 109.918 163.168 54.0187 152.802 66.4467 123.546 224.98 66.0885 85.3934 123.244 220.461 94.325 208.651 115.8 385.562 182.73 29.8536 151.732 35.7591 277.406 61.1287 187.023 104.242 145.357 200.913 233.288 77.3289 124.429 12.0756 52.3048 88.0651 243.135 29.0051 19.7356 142.236 154.652 292.26 23.1924 118.015 333.442 320.448 210.999 32.1754 269.479 119.082 128.033 142.22 74.8602 56.5914 195.744 138.633 103.338 138.421 263.021 84.0917 49.1281 124.145 51.3931 209.193 148.605 220.62 147.764 80.0415 125.481 87.2541 48.4396 172.186 41.8309 162.329 280.894 26.8942 216.001 131.091 211.534 290.627 126.495 145.298 240.659 281.195 33.8538 101.402 99.2367 44.8236 33.3216 256.901 242.32 145.778 130.391 314.032 186.068 190.975 21.461 77.3519 29.5691 13.945 301.605 58.2437 303.404 179.16 108.654 98.9667 224.544 144.778 148.095 76.4994 130.753 59.1591 168.412 3.36328 39.1263 34.546 180.644 112.685 37.6716 69.3679 175.266 116.162 26.1473 71.5733 137.047 42.6046 119.89 284.696 64.5177 173.644 46.67 143.933 86.1104 115.036 121.682 252.256 148.168 134.014 108.626 58.9572 27.5084 179.28 24.5759 89.0164 90.6438 179.818 148.738 178.008 32.6421 223.459 27.6047 24.768 19.9657 152.935 167.161 59.0231 142.481 154.421 49.8262 14.4016 121.992 89.9373 86.003 230.51 138.658 133.939 126.067 115.713 377.718 78.5892 80.7872 293.605 94.3529 133.716 63.9539 87.1418 14.9396 307.37 168.976 295.94 242.036 56.0181 119.155 12.8296 43.6069 182.785 103.852 237.035 49.5721 77.33 43.5844 68.1242 113.86 158.569 244.124 198.264 87.6222 92.0222 132.374 232.524 
107.478 29.1518 57.1885 75.9691 69.9053 23.3342 26.9436 47.055 104.14 21.63 55.2273 167.857 49.8862 130.317 86.6261 108.939 55.5362 22.9693 62.4629 218.288 12.304 101.467 34.5811 119.429 100.009 166.433 182.523 28.4549 10.4219 98.916 121.037 87.3327 50.0837 12.2302 109.325 38.2173 159.582 29.3897 164.619 77.5705 21.0912 87.9553 135.396 31.2535 89.4146 125.692 49.3355 19.1149 12.1605 41.0853 21.4936 121.068 14.1668 37.131 87.5173 22.9126 100.096 120.985 83.4935 78.5253 112.333 13.3008 33.1441 100.094 124.282 79.988 32.0591 50.4438 46.706 129.935 13.2171 54.696 7.04263 112.81 7.17555 149.921 18.5424 113.942 187.291 78.0137 14.7363 105.941 63.7948 20.9519 54.3624 80.1962 33.5349 158.95 28.4502 105.81 23.3656 146.475 61.1725 52.3413 38.5886 59.6146 99.9471 49.8262 96.6878 151.364 86.3168 54.5838 171.678 51.4221 136.391 117.582 88.0387 17.9425 72.4601 16.3997 61.7988 107.917 40.3915 29.6009 60.8423 97.9474 60.3154 109.288 43.8069 194.477 55.4608 121.924 78.9044 7.66297 120.485 33.8824 69.9996 49.5301 76.3973 92.1774 128.84 50.8831 85.1113 186.741 15.8591 14.8075 120.637 43.7335 25.9507 39.4839 19.4447 148.555 52.2748 70.6739 168.592 124.521 83.6009 40.4183 180.984 79.2553 112.93 40.8634 78.582 41.3969 99.8944 90.0356 32.0051 34.2858 117.403 55.6167 21.7305 42.5972 17.8308 126.736 72.8203 91.8744 91.2582 155.919 37.2178 31.0484 21.5485 19.5291 34.1503 37.0183 136.267 72.8297 94.1343 41.8325 127.048 136.567 59.8755 76.3281 124.568 107.357 28.0662 18.194 36.5894 42.8706 27.2206 129.305 113.333 57.1356 46.0821 164.837 119.417 35.0644 109.066 9.31329 71.1977 190.821 144.117 55.1714 142.484 109.267 77.7642 73.927 126.159 105.216 73.0513 33.2167 63.5446 55.1055 102.206 29.9669 18.4342 37.5295 87.7033 136.39 9.6049 39.4823 70.1369 24.4117 31.5401 37.6504 69.3494 57.8931 49.3014 111.77 96.9216 97.8879 62.315 13.2528 49.6604 66.4805 33.5973 121.906 64.0362 104.892 49.0582 24.4877 129.329 75.1088 38.6202 81.986 24.5485 95.5182 32.574 127.75 21.3683 90.7694 19.8318 14.9351 14.3905 113.24 86.8965 29.3293 74.4868 56.8569 51.3344 70.9078 103.249 56.3909 89.3455 162.118 59.9993 76.1914 96.3106 56.1572 199.708 47.6463 62.8816 122.818 96.9917 58.1024 27.1824 47.4257 45.5342 227.406 85.8662 119.307 79.7143 60.4777 59.2792 55.8962 15.8673 51.2436 46.2852 85.4565 66.6212 148.892 36.5002 19.6103 53.0669 74.7948 98.0705 81.7397 50.235 50.703 49.0292 116.721 
88.1316 81.454 68.4845 133.671 120.212 57.6027 174.408 64.0015 112.092 45.7638 165.914 114.928 86.3455 192.195 151.887 283.083 123.828 40.7873 179.352 72.648 20.0292 78.7864 45.2915 234.439 87.5764 15.1479 341.249 56.5211 62.6107 212.554 259.163 256.255 97.1956 60.1304 232.862 18.8282 91.3246 27.2501 59.4587 28.9832 55.9094 228.479 33.7688 80.8189 93.9885 111.819 126.579 11.1267 141.983 100.744 8.45613 29.8372 172.183 73.904 170.419 76.7851 114.499 111.929 136.419 134.691 168.223 74.3987 22.7324 205.625 121.51 41.3277 99.7189 119.393 79.9587 306.515 25.2252 115.964 35.1165 219.241 41.3046 348.883 44.5261 118.325 277.496 145.326 102.662 159.462 258.107 156.229 189.128 65.2241 41.0432 71.1188 54.7614 14.3985 48.969 74.1099 174.332 79.8041 79.7022 51.2768 82.0071 77.572 242.306 106 183.192 146.431 201.347 225.195 132.618 262.429 242.343 68.5647 47.3686 44.1558 78.3689 182.952 9.28994 111.965 29.7236 70.8364 19.258 148.894 64.166 288.51 113.502 231.964 30.3893 28.1059 159.763 97.6199 139.793 33.8842 174.708 155.452 40.5714 166.691 101.726 323.513 61.2822 106.949 57.0025 66.2907 62.936 144.192 187.028 234.597 75.3415 218.871 159.543 189.706 86.8938 95.237 363.777 210.923 113.837 219.532 106.185 9.30279 156.82 272.25 109.505 92.4551 148.993 11.7815 37.3135 103.974 37.5613 258.314 90.8497 246.878 186.83 251.856 78.0558 57.9839 21.5411 168.627 70.0331 160.644 146.315 150.706 293.686 146.298 61.6979 270.68 65.1901 205.606 48.1314 193.918 63.9215 107.729 110.413 101.268 57.1551 67.3048 226.595 79.5219 87.1233 223.05 124.854 237.946 205.173 84.9512 106.55 305.018 94.5123 83.265 214.759 233.521 89.4776 25.0304 319.783 67.246 36.4318 60.9316 194.627 145.578 281.889 46.8614 60.327 80.3088 135.467 328.247 27.4455 104.85 131.184 157.76 79.2348 95.2041 73.0097 129.291 195.244 162.502 161.91 196.059 80.5364 161.267 9.93836 198.099 147.581 113.88 142.14 224.511 37.1704 22.3302 226.983 223.008 86.1404 230.295 77.4849 106.991 148.862 288.93 51.1348 100.62 49.7542 44.7324 43.0807 130.435 89.8042 65.7248 173.739 246.695 115.409 133.959 276.42 23.3107 205.126 87.0646 88.5952 163.891 245.054 119.26 259.115 6.5587 173.525 108.992 255.401 49.5918 74.1246 27.0171 65.7844 55.7044 49.1854 265.471 251.528 160.98 131.518 105.345 24.9015 199.485 89.3159 150.437 144.445 228.864 99.6547 74.3978 39.8204 61.6119 117.937 169.438 25.7399 121.256 134.301 90.5129 
240.107 109.017 140.484 243.586 174.162 28.3705 137.107 133.69 213.399 57.3653 202.725 212.791 47.0243 63.448 284.642 252.034 178.716 7.89069 201.293 286.295 39.9179 116.073 97.4015 255.008 222.18 253.491 253.683 83.894 60.4955 143.121 315.168 271.931 128.594 47.5475 198.951 66.6869 202.206 38.9915 219.901 147.455 46.0963 102.373 187.421 96.288 180.325 264.577 178.711 40.9821 152.372 71.6526 41.1654 180.661 165.481 24.9216 40.2929 94.1539 275.551 295.461 193.352 165.891 272.481 60.7312 52.8154 57.5126 310.691 163.813 146.139 80.1573 113.993 167.856 23.4784 100.592 25.0223 159.379 53.5484 184.75 61.559 228.92 19.5733 192.591 82.9118 48.5403 222.839 128.594 109.963 192.56 94.8968 309.486 14.7105 176.094 16.1815 211.524 155.958 150.851 130.005 144.187 241.811 2.70197 265.187 184.993 60.5485 214.391 325.706 154.025 162.16 131.328 184.045 59.0319 156.491 70.3435 129.547 239.445 66.3284 95.5805 126.196 227.11 94.2192 219.578 121.724 407.495 193.43 47.6708 154.516 38.3913 291.156 67.4745 195.88 107.454 159.526 213.505 237.282 92.5225 125.336 40.9737 57.8922 97.0494 248.747 28.1368 25.4884 152.792 171.884 310.084 19.9541 137.851 345.974 337.565 218.664 40.652 296.312 137.285 124.742 161.705 73.372 55.8687 207.621 163.356 111.076 146.516 275.668 83.7635 52.2103 133.436 54.7822 228.771 152.647 241.956 155.668 78.9962 132.846 92.5226 50.3841 186.667 46.9672 174.775 292.706 40.4553 242.027 144.325 212.554 312.526 131.89 162.869 245.522 298.36 38.9748 111.41 106.508 53.3542 37.6003 263.407 260.702 153.054 138.314 330.363 187.401 213.006 39.1326 85.2251 26.0239 14.3493 310.634 58.596 320.586 197.229 108.888 97.2685 251.292 142.897 151.383 81.5716 147.995 72.3376 192.906 0.976671 44.552 38.3977 191.237 142.153 40.2454 78.3002 186.589 129.66 33.4057 79.5425 140.131 53.7334 135.55 299.41 65.6343 188.656 43.7448 158.807 87.1705 132.687 132.939 261.793 160.106 151.09 112.217 61.1094 37.03 198.856 32.2471 108.724 97.7872 187.527 162.531 200.853 36.8144 232.961 31.7994 28.7801 23.9117 152.845 170.622 64.3749 156.666 177.178 59.246 26.0239 146.788 90.0005 103.115 228.106 146.17 146.796 147.061 125.366 396.516 79.0005 96.3755 304.103 114.86 138.493 68.4875 88.3084 10.9952 302.978 173.477 318.676 264.623 70.2632 129.836 22.2429 45.9181 201.029 111.209 250.76 61.5467 73.3291 52.5948 74.9145 117.604 164.1 255.12 212.659 88.4067 98.4282 144.183 240.099 
140.147 81.3937 90.8957 117.406 133.868 41.7914 121.95 80.301 150.049 46.9955 107.201 25.0081 35.7752 85.7972 172.325 251.043 131.075 22.216 169.94 93.6863 22.2782 9.68707 57.4434 232.054 83.0272 100.437 298.699 61.6237 51.8497 176.481 263.043 237.651 102.985 46.2537 209.532 20.2651 37.1807 3.05242 65.3599 74.1078 48.104 155.026 65.8162 79.2066 126.8 168.484 129.787 17.6316 116.698 83.3127 16.2613 59.9387 122.994 38.6914 108.345 51.6023 140.811 165.456 152.236 142.066 199.113 48.5776 11.1116 132.345 174.629 84.7138 81.0798 58.5896 88.6644 233.755 10.7508 104.959 24.1573 189.486 34.2573 263.973 46.0292 160.527 154.737 155.12 74.5259 73.1309 212.892 114.07 120.94 98.7447 47.9153 161.363 29.6897 69.7331 33.0349 46.9721 152.848 67.341 87.2973 77.4012 116.859 46.4831 232.036 20.3921 122.712 149.363 249.455 146.498 10.2159 196.998 201.225 40.752 63.5789 39.3905 96.5488 197.48 23.5801 92.7481 60.2864 107.54 29.1908 173.782 78.844 326.888 124.145 135.366 66.0502 26.7724 200.901 52.8449 85.9597 59.1804 159.208 170.729 117.538 113.058 25.6803 197.52 52.6834 72.3193 115.992 27.5091 42.2362 89.8091 145.314 256.982 35.5865 164.869 230.125 228.674 102.989 66.5467 324.791 166.512 13.4635 150.528 32.4862 22.7421 172.044 201.8 65.5847 81.4131 190.202 28.9726 41.1057 105.12 40.3047 236.799 49.0547 225.418 82.5244 117.645 84.5369 65.0678 31.0563 124.05 58.5163 105.838 199.234 93.2432 246.572 129.348 60.4105 273.145 88.748 173.952 114.282 217.526 50.8742 91.6601 62.1693 76.2083 47.2852 137.882 228.085 99.5537 97.3928 261.042 34.9858 188.041 122.857 69.2186 51.3704 181.809 168.753 28.0965 247.379 209.199 19.4132 31.1895 272.349 21.6617 65.6948 65.4212 158.881 103.428 225.151 27.4217 48.1309 40.0531 152.431 228.515 27.5742 87.0416 143.045 106.185 53.013 82.883 42.729 91.4375 120.337 199.624 71.8051 185.409 28.4682 128.218 40.7825 154.551 91.3758 167.721 139.868 186.498 60.7205 32.1432 126.287 194.178 58.7432 142.867 74.942 137.83 132.155 240.351 42.6388 137.964 39.4814 34.2844 30.7913 26.5343 49.7603 61.5495 157.189 183.447 87.1769 80.4153 201.301 25.6545 153.096 46.4665 105.743 149.669 189.611 115.339 309.095 31.0666 127.606 157.989 151.921 76.0553 39.5118 28.4531 33.9218 121.037 95.6408 266.73 230.387 101.834 123.677 66.6793 29.8397 175.458 92.8556 172.568 104.016 104.199 71.8916 65.6153 66.204 97.7015 156.664 174.634 26.8277 59.2237 126.207 147.008 
153.15 38.3546 74.5845 189.89 61.3766 24.2015 94.836 76.631 110.871 14.6736 179.297 288.401 94.1077 210.094 159.903 8.1579 66.0292 34.9251 41.3124 338.52 25.3493 172.381 57.4045 49.4249 202.91 255.923 100.826 31.3331 21.5204 56.1466 73.8648 44.8357 37.7451 20.758 33.4609 68.5819 265.555 54.2153 261.261 116.218 5.17687 115.931 209.444 22.5484 95.0777 156.605 67.9996 34.2179 71.9225 20.2827 37.1222 194.668 113.539 63.2679 113.992 79.539 193.982 191.35 67.3649 47.6113 113.567 50.8683 61.1675 130.329 199.166 121.911 105.045 114.383 39.2699 109.431 30.5426 16.3049 18.4839 60.9807 32.6963 130.605 21.3675 121.698 262.055 57.2886 49.984 169.785 58.6097 76.2002 112.814 137.08 67.7246 234.541 45.5173 168.551 27.9645 251.092 11.1608 125.483 60.0633 97.9739 181.37 66.1332 41.5824 257.804 105.317 91.836 156.697 136.819 245.818 105.701 38.7563 58.245 135.319 47.461 58.6466 74.1323 66.4361 22.8637 99.1554 174.406 100.691 90.4397 61.8882 151.974 98.1152 177.546 132.774 17.2234 138.554 84.1283 186.498 73.7876 12.5207 70.3435 192.095 83.0074 170.002 248.286 12.5308 75.0603 199.136 74.4426 33.6409 138.398 83.2425 104.218 80.9031 71.8801 196.224 158.412 167.164 46.3407 74.3185 55.4904 200.674 119.956 142.179 61.2076 70.3311 97.0274 105.728 100.342 133.494 88.7684 17.4888 38.3177 20.1737 41.9233 160.826 17.4878 210.31 256.055 68.5832 38.8358 29.4127 129.291 20.0174 146.901 154.571 101.764 41.3402 26.5609 225.795 66.9045 69.7186 25.7517 200.133 116.129 19.3206 39.5569 109.66 38.2177 16.2917 194.594 54.7416 77.9953 57.7896 137.134 236.52 89.9706 152.847 36.8651 110.431 255.755 216.701 105.306 122.95 34.2399 151.979 115.199 41.1731 182.937 126.721 24.848 36.2887 63.7332 66.1753 40.7037 13.8637 72.3167 68.8537 159.593 18.1166 17.5634 63.3377 100.712 42.1568 7.77801 146.208 62.9522 135.836 145.666 168.599 31.9749 104.463 75.5742 75.0151 53.3138 121.996 151.694 28.5463 59.6981 76.854 42.1216 191.415 18.9821 46.122 144.34 32.1431 93.8709 51.0807 66.4586 10.035 138.981 13.4063 13.4237 17.9194 219.062 181.466 6.05426 10.8068 92.5614 45.0591 99.2228 109.914 97.216 82.0896 277.753 62.2887 19.5429 75.8077 18.4401 172.557 75.9727 65.5294 212.532 174.725 92.2504 75.5195 87.6591 66.9019 337.29 123.128 71.6108 48.0045 96.8015 13.2387 72.5153 23.0071 46.4687 28.7694 111.242 68.4234 242.114 40.8085 16.6223 78.2978 103.172 144.072 54.6481 90.7602 124.762 22.4842 151.515 
64.5115 66.4711 53.6943 97.3124 101.269 51.9269 148.804 46.9492 95.7372 38.886 133.555 113.057 78.4577 180.741 112.7 247.931 100.856 37.8299 151.748 93.8519 14.294 77.7426 32.764 205.703 59.6815 38.9347 311.122 46.265 52.7305 192.091 221.274 218.41 82.4228 51.737 207.797 14.4272 94.439 25.098 71.808 17.643 49.202 205.324 48.9044 68.1388 80.6947 90.6923 102.373 5.5945 116.924 89.8969 3.69751 37.3265 143.069 67.397 157.286 61.5918 75.5116 76.7246 116.594 117.845 140.113 63.1177 19.8047 188.749 83.6954 25.1417 76.7045 104.783 67.7139 276.714 21.7813 103.404 30.2839 199.307 32.6785 315.513 36.4673 101.651 263.825 123.84 87.4878 149.753 221.948 132.854 165.911 40.0928 27.4104 46.8118 50.2747 13.935 44.8751 72.6911 151.756 57.9247 62.4526 33.3498 48.6412 73.4329 207.739 105.125 167.666 116.471 178.3 194.703 124.435 238.368 213.905 58.0034 26.9228 33.2855 67.4254 158.43 8.46272 96.5927 14.1536 39.7554 19.1771 130.42 49.6294 251.108 86.9957 214.081 10.0678 22.3988 130.192 84.8288 111.05 23.0601 154.108 133.244 25.72 147.218 89.9609 302.321 52.3323 89.5393 25.1956 61.7352 56.8881 118.664 157.368 205.019 71.3457 193.522 133.705 150.874 55.6797 86.2867 327.48 187.898 107.609 188.589 98.4148 15.3569 137.137 241.352 90.8576 69.7699 122.056 15.7859 31.7433 86.6968 30.6923 230.804 72.5169 213.696 162.444 234.322 59.612 46.6173 16.4478 137.071 63.5641 131.294 121.811 138.108 256.125 124.802 50.9167 235.147 53.6025 181.25 18.7736 158.966 57.6976 89.9568 92.5766 91.4862 51.8042 42.4998 196.773 61.854 70.0542 195.445 108.896 201.565 189.787 70.8165 100.456 287.716 62.9098 75.773 183.578 208.501 80.0529 31.8854 283.15 65.1303 16.1078 51.9071 170.777 130.58 250.074 44.3046 52.8514 72.149 117.04 296.857 21.6938 92.8357 109.711 133.734 71.4006 83.9616 57.3543 117.692 168.601 128.275 149.226 174.165 76.2511 134.445 6.61352 175.134 123.959 91.9575 122.557 202.97 24.3128 14.3269 211.057 193.746 78.4594 205.078 63.683 93.4279 124.017 259.66 45.6821 73.0463 44.5234 39.5942 38.2732 117.513 71.4031 57.6691 153.183 214.047 104.718 123.864 247.487 20.9967 185.88 85.9229 73.4911 145.568 219.525 104.276 227.201 6.60966 154.931 68.8921 228.112 33.156 62.7196 19.1311 62.5573 87.629 35.0916 226.361 213.799 144.157 115.399 97.5681 19.253 169.017 76.7888 119.862 131.797 214.141 89.1173 63.1008 27.8536 46.4307 88.2698 144.252 19.5749 104.7 114.756 72.2638 
55.8042 14.7673 21.728 83.7201 36.3921 37.2918 93.4852 15.4196 57.9947 14.5175 108.136 195.509 79.8244 189.858 26.6078 130.806 19.5334 35.3467 57.0745 220.807 6.90266 122.206 12.6573 103.978 101.886 151.489 210.936 10.332 24.2666 127.602 87.0587 90.0114 30.3435 29.1078 122.664 38.6513 178.266 37.1957 168.947 55.4432 27.4274 152.987 132.322 23.8114 50.9183 66.4981 17.9339 15.6045 51.7528 55.9455 18.7206 117.692 86.1835 61.6048 133.808 47.1294 66.1778 60.8341 48.992 58.524 51.1056 43.3636 37.5751 156.561 60.6325 52.8304 48.7658 95.0305 25.6627 193.121 22.2334 60.5707 19.7843 133.774 15.6877 223.126 8.01326 65.1361 262.343 48.3462 52.0094 155.26 113.289 77.992 121.239 49.7493 23.8227 108.195 45.8354 93.5146 36.0014 158.13 77.6479 59.1632 1.41794 33.3354 70.3769 69.9303 87.4135 177.41 134.463 16.0266 111.729 136.251 175.784 172.753 124.981 44.989 63.857 18.6749 35.3097 72.9085 37.6414 49.8712 43.7108 70.7824 59.5793 70.7988 10.8591 125.768 8.10175 190.598 64.2445 5.40312 49.0372 71.246 108.467 28.8423 83.7383 56.5468 95.1001 103.691 116.967 273.645 24.2403 58.8116 89.2626 65.1928 43.5932 92.2895 81.5537 102.92 74.7112 124.37 92.1786 34.9231 66.3039 64.8814 204.744 120.08 147.245 122.839 113.541 39.335 69.2712 159.099 72.8511 40.6166 50.9022 53.2435 12.5281 25.7761 6.4393 136.14 94.6788 101.226 159.569 236.045 7.41049 7.60356 9.63366 81.4347 43.0373 95.3858 69.3965 116.551 138.351 55.1339 130.785 109.19 29.042 103.501 93.5541 39.4461 39.1062 37.7855 78.0491 64.635 35.0168 84.6192 91.0787 16.3955 11.2052 106.703 155 103.152 167.878 32.6375 103.218 271.446 86.0163 83.65 80.8841 123.792 105.685 75.0218 165.064 120.118 58.6189 20.2812 98.1234 93.3657 155.068 42.4444 30.8144 65.9335 54.7927 222.235 3.4244 55.201 34.8647 88.1254 54.2522 46.99 84.1392 89.417 124.888 32.0302 150.62 97.6246 87.4587 65.4032 39.1848 108.976 92.2094 62.1892 53.4949 135.048 27.9881 14.2544 196.618 98.521 61.1438 159.145 17.0747 57.929 46.6181 167.243 28.4432 36.9187 28.9774 25.1703 26.2593 154.242 105.926 29.7247 83.3407 129.494 75.2409 109.288 172.374 57.3949 133.836 177.652 26.3985 82.7574 146.332 51.5791 127.659 42.2957 105.872 73.7788 183.958 31.1774 55.0074 47.7417 64.1575 218.371 53.6985 88.0207 87.527 111.874 59.3551 84.1911 3.17667 71.901 32.4655 18.3073 99.9458 220.714 62.2308 26.908 29.293 38.9257 34.8982 55.0236 51.0228 96.1731 47.64 65.3685 
119.169 46.5983 69.0418 70.1984 92.3102 24.8002 37.2703 57.1685 121.825 30.229 28.0802 126.404 30.1919 93.6137 111.098 150.13 81.1105 17.6692 97.6471 184.569 14.502 75.1791 41.3512 156.032 83.0947 148.717 211.125 39.8234 22.9889 115.924 168.838 135.535 68.2679 20.0539 137.541 31.3794 124.762 20.3123 137.156 77.3022 28.4384 86.0131 116.603 47.2295 103.958 142.417 76.1524 17.8687 45.7807 50.927 19.3594 103.525 29.4381 26.1542 76.9039 13.3011 106.048 134.381 107.698 100.213 143.265 9.63127 24.968 89.2314 139.179 81.8805 34.12 23.1926 61.4028 144.568 5.98625 69.0149 8.22488 131.279 13.1165 164.492 27.8269 132.137 151.259 104.605 25.4214 76.5467 105.002 38.6941 46.5981 84.0315 35.1214 161.597 21.2273 95.2633 21.9651 115.945 87.7883 44.4611 54.3918 64.3831 100.652 41.8485 140.655 113.913 80.6417 85.3198 201.25 44.8019 94.0427 126.079 116.221 2.86779 65.2717 19.3819 74.6805 138.969 35.1913 46.9379 60.0972 97.1222 50.7162 132.739 55.503 241.686 76.5728 98.5446 73.6282 13.6939 149.308 14.2496 41.1496 52.9288 100.864 119.644 126.908 51.7306 53.0537 158.413 26.9168 13.4147 117.672 29.7882 24.7137 10.7914 54.3418 186.476 38.9462 86.3311 192.873 160.359 82.0946 40.432 219.881 96.6458 77.8882 47.8462 50.7235 36.6198 125.152 106.065 5.67097 39.5628 143.782 48.0312 28.5058 63.7127 25.4883 158.567 48.3991 133.057 39.9297 110.368 51.489 42.617 24.9206 31.6271 39.4658 16.5397 160.138 62.1122 135.131 68.8922 103.144 181.964 70.685 101.846 120.841 145.486 32.2943 41.5062 6.69099 46.9884 31.4796 132.956 151.42 71.5308 63.5123 199.881 78.8985 77.2007 90.5244 27.9824 52.9789 159.558 152.726 33.1957 179.969 137.149 49.4441 62.3103 164.227 79.9595 68.7028 44.3525 86.9462 58.0231 128.657 24.7884 25.3177 22.9601 110.65 136.406 15.3089 51.1418 95.4112 24.6001 30.0371 50.1231 49.3189 58.0617 30.8026 141.939 64.6735 124.613 43.4036 48.3905 47.5113 84.1497 6.22234 139.468 88.9651 122.776 52.5959 26.2511 101.589 109.554 37.0974 67.5194 41.3146 111.8 64.8342 153.442 26.4158 105.788 23.699 18.461 15.886 72.2195 61.3247 39.268 98.7108 79.9767 55.5558 58.9716 113.176 46.304 96.0686 127.114 76.3098 97.6185 112.302 75.0844 240.027 42.7955 70.6529 130.396 73.8469 63.4147 6.76488 39.057 35.4122 199.985 90.1855 168.711 127.849 52.3958 79.2307 48.8799 20.4759 90.1059 62.1203 114.978 67.6938 106.169 39.7094 33.9978 57.6466 83.2891 117.369 113.269 41.1136 18.6442 73.9005 129.008 
78.2911 73.1034 61.8049 109.135 110.911 53.4567 156.259 55.3026 105.927 42.1291 141.716 102.771 78.2544 178.264 130.503 262.004 111.6 37.8679 163.615 74.8825 16.7409 71.8098 38.8726 219.019 66.0685 22.8852 322.584 51.224 56.3517 199.254 238.984 234.346 89.6139 54.5198 217.999 13.4505 83.2065 23.8837 57.7098 24.9888 51.7715 210.8 36.5024 73.7849 89.1242 104.078 113.278 7.72932 125.954 93.7547 4.95447 26.2104 151.88 67.8245 159.032 65.6632 92.2065 95.1421 126.88 126.273 155.099 66.0941 18.5379 191.434 103.149 34.6922 84.2967 106.613 73.9566 285.576 22.0828 108.564 31.6389 206.746 35.7183 325.204 40.1692 112.294 261.403 134.434 92.1562 147.952 235.13 140.113 171.403 52.3251 33.0031 62.6493 50.537 2.8837 45.6671 62.9496 160.661 64.3859 70.4751 42.4717 63.3741 73.1634 222.9 95.7732 170.651 129.694 192.545 202.472 118.482 245.09 224.218 60.3936 33.3714 37.1963 73.7842 170.891 5.33819 102.224 22.236 53.5994 14.6131 140.852 57.006 271.324 99.0397 215.492 18.6529 24.7566 146.408 87.0659 117.27 29.3565 162.668 144.61 35.9238 152.235 88.3147 303.314 55.7736 94.4155 41.1353 60.9773 58.2228 124.917 167.405 220.481 70.3052 201.366 150.359 170.834 67.7707 88.4319 342.002 195.492 102.68 197.27 96.3995 11.9106 147.454 250.593 95.1501 77.8126 137.125 10.4982 34.5786 94.5797 33.9575 242.321 74.5805 227.486 164.781 232.636 67.8865 52.1619 19.3407 146.894 65.8337 139.123 136.659 139.874 270.082 133.355 45.8007 251.885 60.4927 190.344 34.4109 176.356 59.7141 96.6678 96.2436 94.3073 53.652 57.4678 210.774 71.0129 78.3524 211.092 106.361 214.143 191.097 75.8832 99.2769 287.064 81.2287 74.949 200.31 218.613 78.1127 25.4678 296.92 58.7636 24.5134 56.3836 179.254 134.544 260.857 44.1163 55.4232 72.868 126.822 304.412 24.1807 97.1775 120.326 140.38 73.159 88.3383 58.7722 120.456 174.798 146.013 148.424 183.761 74.3531 143.777 8.84731 182.669 129.721 105.511 131.458 210.512 31.2656 18.2021 211.248 205.185 80.1091 210.242 69.627 101.921 133.858 270.056 47.6451 87.3962 46.2472 41.2275 39.6106 114.456 72.5819 61.1411 161.639 224.271 107.763 124.757 255.592 17.6555 191.254 75.1734 81.5665 153.202 227.54 111.002 245.711 1.68226 160.294 88.1627 233.027 41.8072 64.8036 19.2344 61.7551 68.5422 44.1826 244.416 229.438 147.616 122.385 98.4726 22.0584 181.042 82.8421 134.936 134.897 211.85 92.0287 67.5752 34.7545 55.5352 103.782 156.196 18.4833 107.015 123.125 84.2255 
208.551 74.9615 113.738 217.88 124.422 2.15559 85.3499 109.811 172.434 37.8413 180.807 265.271 66.8799 139.496 229.118 126.316 126.876 18.9712 123.17 335.155 33.4776 152.841 80.811 157.59 219.602 272.586 128.78 60.2426 35.1119 55.0562 204.373 159.479 87.6331 23.4982 101.385 71.1523 249.023 48.4749 257.529 140.428 21.052 31.6137 212.707 61.3119 146.466 224.186 126.262 39.4684 100.499 26.7018 41.3186 200.291 118.518 36.5755 43.1907 81.9394 243.256 256.357 137.836 111.73 204.351 44.5305 59.6324 44.5229 268.076 151.709 122.35 85.2491 80.9878 28.8341 25.7442 52.056 14.6335 76.0229 40.9944 27.2554 42.8043 186.491 154.281 131.813 48.805 110.714 110.908 76.4528 68.8954 173.051 83.9011 289.668 24.7105 183.65 7.17815 245.097 78.0217 139.45 98.1261 127.361 221.198 35.6601 159.451 234.698 27.6607 155.567 255.004 101.589 212.664 18.207 74.2275 50.4 152.472 58.3248 99.8108 165.193 70.5873 46.4525 119.216 210.432 103.558 163.561 96.3193 295.093 149.819 84.5665 151.893 27.5185 227.583 63.2866 187.072 96.1109 84.0396 149.937 228.937 41.259 150.03 117.168 31.1983 72.0005 236.795 51.1548 8.58136 133.079 103.512 217.692 52.6198 41.6143 288.698 260.91 199.569 6.13104 150.111 40.501 169.833 98.8357 109.238 62.9222 146.024 45.303 98.5142 122.044 216.959 92.1121 36.8283 88.9246 39.0372 122.652 158.499 132.791 170.933 163.43 103.236 68.6269 42.2712 142.869 19.2358 146.795 237.844 40.3846 109.914 80.1866 230.923 198.901 107.148 70.2595 236.318 217.755 11.1648 67.8103 98.1434 7.01019 14.4691 243.34 165.378 121.541 102.389 246.67 217.385 120.365 69.4333 52.9083 70.1698 134.789 279.625 80.9317 234.777 99.3091 133.156 113.922 108.551 172.165 146.477 56.156 59.9147 12.9432 63.937 22.2253 17.5221 46.9333 137.372 24.1574 29.454 30.8852 131.595 90.5929 11.853 37.2595 146.361 7.12082 102.273 234.258 112.021 107.901 76.8899 99.9225 86.551 42.7789 109.883 219.951 98.9811 58.3904 99.8746 54.0965 101.567 99.0798 9.47498 72.466 65.2517 149.322 100.553 76.5358 14.2248 195.632 9.15538 8.63329 6.78373 190.025 180.15 36.107 81.1761 81.0228 8.99199 44.7175 24.904 99.0655 10.9847 268.034 110.341 77.5701 34.1981 74.6793 300.608 82.5813 19.399 270.719 92.5229 121.617 65.5089 92.1541 41.687 344.165 157.857 204.62 154.478 41.9037 73.4124 28.9558 36.0449 114.848 73.7294 189.335 8.27172 157.949 10.1463 42.6693 103.83 141.932 210.052 140.565 94.1493 101.116 85.288 208.577 
94.7814 39.5277 55.9652 34.7693 81.3812 29.7405 53.0432 42.688 105.558 27.5568 10.7459 119.799 41.2067 115.416 79.4173 153.603 68.3057 22.6048 91.3163 167.228 9.52542 74.3682 30.5751 150.144 57.2622 127.841 221.731 33.7865 23.3899 125.662 155.619 129.924 61.4529 23.3327 141.214 25.3086 116.412 19.9389 123.733 62.4378 29.8541 109.801 103.628 43.2399 90.2955 118.692 63.1502 13.1329 42.4515 55.371 15.0034 89.513 37.2293 36.0487 95.2817 3.14045 71.1887 101.785 96.5096 93.6487 123.405 18.8024 21.482 111.478 104.638 64.6483 12.8365 41.4944 54.5324 166.48 8.31338 70.5797 11.8083 138.83 8.10863 190.245 23.7354 114.731 180.23 94.5597 32.8378 94.8831 112.001 49.2996 70.6856 61.5136 22.821 130.339 28.2267 79.0591 26.8624 102.672 90.0321 23.4591 42.5039 47.9853 71.2919 49.7707 133.79 109.365 99.2975 67.6501 181.192 73.0375 96.551 146.014 125.683 15.0501 47.0331 9.72667 65.9032 127.51 29.2557 50.0514 46.2301 70.056 43.0629 120.302 43.8252 219.615 57.0121 126.085 56.9997 10.6679 125.184 30.381 22.6199 41.6508 101.979 108.011 103.48 69.6563 54.2538 193.077 27.3058 23.0065 90.246 37.5139 31.3387 17.9779 59.8869 171.81 47.2261 102.342 163.963 130.708 53.8692 49.4799 227.68 109.099 82.0389 70.3447 60.8244 32.8296 115.321 127.556 16.7359 19.1206 121.091 41.3793 25.4939 56.561 21.5817 161.14 36.5472 131.804 62.408 140.946 37.7876 35.0873 19.9949 25.9224 42.5909 17.0845 136.107 79.4824 143.791 68.2245 85.0811 171.8 59.5511 108.422 94.6938 123.473 36.0466 40.0679 21.1506 54.6197 34.1911 105.528 143.054 57.0719 52.2907 181.077 73.8691 84.4758 114.06 27.9023 65.0189 191.442 119.93 41.901 160.082 141.232 50.9025 56.416 174.302 73.5689 51.679 40.0092 95.2336 71.4222 143.908 29.6966 28.3419 34.5513 100.046 168.009 11.8454 55.3673 83.6673 41.2982 38.504 52.2356 37.2167 69.8485 59.402 114.872 85.0167 124.002 51.2999 49.6608 39.137 96.2636 29.2933 115.96 84.1786 133.043 40.2929 19.0744 128.409 112.711 45.6683 97.1668 35.8529 98.918 60.3814 166.162 28.548 80.997 26.5987 21.4805 19.7958 75.4796 47.5039 38.8845 100.216 97.8327 64.1268 74.3283 136.663 39.0147 111.994 114.046 65.3789 99.064 128.588 72.8181 216.517 35.5594 84.8812 94.5176 108.394 48.0649 16.7648 30.3792 42.4388 179.999 72.7835 155.813 122.841 72.0221 78.2727 60.143 16.0603 88.3485 57.2679 93.4854 80.1671 132.997 48.4592 33.3443 45.3638 67.0919 91.2974 103.411 33.015 35.9925 70.6219 106.744 
85.0514 67.9546 63.06 84.2349 108.719 47.9515 133.81 53.4131 111.235 40.3456 110.305 72.8465 63.5476 150.14 120.617 243.543 105.827 32.6205 152.391 69.3138 14.8349 53.9788 37.4693 210.253 40.322 40.6954 304.23 49.2226 50.1916 184.773 228.501 217.656 86.6255 48.2309 205.215 3.99392 60.6586 16.8039 48.3622 34.9416 47.8404 185.943 37.7111 69.3435 93.9721 113.019 105.756 6.38622 110.063 86.3349 3.65669 22.8433 127.776 57.3933 140.524 51.6849 81.156 97.3247 125.154 123.411 154.645 55.2524 10.3347 169.065 104.014 42.1341 68.1626 86.1549 72.5414 259.333 16.9215 102.324 27.2114 194.136 30.184 295.038 37.8738 118.657 229.04 130.53 79.6651 124.985 212.02 121.114 146.738 51.6 28.1892 81.4057 43.2241 19.3185 40.6812 38.1286 148.408 47.3964 66.3219 43.027 57.4614 64.762 209.694 69.7336 151.695 119.644 198.723 172.028 87.548 222.442 205.553 49.0267 22.7363 30.7611 75.4064 167.577 4.31733 92.4694 25.7152 49.4532 7.67812 142.155 55.9656 270.685 91.9105 187.361 20.3635 22.2612 148.142 71.1201 86.4694 32.9565 152.867 142.05 54.2934 132.782 63.1333 267.709 50.6861 78.6852 46.7949 50.5202 51.4129 99.2686 146.139 217.927 59.9276 180.252 161.617 168.421 55.1351 78.8802 322.492 177.781 77.8395 168.992 76.6584 14.3244 145.847 223.78 75.4902 63.9751 139.801 10.5528 33.9027 89.3069 32.4144 229.377 49.4085 211.982 128.697 195.904 62.5702 50.2385 20.2882 121.982 61.2617 111.722 143.471 122.458 246.746 122.133 16.2393 242.203 63.2901 175.252 45.0933 171.353 54.7749 86.3231 76.0061 85.4068 49.7746 70.0546 202.485 70.4548 75.3565 213.253 71.7481 188.837 167.155 66.7525 84.6719 253.44 91.9258 59.2054 199.693 205.6 56.1676 23.1095 274.464 39.056 22.6823 54.8448 163.081 119.776 237.394 38.8666 50.0746 60.4202 125.926 271.036 22.0825 89.2264 116.75 118.267 64.4416 81.977 36.5198 108.002 146.368 144.609 123.209 175.008 61.0638 125.503 17.0731 164.942 105.664 113.392 125.033 195.267 33.3932 17.7134 182.908 188.972 71.29 180.78 64.2433 106.188 120.996 249.903 43.9917 87.8791 42.2097 37.0866 35.1106 83.1843 44.9422 57.7612 151.566 197.727 97.894 109.153 228.597 7.14327 173.146 47.7398 81.4523 144.5 206.516 105.681 249.814 8.50866 143.465 85.4585 199.029 43.2832 51.0229 7.26361 53.4472 79.183 52.9624 232.805 211.975 127.959 115.757 87.1006 21.417 164.888 80.0507 130.523 121.576 178.372 82.072 61.6354 38.2068 60.6722 104.065 149.888 5.88284 84.7131 114.971 94.1126 
157.424 84.31 98.9947 132.955 139.635 38.1251 115.122 88.5069 161.055 48.1639 111.1 59.5658 24.6756 58.3647 188.185 246.362 137.04 17.4997 171.707 128.589 24.7668 26.2244 63.6216 233.682 104.65 129.146 288.34 64.6041 51.1602 168.101 268.542 238.328 106.247 44.2495 205.046 28.5693 66.9736 8.34359 93.657 87.5025 46.7496 138.314 88.3079 80.6717 136.168 185.353 135.453 21.6284 116.941 79.6269 20.7067 82.5442 120.185 30.3025 92.6379 53.4319 161.502 187.081 158.269 145.2 210.468 45.6497 18.417 114.084 197.011 98.8351 86.9987 48.7326 92.2845 216.775 9.67479 102.896 22.4581 182.363 35.5948 243.963 47.8518 172.527 122.907 160.031 70.9721 50.884 207.116 108.984 108.14 114.373 54.9554 188.255 23.5184 89.5583 29.0754 77.7028 149.956 77.9361 93.0219 88.5399 137.36 38.3793 233.719 49.756 107.755 156.934 262.751 133.994 23.963 181.241 193.441 38.1319 79.1495 42.7425 102.065 203.32 31.532 90.1525 71.9354 127.55 41.3243 181.288 85.4083 339.447 133.457 111.049 81.8599 27.8971 215.425 46.0291 94.2643 67.6303 156.902 176.83 139.58 102.254 30.8888 164.909 51.9379 69.5857 139.454 17.7093 37.3807 89.1141 141.821 264.816 25.3132 153.949 250.522 245.252 120.811 59.7268 316.344 157.075 12.3818 140.436 15.2258 28.8165 177.32 187.201 64.1309 88.3693 204.17 39.237 42.6814 108.135 42.176 232.788 61.0753 223.83 70.8761 83.5854 90.9555 68.9051 34.3174 124.858 55.7707 105.942 215.281 79.0405 239.089 128.361 87.9693 277.037 96.0926 168.175 137.878 228.943 47.8436 91.4046 59.554 70.3342 44.9481 160.343 231.235 107.896 103.078 272.442 52.969 183.101 101.979 68.6126 37.0998 149.711 193.646 17.1595 258.695 204.442 23.9808 43.1866 263.293 44.2909 80.655 67.5745 152.458 93.9294 213.557 22.36 45.9367 31.4382 158.324 205.019 29.0123 83.5537 148.961 100.352 46.9607 80.7301 56.0415 82.2453 108.919 215.036 49.7624 184.034 15.0816 126.597 49.3974 145.843 86.911 184.088 141.42 177.647 69.5363 36.8889 100.546 190.349 52.0847 124.305 76.9952 146.503 132.942 229.503 40.8324 153.373 37.2259 32.1608 28.195 30.729 66.3495 61.1774 154.655 172.923 80.4117 66.847 184.571 37.5508 140.705 80.3989 112.033 147.25 177.285 115.648 323.744 40.0044 117.569 181.986 129.654 86.5541 37.0575 38.8288 25.689 154.225 109.62 271.872 230.728 88.7453 123.053 56.8134 32.243 174.547 95.0565 183.807 94.0969 72.2305 65.7535 65.2744 75.1257 109.249 172.465 178.992 37.7791 52.0926 126.782 163.562 
