10  30  300
1262  4325
854  3990
305  1995
1094  3711
417  3030
391  3067
1109  5014
1267  5278
804  3694
539  3309
444  2235
248  1658
115  1093
294  1860
486  2328
427  2133
108  1117
164  1315
136  1337
378  2097
325  1969
479  2386
52  808
395  2157
238  1782
507  2503
234  1580
542  2535
217  1625
276  1784
448  2311
528  2430
168  1376
108  1172
528  2391
430  2137
304  1822
381  2183
199  1535
259  1671
14  23  13  9  27  29  28  32  18  10  24  9  21  6  17  21  35  12  23  32  30  33  26  15  5  31  14  17  26  22  25  22  23  34  16  24  19  14  27  20  25  35  31  35  18  34  8  31  35  29  28  25  23  6  21  15  16  26  7  11  24  26  28  18  28  14  28  22  25  34  21  6  28  35  29  25  34  24  15  22  27  34  16  18  23  14  29  26  32  35  23  35  15  10  15  35  23  30  23  31  33  18  11  26  22  33  19  16  30  12  11  26  19  15  26  35  35  15  28  23  16  22  18  11  29  21  15  25  28  28  9  35  6  13  18  23  32  31  6  28  10  22  16  14  15  33  5  21  16  21  21  11  23  24  14  29  16  34  13  10  27  28  30  30  17  30  24  33  13  7  32  8  21  11  14  20  11  35  31  29  30  8  28  28  7  22  10  13  27  16  16  5  35  26  11  34  26  9  26  34  16  9  19  10  31  23  35  16  8  6  31  5  26  6  28  20  15  10  8  26  6  26  20  32  32  28  35  18  8  6  14  32  23  34  19  12  21  33  9  7  29  32  32  7  33  6  22  26  29  17  14  22  33  19  11  16  27  16  10  29  8  11  32  7  15  25  26  9  14  9  9  28  5  24  32  12  24  25  29  23  29  23  9  5  14  5  25  12  25  13  26  10  26  8  13  29  30  24  6  12  
6.91757 8.79547 6.47508 7.17004 1.07055 6.29703 8.87876 8.08499 5.79083 5.11588 7.26756 8.60622 5.0165 4.7082 3.14722 0.767724 8.14058 5.30052 7.28897 8.252 7.32567 9.59354 0.933563 5.45356 3.24855 2.60297 6.01519 4.48546 4.5222 11.25 
3.70086 1.8119 7.79585 10.0276 6.27921 0.907855 2.83411 5.13753 3.68765 7.13951 1.39332 9.77421 2.76757 4.80141 7.33843 7.41114 2.92928 4.09124 9.93101 2.0722 5.57619 4.88153 7.78191 6.3467 3.77081 5.74737 2.36913 5.41398 7.62606 7.15619 
4.28075 0.435755 8.71083 11.0315 7.70562 2.21089 2.31124 5.46277 4.60334 8.21315 1.94872 10.5299 4.04308 5.90491 8.62882 8.82969 2.91545 5.10629 10.9091 1.7624 6.15342 4.62268 9.20344 7.33963 5.20028 7.08317 3.34303 6.54112 8.79306 6.85626 
1.96918 2.8758 6.46222 8.87118 8.01508 2.94491 0.971281 2.57919 2.91605 6.36367 4.47436 7.94094 5.57222 4.40591 7.47599 8.54923 0.277112 3.52857 8.69719 1.26301 3.51376 1.73861 8.95042 5.36055 5.63238 6.29278 2.40512 5.01379 7.17157 4.01242 
5.3555 4.65343 8.10144 9.91578 3.8951 2.76226 5.65424 6.93466 4.69008 7.03864 2.5823 10.3389 0.190655 4.97463 6.34363 5.448 5.4361 4.71824 9.90151 4.88663 6.89848 7.37649 5.74848 6.59409 1.93429 4.6921 3.76842 5.37852 7.14404 9.56688 
5.2918 9.59676 1.565 2.60498 8.54989 7.99366 7.96458 4.50115 5.14686 2.92346 10.0987 0.963327 9.48026 4.48856 4.99905 7.54246 6.94094 4.86278 2.32988 8.01194 3.4838 6.50627 7.81091 2.914 7.86531 5.66395 6.45587 4.16043 3.61943 6.35884 
4.96641 9.23517 2.08303 3.43604 8.92728 7.8164 7.50121 3.97637 4.99798 3.40426 9.92338 1.51904 9.5033 4.58145 5.55492 8.05229 6.50802 4.80812 3.1599 7.61881 3.0875 5.88531 8.3442 3.14927 8.0161 6.02399 6.27067 4.36172 4.21539 5.57826 
3.01173 7.08906 1.82363 4.0662 5.77691 5.11129 5.8725 3.2309 2.36223 1.39308 7.17302 3.99683 6.36845 1.37125 3.07899 5.2037 4.82252 1.90096 3.94968 5.67231 2.13315 5.27333 5.55437 0.386149 4.76453 2.91177 3.65009 1.10641 2.28975 6.24545 
7.19231 9.07777 6.63498 7.24126 1.24985 6.58171 9.16616 8.34503 6.06432 5.27828 7.53068 8.73834 5.26276 4.95983 3.25657 0.741917 8.42592 5.56774 7.36996 8.53959 7.56991 9.87036 0.776179 5.65557 3.52443 2.83515 6.30139 4.71735 4.64484 11.5121 
2.23177 2.89818 6.67312 9.08334 8.32526 3.19862 0.874309 2.68688 3.21103 6.61784 4.6358 8.08988 5.8281 4.69632 7.76905 8.8614 0.583881 3.82231 8.90352 1.35523 3.6833 1.56561 9.26262 5.6089 5.93528 6.60019 2.71659 5.29859 7.43981 3.84026 
74.6727 107.63 67.6573 39.6377 105.882 165.342 125.86 194.064 95.1165 45.7815 64.7374 47.2917 80.1929 23.7554 64.7753 113.762 187.103 78.6943 69.5401 30.3851 135.899 148.095 73.1077 77.0352 18.4847 179.685 110.448 32.4941 110.691 37.1029 38.699 115.772 61.0097 108.53 125.016 55.7559 98.38 56.8786 111.954 82.5306 106.329 143.251 138.027 150 64.463 126.144 34.8985 76.0055 112.66 209.064 138.283 68.5134 176.311 13.4747 61.0197 92.7795 57.2479 79.8829 14.8488 75.4172 128.741 46.1597 79.7034 79.6981 31.9817 39.5712 202.69 75.1351 25.22 137.034 99.099 20.6888 22.2557 73.1014 113.828 162.772 147.441 147.401 81.6044 106.334 157.097 150.204 54.0192 89.069 174.539 83.1415 62.2242 53.7392 138.547 85.417 133.8 55.451 34.32 28.7743 62.9027 169.5 95.9053 109.882 149.956 88.004 145.162 49.4607 31.7193 57.8867 32.4881 91.977 121.285 123.462 158.471 77.8119 54.5597 64.8692 90.5348 80.7493 163.637 169.194 53.3295 55.0791 113.099 143.899 25.3221 164.686 46.7711 86.79 58.9901 82.5332 10.0328 34.0836 12.0454 178.526 54.4486 54.368 20.8619 70.9563 110.512 95.6736 218.583 103.328 14.3319 135.875 50.4481 98.0085 43.7 61.7558 96.0053 128.862 20.1915 108.289 51.2991 121.108 60.9949 16.122 101.259 101.206 45.7851 116.509 65.6201 137.366 54.623 74.4316 123.286 116.466 194.398 223.45 95.4449 125.956 81.166 112.797 88.1808 28.0102 8.86307 13.1099 87.2779 78.4291 89.5087 27.1044 15.3315 179.434 70.3722 80.1459 71.5971 39.511 105.109 123.076 42.4963 143.472 44.7034 54.6736 7.77983 40.2919 92.7034 34.071 127.102 111.187 36.3206 92.9331 207.923 53.2171 81.5801 189.787 81.0407 39.734 41.7004 26.7722 74.0215 94.3604 118.995 84.8676 31.2679 20.5486 212.69 23.5334 128.613 33.0854 26.8955 70.4405 7.64451 73.3443 21.0769 102.352 30.3575 113.236 102.37 145.856 116.656 124.996 114.015 74.6954 36.2862 13.8868 81.0858 115.13 55.5034 198.021 42.2014 56.2511 121.222 138.698 29.6474 33.5754 83.3576 133.891 205.869 18.4419 215.363 31.2093 58.3135 87.1011 56.4371 73.7408 19.6357 84.4519 98.6164 104.185 46.8072 58.9879 152.87 22.4104 41.6909 104.986 14.128 35.9309 170.062 19.69 97.5363 101.267 128.169 17.9142 20.6668 9.00925 39.5445 159.719 23.9636 20.9331 251.907 21.3101 53.2107 152.97 203.108 139.078 126.606 32.1731 69.7764 3.18824 74.9479 37.5111 155.679 36.9766 175.194 34.961 126.933 54.7742 77.2097 24.6401 34.8374 69.9052 99.8961 68.6849 30.1107 67.5959 
56.9 107.108 32.6786 1.07927 220.725 151.493 246.062 330.94 167.509 50.9823 104.605 14.7561 98.4502 9.58315 126.211 63.1993 226.645 129.253 46.2597 140.562 209.424 139.805 185.065 141.547 35.2239 70.3715 130.097 49.0577 70.3212 58.2764 123.758 83.0696 102.389 235.335 157.955 159.072 179.277 104.076 228.217 77.1331 4.20543 289.633 128.112 9.08015 102.849 207.47 68.6788 107.043 260.459 244.051 228.67 165.107 226.642 30.7155 88.3086 35.7274 26.7159 149.598 17.2109 107.189 155.537 66.9659 191.147 138.106 123.206 99.834 231.723 34.5801 116.938 246.727 10.2171 12.8819 142.475 124.747 165.979 258.838 263.948 191.109 52.2689 94.9513 177.261 203.816 110.446 21.9875 220.824 141.821 138.231 66.3056 208.017 235.917 231.532 127.746 97.6423 19.6693 110.84 201.711 58.2806 115.866 231.394 220.388 256.825 126.852 78.2642 154.476 83.8515 133.276 203.09 147.505 239.758 93.7313 52.5407 84.928 165.784 101.311 258.648 23.4291 105.267 75.1591 226.978 191.003 61.8674 202.362 75.0328 101.454 176.747 114.668 73.8273 111.888 110.031 295.339 55.5701 196.671 6.14588 115.818 155.498 150.698 251.419 61.6728 29.1107 190.863 64.6823 144.234 108.729 118.31 138.45 221.77 20.8435 111.55 82.5896 170.191 93.0881 31.5126 172.849 197.499 66.0186 240.929 100.091 176.361 110.27 89.7685 163.032 227.854 271.647 284.744 77.3209 241.006 177.839 186.838 115.871 6.64207 131.791 31.9431 134.698 99.5687 139.188 59.238 34.2362 329.239 63.4897 75.231 59.6178 73.5032 221.756 19.8318 61.2184 232.715 4.14417 101.293 123.719 95.5746 161.588 54.737 245.103 214.28 36.571 117.503 250.379 83.1054 181.925 71.538 105.75 29.7494 42.8768 55.142 145.881 173.694 243.359 153.739 29.3423 36.4158 342.846 44.2183 135.727 50.8997 110.916 149.65 72.1103 94.657 49.2151 10.0048 56.0053 186.771 123.041 282.725 254.344 33.9341 232.869 128.512 59.1611 38.8745 136.634 248.589 147.162 260.715 81.0753 53.1887 211.173 232.818 22.393 16.893 204.838 174.24 319.81 29.5938 357.429 39.9774 56.9468 25.0438 92.7022 97.1806 78.9777 162.541 227.848 49.9646 94.1385 119.184 46.8539 61.5549 70.831 148.364 20.3452 51.0002 200.331 46.5967 141.359 162.304 209.33 52.1256 74.2216 47.3258 1.22818 280.281 45.4848 118.547 299.784 34.9234 148.09 175.753 279.736 75.4553 101.427 104.626 83.091 24.5646 52.2423 44.4494 65.3817 77.0333 217.749 51.6256 238.762 74.9642 52.8006 55.4241 84.1531 189.93 216.571 146.132 55.7086 117.278 
118.383 166.762 118.165 80.0253 56.9879 236.281 18.2799 50.8468 24.6435 67.7353 129.825 85.28 130.63 48.6403 42.6209 191.601 228.55 23.8953 164.888 157.068 138.887 241.724 51.4826 24.6655 24.3473 307.289 107.921 109.012 206.886 137.45 119.915 187.826 121.616 84.2143 108.941 58.5272 43.3067 68.8474 32.075 143.519 218.223 90.483 228.016 308.456 88.5594 156.542 18.7989 184.354 47.6697 217.125 94.9243 95.261 150.104 25.5528 120.095 155.652 130.058 146.918 46.7502 53.9887 157.257 161.934 97.984 58.8739 140.774 28.5365 215.564 175.475 103.933 175.509 192.698 44.656 105.702 220.358 197.666 67.7144 98.0139 146.676 133.733 168.965 193.214 246.687 45.1434 166.43 154.575 19.5392 160.969 172.044 159.063 84.3686 29.0855 186.316 34.4468 74.2987 78.9571 228.247 182.758 200.682 78.7132 73.6898 98.3188 34.4007 18.6061 109.423 113.184 189.918 41.9008 119.505 133.246 82.8524 82.601 176.101 26.917 94.2957 78.4276 324.261 203.534 86.5267 87.4332 135.002 82.2114 155.115 115.684 85.7339 79.5601 118.221 61.0715 128.016 137.096 51.7338 70.8031 111.865 47.2875 39.8889 92.6997 145.844 238.431 243.634 28.0456 199.857 77.4861 149.373 52.6011 15.4027 71.172 189.082 34.3322 154.24 102.057 109.567 115.957 65.3961 81.067 29.9856 78.5985 22.6783 79.1973 250.661 7.32322 72.4827 200.476 97.0051 156.323 197.568 144.63 117.359 39.4738 157.848 78.6489 58.3491 150.749 40.4072 136.19 72.0188 46.5448 118.244 65.3491 70.3312 209.532 194.208 208.445 3.17515 26.8056 245.621 33.8443 48.4698 89.0872 58.8435 115.572 73.5084 30.063 11.6401 168.521 36.6105 82.6209 209 194.979 32.0117 98.0764 330.071 95.3056 70.3687 124.824 54.0361 149.638 65.2532 155.587 20.6421 56.5438 25.6161 71.3001 14.6265 185.731 24.4569 136.353 69.547 61.7089 63.886 35.9179 218.992 3.89514 104.458 130.539 60.0669 38.9237 244.158 165 67.0785 31.9441 13.9793 25.994 85.6066 82.9106 201.386 97.504 89.0862 28.2615 130.744 64.4142 60.6503 50.6217 235.925 106.316 44.9832 76.1499 46.8764 156.623 204.641 169.156 100.085 49.1704 99.419 120.261 178.119 10.1793 64.3555 268.628 89.8114 38.5674 162.652 50.4553 75.1222 214.521 26.9115 69.6119 155.998 93.6008 37.0738 49.926 34.0595 80.1322 49.7139 6.91924 92.7398 242.676 75.5571 89.8937 178.847 156.902 225.049 222.05 116.873 67.703 20.2631 121.442 37.3272 258.235 57.4794 168.973 74.4947 39.7687 55.3758 185.171 18.2648 51.6655 65.8605 61.0397 84.8618 12.7709 14.6144 
145.212 208.666 145.931 101.101 110.19 285.853 75.2817 42.271 36.6847 85.2134 179.1 105.43 169.96 62.0772 70.7459 235.224 278.272 5.54074 216.897 234.13 180.015 304.369 113.401 42.7302 34.637 375.366 116.923 149.956 261.888 189.948 179.439 230.981 168.794 150.669 114.179 116.081 66.1406 96.4061 87.7891 182.956 276.671 155.17 287.409 391.057 120.22 213.824 32.6292 251.703 131.065 243.16 123.028 150.842 156.944 38.101 162.934 188.896 168.528 205.426 63.5617 55.6463 191.311 223.129 159.787 82.0541 208.11 61.6804 242.334 228.295 161.871 243.64 241.577 57.9435 172.868 304.512 262.427 51.6372 143.414 169.909 163.879 210.228 230.946 321.564 74.2019 207.264 164.248 14.3518 229.421 234.533 207.118 167.815 29.1875 265.56 70.1685 98.3342 108.552 284.382 231.926 260.747 73.4229 145.186 141.173 77.6887 44.881 169.384 163.059 258.321 37.0158 129.755 162.623 95.3897 102.329 238.645 50.1623 114.5 73.5523 405.339 285.082 114.15 139.493 154.328 118.21 168.395 158.442 93.1589 146.608 154.782 97.2123 187.972 203.712 17.0238 84.3516 193.638 61.2069 47.6872 105.069 194.671 272.353 318.282 40.4554 258.378 99.0024 196.099 88.4469 38.819 77.1564 258.375 43.993 189.683 138.836 128.615 158.291 91.3939 111.267 72.1827 105.66 89.6396 104.548 328.42 37.323 79.4683 259.843 148.004 171.554 210.977 175.879 172.37 90.4935 217.153 86.7136 74.3939 226.97 58.2874 181.205 78.706 44.4599 165.949 91.7838 113.146 282.607 258.766 279.987 16.5985 90.4968 310.053 38.2769 22.8523 112.309 83.361 180.237 109.858 37.8467 2.27601 240.937 79.3237 108.991 281.761 208.102 35.2728 153.667 404.963 117.669 88.6917 169.095 76.9382 214.002 98.9754 229.011 36.8189 72.6274 36.1653 4.48691 22.3753 230.195 29.0743 201.374 110.263 97.7817 68.2405 53.9216 279.935 12.4028 140.184 160.656 112.839 113.084 307.483 240.085 93.1015 42.2414 28.0819 25.8322 150.902 135.499 237.6 138.023 111.403 33.2281 178.181 84.1318 75.6431 118.924 308.331 100.219 61.587 61.9304 59.6437 209.646 266.029 234.614 128.141 82.8261 143.243 191.971 218.601 33.1989 96.3859 329.556 128.345 53.0163 215.815 69.4721 100.825 261.712 42.3733 74.0147 209.312 120.485 58.0953 82.01 55.7506 101.294 65.7112 14.6119 149.383 261.996 104.441 145.394 210.754 164.255 272.633 280.383 171.973 73.4811 32.3048 149.022 41.0659 312.848 83.7001 187.63 101.694 77.2617 66.6476 244.041 34.6702 80.709 133.509 121.247 131.476 20.6602 16.7922 
64.8128 80.6463 82.7388 72.7768 227.094 99.4618 211.182 262.255 110.484 29.9493 102.088 66.8464 72.716 39.1575 77.3391 126.004 56.6321 94.6683 142.453 245.313 74.9671 129.473 187.446 129.046 49.8736 229.228 17.2318 135.207 143.323 158.553 205.188 108.374 97.4708 165.435 32.6456 171.09 173.967 143.576 210.483 85.0662 198.153 310.688 124.897 290.112 56.4431 104.365 70.8708 156.072 225.185 15.1982 102.382 218.463 50.0646 26.9364 88.5538 118.591 140.702 253.121 54.6121 36.2882 38.6692 174.164 241.601 66.9127 220.041 102.469 20.0282 188.439 143.539 351.52 170.228 35.6862 184.401 299.164 308.607 149.769 139.562 21.2366 81.7137 87.4082 43.903 378.538 71.0314 135.569 40.8888 103.088 257.003 203.53 78.4211 254.692 178.134 193.179 94.0333 83.0983 157.46 81.4789 130.119 127.134 113.903 239.629 132.263 125.073 70.4805 222.243 121.048 145.119 171.52 18.0941 77.4523 3.33519 38.2885 228.584 108.248 21.0207 135.488 281.35 218.877 49.3379 258.14 28.8388 86.0176 25.8683 165.829 13.163 166.977 60.8319 105.06 201.998 183.144 209.64 21.5874 205.08 43.0088 55.7331 38.769 248.597 19.7839 272.741 26.0146 323.214 117.608 245.104 134.297 82.5769 44.5273 344.779 19.605 61.2102 158.724 38.486 85.5924 73.7459 79.8566 137.72 51.6486 211.105 42.332 364.014 94.0555 8.91567 304.562 266.455 71.9958 51.9766 72.455 294.453 135.492 108.964 19.8993 50.0742 208.843 42.0654 227.452 14.0761 68.8361 140.609 82.1292 312.098 217.081 164.802 226.308 58.1669 175.608 210.879 17.6652 152.318 78.5698 132.091 178.976 143.341 141.524 37.5734 346.623 145.083 104.765 165.987 40.2261 36.5528 234.416 248.076 26.7195 44.3967 124.924 93.4063 135.201 95.8968 334.797 132.352 35.3996 20.5204 247.107 47.276 76.3831 18.6447 165.029 182.214 102.252 18.3059 72.0551 202.818 45.511 78.9193 38.7906 275.053 235.272 199.057 335.433 60.1991 24.1166 36.2586 85.8605 275.739 192.009 36.5629 88.3613 45.2322 170.081 103.355 50.6124 42.8635 179.572 347.92 159.16 64.8179 299.757 71.5085 188.063 199.892 162.547 42.9033 102.047 218.051 291.336 124.021 84.0148 152.734 214.086 127.918 32.2944 94.5402 56.5879 109.076 58.5873 61.6996 48.4494 267.386 89.0537 74.7545 77.7021 63.8295 74.0226 244.867 41.4406 146.034 41.0342 93.6242 198.61 29.037 80.4226 147.684 136.404 186.625 10.3224 34.6688 70.8545 4.11389 190.522 113.774 19.5453 58.5101 219.447 14.7575 161.091 41.1215 114.205 172.727 156.957 101.618 53.892 82.5963 
34.8615 55.6805 28.907 22.9587 184.137 94.61 197.528 272.344 129.15 27.1718 45.1333 23.2811 46.1461 7.3932 87.5693 50.2796 141.171 105.596 12.494 116.571 134.036 67.6155 144.778 118.198 33.014 92.6505 96.2238 49.3186 32.1594 47.1353 108.36 51.5527 45.6922 160.943 117.864 123.238 152.824 97.8132 184.936 32.3335 59.4245 246.935 60.8799 94.1748 57.6692 122.571 58.3011 32.0341 196.159 174.531 160.73 143.888 168.783 16.9289 35.5376 51.9238 51.1428 147.131 17.966 79.6084 96.9922 41.7723 164.407 94.7961 105.312 78.6278 165.599 65.367 71.2398 234.793 56.2019 3.14761 101.395 129.24 177.635 202.073 183.787 131.032 36.5691 50.139 113.826 222.414 74.0387 43.7689 163.239 113.996 132.81 68.4355 127.299 184.836 188.014 57.2605 71.0616 28.3045 105.951 116.541 26.3317 42.9468 176.511 178.01 178.556 97.6128 58.4296 135.09 39.8709 50.6669 171.044 108.476 164.578 64.4914 28.8782 96.67 124.852 64.2107 197.684 93.7401 53.956 37.3282 197.377 133.11 28.7473 147.953 80.1095 74.9814 121.706 61.695 55.274 98.545 72.7805 238.702 36.0872 132.734 9.22283 84.7724 110.068 153.795 175.543 101.229 14.8737 201.918 71.3388 150.864 92.0415 89.1105 100.823 218.202 9.04092 64.4947 86.6059 117.157 40.4712 20.1932 116.919 147.173 30.6816 190.86 59.7659 199.943 87.303 65.2798 179.417 201.099 195.957 209.526 48.9001 216.627 128.869 104.452 83.1423 11.763 88.1175 14.995 138.956 72.0677 105.848 43.8886 29.1148 278.193 49.3647 7.58477 63.7387 58.5647 167.448 59.6365 43.603 185.681 23.964 93.4677 86.6596 86.6031 135.667 44.361 229.006 158.871 46.9842 32.472 186.547 61.2332 160.061 94.7001 65.7597 13.6254 23.3229 53.0444 71.9256 119.854 222.596 126.837 11.0152 21.6654 280.879 38.428 76.1323 36.0042 62.1806 130.941 52.4475 69.5153 44.4587 57.0271 45.1309 122.444 74.2983 236.772 201.674 53.097 215.749 84.5251 39.3582 27.8273 106.074 210.42 125.063 175.406 36.195 27.2852 173.259 151.436 2.42109 12.6126 150.898 195.446 243.696 31.58 301.342 43.9292 71.3663 53.0297 33.0351 54.5749 61.5527 149.77 198.369 47.6794 75.7951 107.16 83.4858 55.7226 46.2692 75.1317 15.6281 56.427 123.098 40.7807 103.843 164.858 145.721 44.7802 47.2595 35.9977 23.949 234.648 37.5822 78.1808 221.842 33.5253 125.7 116.457 206.58 69.755 45.1122 92.2459 61.1766 18.2122 33.6977 32.3293 85.1467 71.522 155.78 19.2631 198.376 49.7482 14.2122 38.4188 73.8611 135.546 152.891 90.593 47.2323 92.8061 
73.6323 122.936 54.2427 19.7101 173.817 179.13 203.646 283.413 146.633 55.8437 100.313 32.3952 104.073 17.1629 111.199 96.5789 238.008 112.782 56.5172 83.2809 201.242 164.24 144.227 116.68 25.0486 131.455 134.627 17.1849 99.3556 29.2565 75.9692 110.816 97.16 202.422 158.353 121.192 145.962 75.5292 185.126 90.8957 53.034 226.288 151.616 66.8275 99.0796 197.247 54.4327 103.887 212.547 255.24 210.865 117.327 225.718 26.9137 87.6388 66.4234 11.5894 95.9189 5.28626 102.68 163.484 44.7785 138.564 126.239 71.4896 77.5067 244.546 13.4937 89.9348 176.977 53.6869 17.4868 102.026 53.2573 106.933 233.665 238.058 193.035 73.8758 114.258 190.905 135.932 96.9171 57.3631 221.766 123.058 79.2742 20.7927 202.75 179.644 198.723 105.782 77.2311 1.15521 80.0061 214.534 84.0533 129.423 213.121 168.126 232.547 99.6048 63.1057 104.517 68.5098 131.713 172.65 151.906 228.955 97.4074 61.0873 31.107 144.707 104.778 235.974 95.7967 77.8246 76.4847 174.413 190.632 51.5511 206.214 37.7769 105.35 141.585 115.746 50.1332 64.3041 73.4409 258.476 62.3928 153.764 11.4722 106.036 151.35 103.219 265.691 14.8838 26.2565 134.192 45.1779 99.2569 79.3098 101.819 132.62 153.505 23.5658 125.754 49.5606 166.697 91.0378 20.0175 159.251 169.781 65.9308 197.389 97.3076 109.58 91.0639 92.2992 109.639 174.171 263.912 285.433 96.9279 182.128 149.691 177.999 115.4 16.9678 89.1307 26.8918 91.461 100.339 127.976 32.7281 16.2024 269.18 43.0918 81.2129 25.2817 62.137 185.29 71.791 58.9903 206.517 24.2402 75.1139 85.1005 63.8372 135.447 48.3796 174.011 185.267 15.5581 119.511 256.232 77.096 131.805 137.648 108.005 38.8362 34.513 34.6573 132.523 155.745 173.317 128.472 34.4356 33.8546 300.907 34.9537 151.672 48.0011 83.4214 111.494 49.4164 94.4437 33.3767 48.0734 47.1761 174.975 129.958 227.906 204.891 82.0894 162.194 118.791 55.4749 31.0815 121.077 190.773 104.456 262.644 73.6307 62.4184 179.708 217.244 27.7397 27.3658 166.398 111.211 293.944 15.1075 304.758 28.2767 11.407 34.0702 81.2616 99.7043 55.7746 118.269 164.971 83.0858 77.0345 87.6829 102.326 31.1596 65.8033 149.153 11.131 28.5985 212.943 33.1581 134.839 110.635 194.273 35.1503 58.9266 32.8463 18.765 234.776 37.3215 88.4448 308.822 13.3543 103.512 187.206 271.647 115.977 128.196 60.7259 85.6681 16.7835 70.6901 46.0421 115.621 52.7812 221.867 50.5748 195.793 74.6107 63.1187 47.0615 59.0994 152.984 184.507 128.862 45.277 101.949 
96.7151 143.691 86.6777 49.5031 78.8271 210.894 110.787 176.636 95.4646 61.1282 101.36 59.1708 112.441 32.1756 75.0101 145.337 236.796 74.1508 102.807 32.0583 170.107 200.167 59.0428 64.4631 10.6007 221.893 128.033 43.3741 150.434 61.4969 13.9293 150.216 95.7705 129.003 142.168 43.8618 78.8399 34.7589 93.3451 114.134 134.37 102.415 186.984 185.709 88.5376 168.533 26.1361 124.989 108.363 247.49 158.965 31.0063 200.093 21.3515 93.5457 112.474 67.9249 45.9637 20.6179 84.0323 162.849 80.8983 40.2684 93.7611 27.8548 31.0802 240.737 91.3417 58.6287 83.6458 122.823 29.5835 40.283 75.5718 82.6975 166.422 170.376 176.745 104.745 141.082 196.513 113.761 65.8166 112.082 199.755 78.9122 37.9078 74.3242 178.571 64.408 123.74 110.748 35.6677 35.9939 39.3586 221.216 130.768 157.232 159.328 61.3749 168.149 42.5247 30.7692 16.8861 67.1321 143.466 107.005 143.261 187.628 93.7455 71.8262 68.5405 93.255 101.335 172.254 209.778 105.357 77.4105 76.1019 170.337 50.4333 190.874 39.2034 100.792 73.6336 112.726 15.7425 24.3919 55.2911 170.546 68.179 78.527 28.363 78.0781 128.469 64.4305 262.589 121.458 22.8146 100.034 39.4087 69.7269 22.7125 62.7851 108.579 80.136 28.0629 140.757 36.0448 143.842 93.0041 30.9032 121.034 104.41 66.8505 102.489 86.0568 110.079 48.8099 86.8281 94.8394 77.2365 222.788 256.22 122.302 81.3269 86.6264 156.557 102.415 37.0211 59.3556 25.559 59.8187 91.0191 95.2393 50.8775 25.1146 146.064 108.584 124.406 102.148 36.4243 103.282 157.616 49.0031 141.142 56.3431 34.3433 40.8212 15.3943 79.896 32.8904 71.8818 116.09 36.3647 146.657 238.942 58.6214 42.7442 236.101 102.712 53.8128 67.702 13.9653 118.952 110.167 63.7895 73.8177 43.9073 27.7208 201.56 17.3201 168.731 38.0746 70.9402 42.0385 18.8487 84.0258 8.47839 131.469 27.4559 139.393 131.314 115.551 98.9771 162.078 58.8983 91.8459 44.0692 15.2317 81.8163 77.5193 23.2567 239.986 71.1565 75.1618 109.498 172.096 43.3497 43.9201 84.2005 105.444 218.592 15.231 190.841 24.3866 68.7966 115.33 101.857 98.1361 12.2676 49.8405 50.4298 131.831 40.1251 34.5585 187.015 25.4692 51.5637 147.574 23.5812 28.6859 216.507 9.11974 109.345 67.1712 148.994 3.86384 34.7325 8.44004 49.0431 137.781 20.0483 46.7652 291.38 29.9383 18.7772 188.535 228.882 173.24 172.22 21.0311 80.9541 5.58994 96.8005 43.8783 189.638 18.2441 205.522 55.2897 105.489 66.8327 114.812 28.687 14.8355 77.1639 112.323 93.2535 24.115 65.3593 
67.3171 90.3508 65.8024 43.2957 109.038 143.645 117.989 182.432 82.4782 37.1259 44.2408 48.214 62.2586 23.9524 48.435 108.618 151.031 72.7376 70.0845 66.076 101.97 126.023 71.3616 75.5415 22.6379 180.354 94.9228 48.4966 103.55 52.3007 64.6388 105.599 40.5644 77.1785 106.918 56.298 99.3672 68.0522 108.122 70.4678 116.053 151.56 118.005 166.951 44.8422 88.025 36.1572 61.0149 97.3115 177.573 108.765 85.0496 150.317 6.80216 44.432 94.0072 69.7194 107.027 20.5877 63.456 104.034 56.9773 95.416 60.6154 63.281 39.2384 172.745 91.6088 3.06103 165.98 106.588 20.1111 29.5565 111.237 145.955 142.404 112.914 120.536 76.1316 92.0356 130.315 187.989 37.899 92.1634 148.528 75.7878 94.3952 75.7322 102.777 87.5675 123.943 42.4873 28.3787 36.7574 75.6792 135.577 90.5998 90.7148 128.203 92.7001 111.286 46.5012 27.2288 79.0847 22.7886 67.6898 117.049 105.641 124.885 64.7814 46.3599 92.2454 76.2362 64.7786 140.091 180.377 60.3329 40.858 123.76 117.931 16.8962 139.977 67.0669 74.645 40.1239 61.2263 21.0789 61.9386 31.3929 163.059 46.3948 33.1555 22.6374 58.1101 90.2505 119.499 184.642 129.338 8.10155 165.793 61.5439 121.425 51.6237 52.1013 79.528 160.87 16.7122 90.6435 69.164 97.3578 42.8315 21.4879 76.2842 84.0598 32.9626 108.407 47.8356 175.807 50.4333 63.2947 153.38 129.213 160.803 189.519 85.1616 142.717 64.3012 76.6134 73.4764 29.4787 32.5669 8.05178 109.433 66.013 76.2869 41.1337 25.3151 179.179 84.4851 75.5292 91.0403 36.1563 89.8533 130.238 34.6862 128.735 48.0268 63.743 27.1787 54.5943 90.1158 31.0845 156.031 91.6217 47.8828 75.5573 178.746 44.0556 97.7864 190.722 63.8285 35.8698 47.0271 37.2076 43.1902 71.0415 145.927 81.3243 26.736 13.7704 196.606 24.8662 106.586 26.5422 21.6297 80.7318 18.0853 62.0336 27.9308 113.007 28.2088 84.1075 82.2666 146.578 110.587 128.67 143.621 54.7543 27.3617 10.8351 70.7084 124.301 69.5243 160.023 26.2977 47.9023 114.053 101.726 27.8788 32.4543 69.1388 169.98 175.797 26.3439 207.625 37.8373 78.9076 99.751 49.9482 56.4451 26.3312 100.699 118.33 101.621 44.48 69.2112 157.265 40.2522 30.5354 76.6391 18.9686 48.3729 138.036 24.3575 81.243 127.087 100.216 25.1406 7.99383 14.1312 43.5614 154.937 23.3575 12.9166 216.241 32.4056 69.1436 127.278 170.866 134.081 112.531 57.6186 59.7619 6.6788 68.7967 31.9888 156.03 47.554 147.197 25.6998 124.465 43.5381 77.9764 17.8207 44.1138 53.8123 75.3226 42.1576 30.3281 60.536 
104.507 142.352 107.93 75.9917 86.3264 203.688 55.0446 85.1062 16.9416 56.6403 108.852 79.4168 108.985 44.7664 21.741 173.742 184.535 31.8407 150.988 159.177 100.074 208.47 65.0226 45.0149 28.3726 285.157 88.8905 107.208 185.847 131.567 126.304 166.801 101.475 51.3165 87.6149 67.0588 68.6685 81.1977 63.836 124.528 206.802 129.382 197.191 294.586 68.4548 116.955 28.3338 161.639 52.967 177.918 56.8642 111.987 119.606 20.596 101.452 145.347 127.115 160.839 45.4532 40.0883 127.066 151.863 117.991 34.7773 143.66 36.4266 177.873 170.846 92.9397 204.151 182.519 40.5719 102.547 222.724 212.947 53.2473 52.4926 114.249 120.018 146.457 159.185 265.765 27.4926 155.585 123.683 28.0826 169.65 167.639 119.226 99.6417 51.1995 165.977 33.2543 72.4788 91.9273 186.74 164.737 172.974 55.7823 94.3849 53.9895 41.4179 19.4886 122.395 100.579 161.761 65.215 97.7588 92.506 66.7836 70.7396 177.279 7.02851 75.0644 54.1826 306.407 187.911 70.6945 117.132 103.748 72.5402 125.249 119.657 70.7781 68.5752 94.6708 60.9577 131.83 129.62 65.1635 59.8386 99.8694 44.3252 23.2543 68.3074 161.581 195.731 239.323 22.9124 219.432 83.6459 164.129 63.5382 3.63926 51.4714 213.138 29.4172 130.313 108.853 81.0444 96.8107 61.5319 50.5187 5.1666 64.7905 53.3474 59.8309 265.019 22.3283 58.8865 215.652 126.687 116.154 157.221 126.848 148.151 24.3379 121.768 61.0273 54.4641 142.781 35.3731 149.968 57.097 32.2993 112.934 63.6158 117.338 197.63 175.093 199.86 13.0631 27.2493 230.512 24.4057 48.703 84.1323 71.3414 111.156 82.2136 51.3007 13.1869 196.406 3.31786 83.6547 182.612 159.781 20.7667 118.39 306.117 74.9859 62.3476 116.148 58.7759 123.379 35.2498 183.073 42.1447 49.2193 18.8687 89.0776 20.7215 156.389 16.3445 123.817 87.6356 60.5371 50.4627 40.6051 207.578 11.6774 70.5803 105.995 100.564 67.3745 227.017 190.175 43.9176 21.3438 12.6935 19.6676 116.624 96.2273 155.762 82.6722 76.6648 52.6674 88.3539 57.9936 55.1919 48.0603 250.833 74.3951 46.6181 115.75 50.7324 154.971 194.632 151.751 80.2154 51.8968 118.794 144.965 163.042 23.5859 78.7323 251.755 90.4266 25.7253 131.846 47.9919 78.729 174.922 31.7231 50.285 172.902 58.2585 40.9982 43.2073 34.6967 76.3309 86.9664 13.5993 85.4929 199.207 74.0447 102.267 146.49 119.168 205.296 195.544 120.791 55.4701 20.1185 108.162 30.5317 239.993 65.4743 134.984 63.6833 74.6135 42.0158 169.601 11.5688 60.0096 58.1504 34.5641 61.218 20.7221 18.5201 
26.317 66.9774 1.98672 20.7023 240.879 91.0507 256.205 338.669 164.677 35.0048 88.8303 9.58299 71.8139 7.26795 120.073 13.3257 170.593 129.967 47.4026 178.137 178.88 83.0833 199.589 149.808 42.4925 32.6159 105.277 75.6933 28.4565 84.5733 155.974 34.4403 87.9417 228.297 133.61 173.768 192.842 124.455 241.818 46.1128 55.562 320.044 74.9401 92.2142 86.2416 177.589 75.086 94.4763 269.243 192.123 208.592 194.022 193.115 28.7629 71.8851 23.7181 62.2929 192.476 28.1892 95.4104 116.933 89.1314 221.319 126.433 158.266 108.131 179.998 81.9961 123.933 298.313 44.334 9.78602 160.005 183.963 221.793 248.644 245.688 155.696 17.333 53.3019 129.011 271.879 104.814 23.4994 185.735 142.41 183.566 107.016 173.344 258.474 235.382 131.032 102.59 39.0433 133.872 146.925 24.4023 78.2451 216.407 243.067 238.046 135.555 81.4759 186.246 86.2245 109.9 210.856 119.874 209.344 73.5017 32.0673 133.081 162.249 78.3199 244.267 68.6163 124.311 58.1842 255.17 158.787 62.3653 166.396 107.637 81.6885 182.317 90.0038 86.1297 145.071 130.027 295.065 37.677 206.324 12.6638 107.567 133.903 192.083 193.295 128.265 26.4309 245.241 85.3336 185.805 124.843 117.201 122.462 276.595 13.515 73.1178 111.882 144.334 76.8434 40.9485 156.46 195.275 52.6456 251.709 83.4144 246.13 114.507 72.8004 217.864 258.369 235.768 239.645 39.9778 277.021 177.787 158.868 97.4608 11.3042 153.973 31.7252 173.218 82.76 130.257 80.4145 48.3494 351.976 97.1161 68.439 104.387 75.1309 225.209 46.6924 53.4296 228.722 19.8145 118.883 142.607 117.232 169.316 54.2935 295.538 210.549 59.6557 97.2108 206.222 76.3206 212.288 31.0481 82.946 13.7204 56.5394 70.8685 131.553 162.296 290.55 160.417 17.992 32.0315 343.465 48.8458 90.1483 45.4146 121.041 171.651 83.4563 80.0687 59.8849 60.6299 57.6182 165.015 91.2432 304.2 269.054 32.8215 282.413 115.297 52.3635 40.3952 133.198 277.067 171.712 212.064 73.7718 31.6665 216.921 206.326 16.6901 2.39031 211.429 239.652 299.593 42.2984 370.424 52.3678 98.8214 70.7685 94.1487 74.6832 90.5462 192.533 265.024 7.78523 98.9259 139.031 41.5114 84.0732 63.1238 116.954 29.297 72.3447 147.515 54.7927 125.959 206.805 189.231 62.6295 76.5903 54.6034 22.2824 293.517 48.1161 128.754 244.119 52.7732 174.146 131.318 244.778 23.9147 51.1016 135.153 67.4525 28.5258 20.6509 35.6891 34.9924 94.2122 177.705 43.2404 253.173 61.7411 54.993 54.5163 99.7196 196.132 213.136 136.626 59.8732 116.956 
149.199 218.292 144.981 95.9256 67.9697 301.832 53.7503 37.1944 56.5865 90.3305 181.895 102.803 177.54 60.4231 81.297 235.881 308.279 23.4733 209.715 201.928 206.869 314.862 89.5841 17.0033 25.5598 369.136 137.708 134.344 261.277 174.226 149.329 235.805 171.588 161.222 140.92 94.3585 27.3039 69.7381 57.0955 187.274 262.696 93.1881 296.513 368.508 129.391 233.973 18.2034 248.652 118.549 280.921 155.467 112.709 195.682 38.5802 165.703 185.155 154.117 164.003 57.7022 74.6656 211.927 208.44 117.2 99.068 178.465 47.9969 277.596 209.339 152.485 179.562 230.435 56.6831 153.539 265.47 214.129 99.9596 173.939 199.598 166.029 217.839 254.715 262.853 81.5836 200.755 201.389 29.1087 191.034 212.349 231.978 133.693 36.0144 255.839 63.101 89.5768 79.7867 307.957 230.455 266.036 115.782 108.157 171.834 63.7944 40.1297 133.009 156.907 260.946 7.11378 153.497 198.749 109.605 107.308 209.581 66.6207 128.377 120.068 387.966 268.593 120.22 87.7472 184.863 114.376 201.481 135.049 109.26 138.376 165.822 84.6488 159.912 186.075 63.2141 91.3217 180.298 58.2934 65.8681 130.628 153.145 309.984 288.936 41.0954 206.106 80.9122 156.094 65.3241 46.4424 100.965 198.645 45.3702 201.84 114.427 155.292 161.886 84.8404 132.667 84.0678 109.685 68.8346 115.68 274.659 29.5431 93.8933 212.96 94.3332 217.595 258.883 182.512 113.908 93.4069 232.547 105.948 71.512 206.621 56.6538 143.728 95.1493 69.6398 151.977 82.6605 45.4306 264.236 252.315 258.244 15.5529 89.1645 297.632 48.4108 66.3897 107.216 57.9896 161.55 85.8971 7.43979 13.204 177.919 94.7793 95.647 280.343 248.988 49.3184 110.927 397.714 131.709 89.6993 159.763 61.8956 216.826 117.162 167.922 16.6072 73.9033 39.2524 67.5247 12.2746 244.599 37.1086 189.698 75.6213 86.2775 84.249 41.6761 264.972 9.83632 163.24 176.144 58.4156 84.7092 298.039 180.44 107.887 49.9157 25.9217 47.0561 99.0974 103.481 277.056 137.86 115.827 23.8162 205.602 82.7286 75.0838 109.777 256.194 158.359 52.3879 16.1877 48.6048 187.808 249.599 226.655 138.771 69.2211 102.311 139.658 217.345 22.5828 67.3287 320.384 111.789 61.2503 227.89 64.1298 84.9218 287.48 31.5159 98.6694 164.556 150.23 46.2282 78.0898 47.7974 95.7959 15.7712 7.31113 137.387 310.301 93.7841 113.05 235.545 213.181 273.555 284.783 145.786 86.8326 28.242 151.902 48.1186 308.33 63.8497 222.741 102.321 35.9535 77.723 235.756 36.2379 60.9325 124.728 128.985 138.807 8.96425 29.5861 
7.78058 20.9745 30.3536 39.8982 232.901 22.0253 236.625 309.856 143.013 15.0724 68.6313 31.0887 40.2503 17.3662 99.0723 40.5857 93.548 116.934 70.1376 194.397 125.987 27.7858 189.684 141.361 44.9069 103.509 72.1466 93.9588 46.2638 104.671 169.033 18.8124 68.2102 192.837 97.3043 167.027 185.116 130.888 227.121 23.197 107.6 313.568 26.3068 164.959 59.4758 125.893 72.915 87.9011 245.036 123.544 163.487 199.599 141.722 23.7958 53.7424 57.6154 90.3819 212.763 36.3671 73.6542 63.9657 109.402 224.905 99.2314 174.217 103.214 113.38 119.636 117.953 316.522 91.3356 15.5865 158.549 220.842 253.201 211.759 197.324 103.068 20.6 10.4286 66.1246 311.38 86.1158 65.5072 133.605 127.409 206.472 136.801 116.895 249.229 213.427 129.586 94.8199 53.996 142.075 73.5613 44.9579 49.1601 178.112 236.201 190.128 127.599 74.639 195.297 84.0949 85.9496 196.394 82.2561 153.965 45.7553 7.89949 165.036 139.617 45.7803 203.219 148.295 140.572 35.7411 254.077 109.195 59.7049 115.499 127.202 55.5902 165.456 55.0618 88.1465 160.579 137.382 263.198 16.1549 191.133 22.6654 86.8779 97.403 212.513 117.54 179.374 21.3135 274.509 97.5616 207.669 125.871 102.138 93.1505 300.493 6.61213 25.3329 128.153 101.813 56.613 48.3398 120.76 169.579 35.4231 232.682 56.3322 289.305 105.261 49.4297 250.177 259.514 174.489 172.068 6.31405 281.781 155.815 112.404 69.0276 24.7615 160.402 29.7084 192.884 57.9327 107.178 95.3383 57.5898 335.63 130.731 81.9915 142.087 68.1581 201.385 106.601 39.6566 200.318 41.4754 123.173 145.378 124.738 158.71 48.1648 312.081 181.509 75.7045 86.8407 145.261 60.9426 217.5 110.827 49.7915 10.8511 73.2525 78.1065 106.142 130.869 303.921 149.239 11.0727 23.7396 308.31 48.0164 33.2964 34.6343 121.479 173.584 85.0091 57.7977 63.3538 111.374 52.6944 122.711 47.9559 291.011 251.565 92.9595 298.942 87.7064 39.089 36.9075 114.902 272.962 175.357 139.001 62.3135 8.5542 198.936 154.066 21.9064 15.2184 191.884 279.494 246.926 49.8882 344.634 59.6547 128.889 114.698 98.4056 43.0538 90.9648 200.598 270.577 46.8945 92.1537 142.838 105.935 96.5932 47.5373 73.9098 36.5738 85.2865 76.4045 56.4174 96.968 228.55 146.34 65.4512 70.0952 55.2362 41.3773 274.811 45.2857 124.328 168.705 64.9766 178.907 72.8666 184.738 54.2916 31.4673 149.177 46.2585 29.0929 13.8157 23.9059 88.6921 100.293 120.477 34.8242 239.006 41.1569 80.1367 46.828 103.28 178.004 183.277 110.467 57.3697 103.583 
74.1724 94.985 77.8218 55.3843 103.41 147.164 96.7183 151.581 58.9811 37.0615 54.0711 58.3714 64.9002 30.7397 23.1841 125.716 132.82 59.1571 97.3817 107.514 69.3957 137.767 65.7151 66.6702 26.1197 212.821 81.4719 73.833 125.788 85.0185 92.9957 118.272 48.9969 28.6083 87.6904 56.8908 91.6303 76.8609 93.278 80.291 149.494 148.653 130.223 215.35 35.0493 60.5517 34.4925 89.2007 70.639 153.605 67.6491 99.3559 121.791 6.66924 53.7697 110.3 93.4751 134.464 31.0508 47.7783 91.6111 94.3109 107.935 34.3073 99.4 36.8013 151.532 124.169 39.9464 189.997 134.093 26.5418 57.1065 161.391 180.128 106.73 62.1516 96.8162 86.3681 99.7585 118.683 228.179 13.9672 113.553 121.505 59.7985 129.972 114.619 75.1903 88.3647 100.295 85.2766 22.9988 51.6613 86.1583 125.559 111.382 105.847 93.8951 93.0184 62.1549 41.0155 20.2971 100.05 50.031 86.0205 101.607 89.8291 85.6057 55.1582 48.3888 130.209 50.833 55.0105 101.669 225.382 109.441 39.9973 126.461 92.5976 35.5463 116.756 91.5669 64.3806 28.5378 54.9505 37.5532 93.7016 72.9608 129.853 44.6316 40.6596 30.5176 38.6658 67.2227 142.563 161.947 175.627 9.11393 195.368 73.2194 144.638 57.9135 34.6055 58.5246 190.365 18.5524 90.3896 88.7031 72.4534 49.5662 37.6028 43.6798 53.6996 34.5409 88.0229 35.346 219.699 40.3052 53.4805 185.562 134.169 121.103 154.146 91.2682 151.829 36.6187 58.73 58.2072 38.1962 79.3458 16.8115 131.312 53.7506 55.4106 70.9783 41.721 162.486 128.638 107.314 135.14 28.4234 61.793 165.507 25.3058 99.9832 61.0472 70.0324 62.2493 68.4771 78.7568 24.8689 180.35 57.4937 63.9723 103.472 151.297 30.6439 110.304 226.728 53.0273 41.9816 73.075 47.9247 51.9453 36.6831 168.177 69.282 31.2635 8.41882 160.519 24.347 106.403 18.0528 62.2431 86.9503 35.5625 49.9781 34.4193 148.25 22.8004 50.8657 73.9012 134.023 93.3913 161.621 169.749 30.6031 16.8403 7.88996 51.7108 125.374 82.4914 127.337 38.3814 51.423 94.6431 59.7695 36.963 38.9558 47.9575 210.327 128.115 35.8184 180.156 44.7313 111.756 136.221 84.4474 50.1248 36.202 113.078 133.808 119.091 37.3497 76.3587 188.638 62.7009 17.5112 73.0214 30.7619 62.908 124.556 28.3425 59.8431 152.09 62.7358 32.5622 14.6691 22.3023 55.8297 134.891 20.4048 39.9836 184.374 50.3068 84.7577 113.282 131.343 152.834 130.437 86.4016 50.9283 12.1952 77.1812 27.3554 181.739 57.2358 121.767 33.6839 109.756 33.5226 109.038 7.30413 52.4107 36.3632 36.0914 13.0933 27.8392 46.1479 
97.0013 127.908 106.294 80.3705 144.615 178.542 115.183 141.048 42.2864 49.4578 109.689 80.4418 99.7115 45.9525 31.0514 168.348 142.375 48.1767 158.708 204.222 67.5898 192.086 117.014 76.6597 38.3557 284.497 61.0906 126.017 183.18 151.692 166.101 156.749 102.657 83.4499 53.4393 112.109 109.352 109.761 122.467 117.64 218.818 204.948 182.74 314.588 60.1823 99.0045 45.6989 168.789 123.033 125.488 19.9696 160.684 70.204 22.7733 100.579 145.508 141.682 207.25 52.3833 16.3836 98.069 171.428 173.606 21.9367 183.825 64.5565 128.631 190.247 116.683 272.597 191.223 41.6551 140.712 268.7 263.488 53.5746 42.6738 72.5217 114.255 134.067 124.98 325.662 35.425 159.4 75.2063 49.4005 215.667 194.011 89.6807 166.808 91.105 185.802 58.4171 81.9657 122.295 154.108 163.577 165.809 29.7392 157.079 39.3239 76.72 40.3877 169.694 113.872 162.574 100.125 65.9216 42.4787 46.7401 63.0957 210.109 39.1698 55.6827 36.3933 319.308 212.695 64.0264 177.106 60.9598 81.4489 80.8839 146.085 49.1549 107.823 81.88 82.2699 168.715 158.972 101.09 49.4775 143.966 47.1368 5.52034 32.3218 204.873 142.576 269.792 24.1733 272.023 101.635 205.104 95.2046 33.7573 19.028 276.766 27.4445 112.308 135.503 43.4262 95.4909 70.6463 31.4518 56.4546 61.339 116.309 47.3777 320.513 50.5213 39.3202 263.137 186.558 52.8691 94.2176 115.358 211.809 65.9929 109.902 34.7095 56.8506 177.733 39.6241 188.975 34.8518 16.8452 131.845 75.4761 191.991 219.749 183.258 224.996 29.2894 86.4157 240.121 10.0601 66.7548 88.2265 98.4705 144.686 111.534 83.1643 18.1249 266.154 56.6117 97.7765 186.89 106.219 3.18796 170.7 306.3 55.802 59.9638 127.956 76.2216 129.4 34.2355 252.899 74.8051 47.1587 17.0484 126.584 31.5783 135.371 4.75216 146.858 129.22 80.7734 29.3774 55.5366 221.213 23.8337 46.4982 84.3579 169.929 136.089 233.215 258.33 31.5856 12.7545 22.2494 31.5956 184.497 140.021 100.335 87.6446 69.7788 91.5626 62.1864 59.2843 54.5771 101.181 304.374 40.4555 56.9867 175.085 61.6551 179.215 211.218 165.421 66.6568 75.0345 163.816 210.928 160.148 47.4401 111.774 255.569 111.635 18.3201 119.146 54.8387 95.8723 138.497 45.4235 17.7332 219.862 22.2739 57.0139 57.6055 48.4106 81.0711 142.98 24.2969 113.346 134.909 87.1264 146.822 111.007 56.2311 198.263 186.756 155.177 37.5748 27.1352 101.884 20.9233 238.286 88.3962 86.7534 64.6129 130.151 26.6088 178.668 21.19 85.03 104.013 75.2639 68.6445 33.612 36.7931 
86.2337 112.392 101.132 82.7054 208.72 146.697 185.218 222.969 88.459 42.8539 118.561 78.8588 94.57 46.1731 65.52 156.993 102.959 78.2754 165.17 251.413 72.6801 173.869 174.013 114.604 48.6603 273.517 25.7994 144.243 176.73 171.837 207.171 141.502 112.255 148.077 14.3519 161.723 157.001 139.423 188.493 110.228 225.468 287.812 166.421 326.942 64.5883 112.449 65.0358 180.803 202.287 59.9848 74.0863 211.705 16.7723 28.4137 105.33 140.224 153.651 253.681 58.9677 17.0878 70.7447 191.616 232.278 53.0205 225.446 95.2892 66.7644 206.309 148.269 343.152 194.651 42.2449 184.885 313.333 312.597 111.694 111.395 31.5744 104.397 119 87.3838 383.494 63.3577 158.426 16.9364 85.0753 261.696 219.2 88.2135 240.264 150.029 212.796 88.2382 90.3421 153.623 125.632 159.118 160.604 77.3266 224.829 104.704 115.829 64.3191 218.86 132.229 171.422 148.824 25.6418 52.7407 23.7676 54.3344 241.112 87.3879 38.6054 95.8771 323.113 240.551 62.4314 242.048 20.3132 94.2915 25.1929 171.603 21.6222 159.529 77.9668 105.901 206.571 192.447 171.304 36.9378 201.163 49.1086 38.8714 15.992 247.991 77.8725 295.829 28.4604 323.773 118.955 245.528 128.76 68.6504 20.5079 341.099 25.651 92.4948 161.501 24.6729 101.078 80.2984 64.4258 115.197 62.7437 187.071 48.1784 373.114 82.6225 14.6802 308.825 251.131 24.1712 17.8413 99.5357 279.833 119.17 122.091 3.96385 57.9554 217.889 46.0605 227.615 7.2714 46.9609 151.452 87.4834 280.02 240.789 191.896 248.206 49.6783 153.059 243.518 8.13778 120.389 90.0111 127.027 183.107 141.68 124.144 30.2972 338.169 120.281 110.619 195.743 39.5243 23.5225 225.671 295.763 41.7648 56.4105 139.706 93.7589 149.661 78.9214 325.4 115.629 45.0341 21.1897 203.141 43.6851 113.392 11.5611 175.978 173.406 103.571 4.18106 70.9302 229.937 39.1411 68.3823 64.7417 248.812 212.018 233.229 328.503 52.0897 19.8969 33.9813 66.9583 257.812 186.167 52.655 99.1198 61.9667 145.435 91.6539 60.2034 52.3739 163.523 355.37 108.949 67.0019 259.56 72.1997 201.455 224.119 182.891 58.9812 100.293 210.829 280.35 151.568 74.5773 146.579 250.656 133.078 28.3487 117.867 61.696 112.258 103.159 59.769 23.7835 266.684 64.3988 73.7449 77.8347 63.5539 83.7714 214.657 36.8428 147.967 53.6521 99.9383 193.698 71.0585 28.279 183.234 174.87 190.477 14.9148 34.9627 92.0835 8.77243 227.409 111.907 27.8179 68.6515 195.469 16.7573 186.448 36.9566 111.145 161.084 138.247 98.9452 48.6132 67.4871 
72.3656 114.595 57.5762 26.2608 146.964 171.368 174.346 249.886 127.723 51.1049 83.7051 36.9947 92.6946 18.4074 94.151 100.425 217.183 100.114 54.3147 51.523 176.33 153.888 117.125 101.419 21.5065 146.579 125.49 3.75414 98.9576 12.4457 53.6708 109.936 80.68 167.929 145.989 96.1637 127.246 65.7171 157.205 84.7304 70.035 192.65 142.352 94.9638 85.1572 169.443 46.6333 86.1282 175.549 237.442 184.142 95.0141 207.428 21.5624 74.5128 75.1516 28.4325 81.2852 2.47587 92.6768 149.264 29.1937 112.788 109.052 44.793 62.9727 228.278 35.9128 64.9411 154.561 68.7288 17.188 72.4311 35.3622 100.01 207.737 204.734 175.615 74.9441 108.597 176.827 131.073 81.0862 67.1605 204.195 108.263 59.8225 7.10444 177.721 143.346 174.499 78.2281 61.3801 10.7961 70.3458 195.162 84.2131 117.234 190.064 136.629 200.39 80.7021 51.4779 81.574 50.2567 111.359 153.107 141.17 202.683 89.786 57.4642 27.9195 124.859 95.1657 209.559 119.951 52.233 67.0151 148.684 172.997 38.4801 190.606 31.798 98.318 111.281 101.738 34.3694 41.8122 44.745 228.879 58.8315 117.256 13.5589 93.1978 136.157 93.864 247.19 47.1551 21.2861 127.295 44.461 92.5603 64.1373 87.1144 119.138 135.525 21.6009 117.34 44.0234 149.572 77.0291 11.444 137.742 144.633 56.8159 166.973 84.85 108.823 77.4012 85.537 106.846 149.36 238.181 262.361 94.5929 156.974 124.563 151.861 105.225 19.821 55.9648 20.2992 83.7652 92.1258 113.932 14.4005 4.60466 234.201 36.0842 72.068 25.4947 53.702 155.711 87.1263 52.8808 183.328 30.746 65.224 56.6149 50.9897 119.09 43.0951 148.881 158.125 19.6327 102.021 238.139 68.356 109.02 153.691 97.2477 37.7343 27.7665 28.2441 107.562 133.153 146.031 111.913 31.928 28.7048 268.163 30.2806 140.632 42.4953 57.1702 93.5938 33.5689 86.5999 26.8969 64.6676 40.874 151.804 118.438 195.852 171.483 93.8797 136.204 102.312 48.3005 24.7565 106.417 159.924 82.8968 237.855 59.1426 58.6569 157.73 187.731 26.1871 28.637 135.765 109.533 261.791 12.7973 270.779 27.8021 19.561 48.5078 62.7896 88.8273 41.3319 101.515 135.348 88.7519 65.5814 74.4057 118.986 16.7842 56.7646 130.003 5.94355 26.8639 195.041 26.9684 121.136 99.9587 169.868 26.9064 44.6857 23.446 25.7329 206.089 32.1987 63.4973 287.379 1.426 81.0099 173.347 246.406 122.318 123.056 40.1655 79.6677 11.5164 70.5719 42.7977 128.591 43.9413 204.206 42.4734 169.291 67.0179 60.1975 38.8388 47.7017 122.454 153.506 106.176 39.3292 89.268 
68.9888 89.9287 69.9684 48.0193 105.818 142.528 108.64 169.669 72.8625 36.021 44.3803 51.9871 60.7231 26.4384 38.1348 114.28 140.427 67.1932 80.1188 82.761 86.6613 127.584 67.2798 71.6582 23.9953 192.193 88.707 58.9115 110.817 65.5935 75.869 109.075 40.0742 57.1079 98.4813 54.5368 95.8767 71.4858 101.207 72.5288 129.094 149.352 119.993 186.044 38.373 72.916 35.264 69.4033 84.4938 166.003 91.6851 90.1047 137.889 4.90317 45.2509 100.034 79.3654 118.121 24.8622 56.8763 96.7935 71.8132 99.5253 49.6506 77.8647 37.3204 162.284 104.803 18.0106 175.462 117.26 22.3891 38.5041 131.915 160.026 127.933 92.0653 109.432 79.2586 93.1517 123.229 204.59 28.1079 100.22 136.592 69.2245 108.854 91.6437 88.5841 85.2385 114.16 57.4575 24.3683 42.8257 79.8306 127.86 97.5509 93.6796 114.211 91.048 91.0523 42.9094 23.5898 86.9368 32.2906 70.6735 110.643 98.3708 107.814 60.0441 46.1274 107.906 65.817 59.5098 124.463 197.746 79.5275 38.4651 124.121 106.434 23.0575 129.445 77.1621 69.8697 29.6866 55.9763 27.1508 74.7728 48.4684 149.509 44.8948 26.9551 25.6775 50.1504 80.2266 128.92 173.173 148.221 7.09499 177.989 66.3809 130.966 53.5292 44.8324 70.6521 172.764 16.9307 88.4939 77.185 86.2335 42.3106 27.9626 62.4801 71.4243 31.5226 99.1315 41.0799 193.961 45.9325 58.7637 166.689 130.594 143.727 173.896 86.2488 145.856 52.2446 64.4847 66.6977 32.7897 51.7143 10.7412 118.393 60.5099 67.7741 53.298 32.0561 171.735 101.998 86.6581 108.828 32.8873 77.5392 143.726 30.6599 117.058 53.0635 66.1221 40.8121 59.9637 85.3117 28.5599 165.487 77.5109 54.524 83.4482 166.343 38.5373 102.156 203.87 57.994 37.6382 57.1572 41.5203 40.013 56.9406 154.371 76.1804 27.8095 10.8736 181.923 24.5496 103.891 22.9603 37.7101 82.6989 24.5997 56.7355 30.4184 126.797 25.9154 69.3745 76.9176 140.651 102.195 140.991 153.748 44.2405 22.7638 8.86472 62.9778 123.597 73.9124 144.521 27.972 48.1735 105.965 83.0373 30.9871 34.6931 58.3544 186.665 156.361 30.2472 196.268 40.6945 92.3975 114.176 62.1472 51.9228 29.4131 105.403 123.601 107.694 41.2496 71.7845 169.059 49.4687 24.7909 71.1071 23.7298 54.3707 129.541 25.7732 72.2604 137.285 84.503 27.8938 4.89649 16.9153 48.379 146.443 22.0447 21.5186 201.634 39.7608 74.5948 119.564 154.044 140.38 117.362 69.2214 55.6951 8.70266 71.167 29.8215 165.39 51.3293 135.508 27.2133 117.927 38.8127 89.4164 13.3327 47.1244 43.2391 58.7313 28.0849 29.1967 54.6295 
144.784 208.264 144.99 99.9293 103.358 285.915 69.0559 33.4289 36.5543 85.1399 177.607 104.557 169.36 61.4873 70.309 233.968 279.566 2.96777 214.479 228.145 180.981 303.386 108.206 38.6205 33.3456 372.71 118.742 147.017 260.086 186.598 174.278 230.135 167.363 148.504 116.68 111.437 60.8151 92.7003 81.4355 182.099 273.452 145.952 286.395 386.229 119.923 213.555 30.4921 249.067 125.644 246.129 124.648 144.874 160.568 37.6609 161.698 187.54 165.859 199.22 62.4154 57.3881 192.206 219.585 153.073 82.537 202.743 58.8138 245.045 224.708 158.73 234.704 238.959 57.3878 168.348 297.756 255.388 55.9228 143.94 172.025 163.177 209.674 232.091 313.155 73.5467 205.365 167.633 12.58 223.186 230.227 207.711 160.804 23.8961 261.768 67.8846 96.6764 104.576 284.822 230.221 259.264 77.2506 138.354 141.865 74.3207 43.1574 163.498 160.652 256.178 31.7035 131.822 164.847 96.3938 102.193 233.653 49.7112 115.178 77.4859 401.115 280.614 113.773 132.056 156.636 116.531 171.278 154.654 94.5562 142.911 154.561 94.5956 183.035 199.547 16.0449 84.6258 188.965 60.4712 48.8418 107.06 188.806 275.048 312.945 40.0506 251.128 96.466 190.479 84.6912 37.8562 79.1705 249.918 43.8099 189.751 135.135 130.477 157.135 89.8467 111.903 70.5452 105.094 83.68 104.671 320.447 34.7059 80.6921 253.149 140.478 175.412 215.295 175.585 164.281 88.1184 216.401 88.3243 73.6014 222.16 57.4762 175.89 80.1147 46.6648 162.914 89.9655 103.417 278.344 255.969 275.452 15.0611 86.7962 306.811 39.068 26.2039 111.081 79.8693 175.958 106.123 33.3072 3.29201 231.932 77.9543 106.794 279.123 211.814 36.3554 147.21 401.988 118.265 88.2103 166.681 74.622 211.882 98.9928 220.122 32.5299 72.2266 36.0438 4.48413 20.9934 230.18 29.6207 197.844 105.14 95.2752 69.6795 52.0288 276.522 11.0635 140.87 161.174 104.332 106.362 304.574 231.333 93.3715 42.5298 27.2401 26.7814 142.834 130.242 240.196 136.533 111.125 27.6273 178.789 83.3467 75.1241 114.753 300.691 105.363 60.1044 52.8627 58.1071 205.717 262.422 231.549 128.202 80.1521 137.472 183.91 217.254 30.6921 92.22 326.812 125.351 53.181 215.105 68.2954 98.3702 262.694 40.6885 76.1555 202.963 121.996 56.118 80.3376 54.124 100.087 57.801 13.3035 146 266.264 102.399 140.018 212.193 168.717 271.313 278.958 167.393 74.6448 31.4445 148.465 41.6571 310.785 80.7496 190.509 100.8 70.3179 67.3176 241.285 34.0319 77.6187 129.594 118.949 130.222 18.9964 16.0256 
62.8551 105.729 44.9477 15.8028 177.003 156.967 202.841 282.097 142.798 48.6189 85.5946 26.9672 89.4751 12.7213 105.342 81.1738 213.945 111.558 38.8963 88.0582 184.702 139.318 144.187 117.641 27.2094 112.458 125.201 21.4756 79.3848 23.4232 82.7442 93.9297 83.3708 191.727 148.612 121.206 148.48 81.6703 185.678 75.8132 40.9645 232.433 128.144 54.8919 88.6013 178.444 55.6516 83.5769 208.389 235.298 198.83 124.041 212.068 24.1113 74.0123 58.1327 17.5708 109.362 5.7741 97.2535 146.958 31.5456 145.147 118.579 77.1991 77.7057 224.943 19.1993 82.4337 192.85 44.3055 12.8648 99.2717 70.3099 126.089 226.765 224.86 177.903 62.547 97.4628 171.598 159.52 91.0896 46.8331 207.652 121.364 92.1112 23.8782 184.051 180.373 196.997 87.8673 75.2734 6.63723 87.1656 190.045 66.4128 107.472 204.799 170.51 219.43 98.9253 61.8289 111.801 57.909 110.279 173.226 141.275 213.401 89.2907 52.7846 47.2372 140.162 94.7452 227.326 79.2792 60.5169 66.6018 180.993 176.677 43.591 192.033 48.5186 97.8806 135.429 102.19 49.939 70.8877 67.7112 254.786 55.6711 146.35 7.1971 101.051 141.437 117.038 243.294 33.9677 23.1187 152.838 52.3409 113.407 82.4866 98.8911 125.085 171.112 19.8749 110.152 59.3715 154.708 77.8055 15.6314 148.9 164.47 56.9099 196.266 87.9547 134.028 90.3865 85.6879 128.683 181.852 247.686 267.134 83.8317 191.863 144.443 159.267 107.617 12.2525 83.2455 22.9129 104.425 93.4899 122.936 27.9791 16.2388 272.847 22.9317 59.9607 10.9447 61.4862 181.064 55.3119 55.3109 202.266 19.1508 80.2307 81.9838 69.5193 136.24 47.6142 188.888 179.048 23.9234 96.2354 239.251 73.3881 139.237 116.468 97.5659 31.9042 21.921 39.3486 115.802 146.938 186.504 128.685 28.4205 30.7504 297.45 36.0193 132.514 45.1341 73.1877 116.789 48.5263 88.4471 36.1724 34.4678 46.8632 162.052 116.091 231.155 204.457 63.6256 176.391 110.326 51.531 30.0974 117.814 196.285 109.394 241.321 62.9669 53.3452 178.987 200.987 20.867 22.2019 162.198 134.06 282.522 19.3046 305.643 32.5692 26.2252 18.3666 63.8538 88.4501 56.4576 126.9 173.629 69.7935 76.9776 93.0059 88.0229 35.3653 60.976 130.446 8.11102 35.998 190.532 35.1013 127.528 125.416 182.577 37.3378 54.9862 32.9451 15.3367 236 37.5536 83.4418 287.533 15.2648 108.675 169.564 256.219 99.783 105.914 66.9147 79.6694 16.6381 59.9803 42.6729 100.801 57.6941 205.753 42.1993 197.354 68.5372 43.2523 44.8112 62.8145 147.873 176.462 118.756 46.0038 100.097 
97.9609 141.039 91.7677 56.2748 54.9089 207.48 79.1557 141.033 74.2832 58.8259 97.0392 64.3139 108.127 35.0583 57.9318 152.01 220.59 60.3369 112.692 60.5651 148.323 198.888 28.783 49.5801 12.9829 238.2 118.306 59.0356 157.523 77.018 42.9781 153.332 90.9828 95.9422 128.683 15.5133 62.5726 40.0246 64.1369 114.47 152.725 77.3786 186.408 213.695 79.4452 148.062 19.7676 127.522 67.3019 229.648 131.487 33.5651 180.161 18.7465 90.7769 121.149 83.3026 72.6147 26.6414 73.0902 151.774 95.2248 34.984 76.7277 55.5336 15.0137 224.584 111.813 53.6001 100.647 138.174 31.8163 34.5245 113.509 114.25 137.179 136.612 159.972 108.096 140.6 185.393 150.264 51.0724 123.09 180.827 62.5801 72.1642 96.9915 158.583 23.5982 97.452 114.381 19.5951 45.2498 46.7154 208.641 137.727 156.814 133.504 29.755 135.634 21.2653 18.0078 34.5404 68.4657 140.554 87.4666 131.899 161.667 86.5356 70.6018 96.8131 71.2277 93.4382 142.655 234.621 119.057 72.8897 62.2755 152.798 50.8333 174.408 60.3002 93.3285 48.1147 104.44 18.5356 51.3265 64.7895 137.867 65.6225 54.7936 32.162 64.1857 112.853 85.3127 244.965 152.058 20.7822 126.447 49.8435 90.7263 16.6058 46.4653 94.1507 105.888 27.7543 136.339 54.3679 126.979 88.9081 36.8602 100.228 76.7094 63.2941 69.1312 76.6093 149.337 33.7895 79.7836 123.916 67.3864 195.653 231.5 122.64 76.8677 59.9172 139.759 91.8495 41.2373 68.3118 25.3444 79.7992 82.432 79.5424 63.8176 33.8594 114.008 128.37 133.08 125.408 27.1477 70.3973 175.817 42.6523 115.167 63.3933 36.2332 44.7174 28.3525 63.7747 27.0326 88.4015 86.3211 48.8448 149.058 219.378 49.1082 42.3863 253.97 94.0757 55.2406 77.6367 24.711 109.907 87.6427 76.0795 56.77 44.2691 23.9282 165.8 14.1852 163.129 32.3777 73.8783 36.7333 20.7597 75.6304 13.9759 150.538 20.6281 118.185 122.976 85.942 62.5071 177.956 78.3925 76.7011 37.3236 9.03477 65.3519 55.2601 21.9851 216.799 68.2411 74.4024 86.1769 145.502 46.0382 46.5067 51.1985 141.776 182.609 23.4571 156.802 30.5262 90.9226 134.853 107.931 91.1143 7.12628 55.3349 47.6568 139.488 27.8986 34.9044 203.889 41.4309 43.3577 137.88 28.8955 41.6496 203.231 9.92233 94.5226 89.8972 124.261 10.3665 27.4561 8.06954 56.0523 109.296 14.9137 40.3724 268.483 40.5655 22.3065 176.659 201.5 181.274 175.525 46.2158 74.5972 6.27863 99.0629 40.5131 202.867 26.2685 187.469 54.3787 79.4182 59.839 126.002 20.6492 18.2826 47.0956 80.7163 75.9629 18.8282 51.2155 
99.9029 158.005 82.5576 40.5993 131.694 227.05 169.538 243.084 133.467 69.2746 123.761 53.0763 130.087 29.9582 107.685 141.284 276.194 99.4329 99.6334 57.1681 216.432 217.05 114.218 94.2808 14.1088 202.573 147.474 30.0998 150.191 55.1413 39.8386 153.293 118.349 193.947 167.979 94.8232 114.421 44.5965 149.278 123.165 111.049 166.538 201.895 147.746 111.991 217.007 41.0855 142.564 182.243 284.742 211.15 72.2304 238.064 29.5069 111.002 101.18 45.5312 36.7974 15.2324 104.358 189.786 79.3519 89.7494 126.764 44.7031 60.7299 275.029 62.8977 92.3522 100.628 102.423 29.0082 87.6648 33.6329 42.8556 218.869 234.747 211.358 104.443 151.1 224.154 64.6356 95.3407 98.8448 236.274 108.574 23.9187 54.3457 223.882 138.733 172.087 136.021 66.3943 24.2755 46.0908 256.105 129.5 173.755 206 125.848 230.262 80.7479 53.8753 59.1722 85.0924 169.233 144.97 165.915 238.712 109.17 78.3686 29.2696 132.92 119.617 225.617 177.052 115.474 92.419 122.987 205.548 63.9018 223.412 4.02617 115.793 129.006 136.159 40.0611 35.1696 78.4444 229.872 75.4738 141.515 24.6781 103.638 158.762 50.001 300.907 77.0298 30.0612 72.1467 25.1107 49.4585 52.9562 92.147 135.712 77.3614 31.0137 156.353 12.7068 177.5 112.477 31.6889 162.029 154.427 80.446 163.755 108.181 46.4423 76.302 100.966 54.4772 120.259 274.607 303.983 127.896 121.364 135.8 200.198 123.082 32.6762 90.6561 32.7993 43.1544 107.903 123.629 50.1358 22.3562 213.451 97.0044 128.61 81.5959 53.3485 162.378 136.198 61.1812 187.868 47.4331 47.213 77.0626 32.6976 111.701 43.4972 97.9076 169.982 15.2392 164.913 277.271 76.1282 82.8594 215.429 122.784 55.4319 65.126 12.975 154.36 153.491 100.487 106.522 47.3145 36.6449 266.917 25.8457 188.615 48.9299 96.5207 74.1274 41.6834 100.197 17.7422 108.218 40.0617 182.832 152.676 178.069 166.471 145.307 87.9161 122.675 57.6612 27.3296 111.348 137.424 66.7348 288.554 89.5928 81.5934 153.103 227.041 43.8945 42.2327 144.565 49.2644 283.62 1.14404 256.821 16.1519 39.6699 93.2639 115.351 117.041 41.1059 71.3957 104.969 124.994 63.1002 55.4242 164.963 21.5492 68.418 178.151 21.5635 6.39472 250.238 20.3347 136.999 52.6701 196.457 20.6182 57.5102 25.2511 39.6116 193.723 30.1602 83.7095 336.843 22.3183 64.94 216.232 280.334 166.468 179.841 32.4461 93.6384 13.643 98.1683 50.7022 173.241 27.3957 241.803 65.2645 157.542 81.4966 111.438 44.2796 35.2755 135.553 172.023 132.763 35.5177 90.8524 
90.5463 120.002 105.48 86.0903 217.48 154.801 193.305 229.988 92.6985 46.2554 128.024 81.998 102.33 48.3783 71.4266 163.768 114.119 80.4485 173.968 264.125 84.7177 185.028 183.103 118.759 50.5073 283.863 24.6327 151.064 185.88 180.64 216.986 148.412 121.357 160.438 8.61757 170.432 162.47 144.521 196.778 117.253 234.889 299.243 176.945 340.261 71.75 126.085 67.5621 192.935 214.083 62.5692 83.0516 220.937 7.54577 30.8204 113.502 145.204 159.975 263.772 61.768 17.8687 78.3557 201.973 242.468 59.3332 236.567 100.184 69.4206 214.998 158.248 355.683 202.431 44.4869 195.867 327.369 323.996 115.186 122.86 39.294 109.107 126.129 94.7162 396.859 69.2755 164.864 10.92 87.992 273.159 229.61 100.945 252.873 155.168 226.79 93.7373 94.3208 159.135 137.443 167.291 171.602 80.177 235.741 115.855 122.148 68.152 228.751 141.043 184.285 153.078 24.5638 63.9655 26.3699 57.8291 251.548 92.5088 43.5523 99.7796 335.967 254.525 68.1433 251.456 28.6557 100.698 23.9994 178.796 20.8803 170.52 85.9806 111.799 216.488 203.672 176.419 39.1916 214.728 51.4003 42.0545 22.5076 256.829 82.9925 308.152 30.8661 334.593 122.877 254.036 134.573 72.6841 23.4356 353.606 27.4286 98.9761 167.821 33.0939 109.302 84.6984 72.8257 122.393 68.1688 195.977 54.5416 386.636 86.5088 14.6747 319.45 260.614 32.0781 11.3539 104.499 290.187 127.306 135.275 8.28498 60.5651 230.696 49.2652 235.727 7.98977 48.8923 159.47 91.8983 289.976 253.052 203.066 260.123 51.7916 161.937 253.863 10.3199 123.883 93.7315 131.645 193.831 147.784 128.15 31.062 351.106 128.046 115.034 208.899 34.918 25.3656 235.103 307.258 47.4624 59.5018 147.204 97.6515 162.069 86.91 338.275 119.821 47.8999 23.596 208.202 45.2629 121.724 13.419 187.217 180.446 109.492 1.85914 73.9615 239.836 40.7138 78.5085 71.2978 258.493 222.332 243.392 341.582 58.99 22.9644 36.1905 69.76 268.678 194.712 64.5544 106.696 65.9265 150.341 104.546 63.5815 54.7749 173.684 368.06 113.232 69.7978 266.741 74.547 210.266 234.213 194.383 65.264 105.658 218.788 292.346 157.811 77.8821 152.29 260.014 139.48 32.226 129.024 64.8909 116.643 113.19 62.3496 26.0801 276.291 73.1179 77.1831 83.351 67.0548 87.1732 221.727 38.2755 157.461 50.3397 104.753 202.711 77.2513 29.3714 190.327 184.844 199.588 14.2786 36.9298 96.4542 8.81173 235.541 116.433 30.7932 73.7335 202.888 20.5914 196.417 39.8408 115.983 171.719 148.717 108.387 50.3583 70.1213 
97.1554 132.122 98.7936 67.9396 71.2375 193.078 52.2338 98.9957 33.9927 52.8292 93.494 72.2935 98.926 39.977 21.6284 160.006 180.115 40.1093 132.014 126.454 100.057 191.746 42.6117 43.5948 24.0633 261.844 93.3048 90.1731 167.95 110.288 100.91 154.462 86.7892 34.2872 95.7038 44.1383 64.3081 69.692 54.1481 113.186 184.515 109.342 181.033 262.541 62.0148 107.504 24.5355 138.38 23.5561 183.221 69.5788 89.4675 131.857 16.4817 88.2899 133.822 111.408 135.586 38.5525 47.802 124.049 127.713 93.5537 39.1316 115.012 24.5018 181.858 149.378 69.7813 175.334 164.078 35.898 74.1556 186.986 184.515 78.8045 62.2664 118.968 111.025 135.675 155.783 232.651 22.4995 140.83 134.402 37.6281 140.243 141.913 115.03 67.1189 62.7212 136.308 17.9233 62.638 79.3697 177.508 148.46 155.203 77.7754 68.3893 63.846 25.2148 8.97423 97.2866 81.8031 140.068 70.511 102.957 101.912 68.161 66.072 150.782 26.3717 74.0841 79.8556 276.085 156.122 63.9816 99.0483 110.364 59.1611 133.175 101.267 74.0308 40.245 87.1563 45.639 106.262 102.302 86.4604 57.9003 65.698 39.0578 33.2068 75.9812 140.181 198.525 208.571 18.9633 193.376 74.0352 143.483 49.4716 14.2123 60.6271 183.188 26.7525 123.147 92.8609 87.1429 84.1155 51.1571 54.4737 19.8783 57.3978 43.7812 56.6103 230.909 19.751 61.9099 189.342 108.192 131.648 171.015 118.944 127.075 3.74811 108.885 66.234 48.5348 111.367 28.793 130.199 61.284 45.6177 93.5449 52.6761 110.805 168.88 152.036 171.096 15.262 15.8832 206.615 27.7934 69.0213 75.3925 61.3948 84.0782 66.8798 53.0755 17.3968 166.13 23.8608 72.4208 158.196 169.993 27.7415 96.2968 280.33 73.5333 56.7583 99.0544 48.9323 102.756 38.7995 152.842 43.514 44.4218 16.85 111.997 18.3484 147.133 19.3033 98.1942 72.1906 45.3023 55.2164 33.0524 184.183 12.9495 71.905 102.212 89.5879 49.7301 204.178 158.735 44.2275 22.3818 6.57528 33.5849 94.4962 74.8555 160.666 69.0129 70.9511 60.0942 88.3152 51.1643 50.2287 19.0822 218.973 105.082 39.4705 126.033 45.0127 132.861 170.643 127.572 75.335 37.6989 100.861 116.53 149.784 20.6542 66.0469 229.998 74.1001 25.7556 119.138 40.3507 67.5707 169.468 25.464 60.2965 149.59 68.4376 32.1756 30.3457 25.4895 68.1843 89.9338 12.7932 62.0512 210.083 62.0564 79.3989 145.416 137.129 190.425 178.123 97.2814 58.37 15.0182 100.214 31.8707 221.467 54.4283 142.391 54.8993 70.3991 43.2529 148.069 6.23693 48.1121 28.6945 17.4415 48.7972 19.2345 27.6752 
35.7964 27.6279 52.8185 50.1877 195.996 51.8434 190.887 252.791 108.808 5.74149 46.8198 45.3613 20.0973 24.1907 67.58 79.549 31.7717 94.4151 84.3786 177.84 64.8555 51.2361 154.383 117.685 41.001 158.3 52.4645 94.7502 80.0624 105.632 154.452 61.3852 45.5723 134.298 69.3511 136.832 156.884 119.414 185.787 35.8611 135.332 268.009 51.1304 201.926 27.1678 61.8054 61.9523 80.1484 190.3 84.102 106.899 176.264 100.124 15.9138 38.1592 84.5039 100.586 200.274 37.6195 51.4194 21.973 110.96 196.547 63.5889 160.693 84.4478 78.9853 133.287 94.3644 290.862 117.918 20.5723 132.277 218.263 246.044 161.534 131.044 58.5311 49.6379 38.3365 32.5129 304.631 57.535 91.7007 93.3788 101.378 195.221 140.668 52.0932 205.224 171.937 112.404 73.9819 58.3102 130.774 7.72829 73.7655 51.4375 131.089 197.188 125.397 102.586 58.1276 174.58 71.2775 65.4799 163.718 58.4938 92.4189 26.9865 14.6706 167.055 103.88 17.8171 150.439 194.605 135.328 14.3937 220.516 65.3448 49.8528 79.7416 125.016 40.6217 125.431 17.3232 76.0059 148.999 122.203 210.135 13.7504 148.027 27.8592 60.5544 61.3022 202.176 76.4789 195.564 13.9842 265.069 95.8489 199.619 109.027 76.6738 62.6865 281.196 7.12703 20.2192 123.998 59.5984 36.6824 47.4878 74.9894 126.183 19.1046 186.589 24.5858 287.227 84.0943 34.0742 245.541 227.401 114.612 118.832 40.3956 249.923 115.326 54.9553 44.7037 32.5277 140.686 24.1929 184.402 38.5695 78.5907 93.3545 56.4022 282.39 140.217 91.84 152.124 54.2377 154.344 141.109 25.4529 157.323 53.5845 111.077 124.712 113.255 132.252 38.4901 284.567 133.899 78.2968 81.5477 105.513 42.5208 192.134 169.233 17.9297 22.8963 77.8318 73.0817 70.6988 86.7449 274.259 122.679 15.4566 12.8872 249.393 41.4474 20.7665 22.3262 103.815 152.078 72.9026 39.6224 57.3037 137.253 42.388 70.5721 11.8059 244.047 203.3 129.946 272.174 52.2479 22.9258 28.3691 87.6145 233.296 153.263 73.9748 45.9092 17.7068 162.08 88.5353 27.8978 26.307 147.584 276.37 181.59 48.9837 287.437 58.5296 134.556 134.28 92.5224 9.10031 77.4064 181.159 237.865 81.1597 74.8072 127.205 150.126 92.166 27.7619 29.893 37.2129 84.2215 23.7703 49.8996 66.4307 217.041 93.5921 58.1967 53.4132 47.1752 51.3951 228.493 37.4418 100.827 121.854 65.1461 156.937 39.5259 127.391 99.5288 66.878 138.153 33.053 24.9952 41.1846 16.7003 134.875 91.5952 78.4789 27.2009 198.46 21.2025 95.4627 33.4034 91.7151 135.8 131.742 70.6807 48.4464 81.1241 
73.6658 89.622 84.7239 66.636 149.342 131.657 130.074 173.316 61.5745 32.8719 72.1696 65.7968 64.6751 36.3772 27.9834 133.298 89.5284 62.9046 123.252 174.935 18.4426 136.936 113.935 85.6173 36.6777 233.32 52.9568 105.88 140.281 123.552 146.817 119.996 66.9702 68.4419 53.0823 104.901 118.81 106.076 132.113 84.2797 180.678 210.233 130.922 262.226 30.618 43.4908 47.7562 121.228 124.245 99.0935 29.4197 151.846 72.0493 14.7416 67.0401 120.779 120.228 190.72 43.5746 26.503 61.8903 136.218 165.705 15.5028 158.499 62.9235 100.97 160.524 89.24 261.733 158.628 32.1172 117.273 231.859 242.609 92.3956 42.2968 49.2695 89.181 97.3811 85.4756 301.441 25.4915 130.503 71.8752 65.1453 191.981 161.687 36.5505 157.728 114.329 137.443 52.5905 68.9243 117.744 97.3956 125.801 116.162 68.1596 152.707 38.2437 74.1686 39.0932 155.987 84.1011 110.348 118.06 56.9569 21.4064 33.6109 44.8842 181.403 55.1363 33.7703 78.5769 264.487 165.321 39.062 178.602 44.3204 59.5043 70.5763 129.02 42.2328 89.5405 46.7795 69.7239 146.695 127.373 136.024 35.8262 116.394 38.0469 24.5832 28.4001 192.287 106.978 229.548 15.4763 255.951 94.7979 192.241 90.7658 42.5475 28.616 261.344 19.0979 78.1312 123.004 27.4452 62.0253 56.2774 13.543 68.6737 38.4499 126.909 20.6329 291.87 56.3389 33.0685 243.7 187.28 57.3231 89.3963 87.2757 210.519 66.0012 56.6191 30.2175 45.9165 142.872 28.6304 176.748 30.3258 40.1679 106.889 62.5063 210.546 176.598 138.444 184.706 35.3125 94.316 196.234 10.5645 97.4661 72.7243 96.4582 118.617 102.966 95.7063 24.9797 254.275 70.5161 85.5254 133.459 96.494 18.0691 163.928 250.326 31.3861 44.9722 100.915 69.5529 83.785 29.2885 241.69 86.3769 33.8735 7.85869 166.884 32.8503 92.7216 6.72981 112.25 126.7 67.4939 28.3506 51.6005 182.055 28.3468 5.58005 52.9748 182.189 142.658 188.475 244.272 8.67533 0.939018 19.6945 49.7403 184.936 130.974 62.1812 59.5822 49.7649 111.01 12.108 44.9445 43.0067 96.8396 278.633 93.7451 50.4198 207.357 57.6929 152.535 173.419 123.408 38.4581 66.4011 158.609 201.92 128.555 52.0808 108.887 211.685 95.4295 4.12759 70.9705 44.3564 86.0779 89.1989 43.0201 31.103 206.137 21.6912 51.9647 44.1382 41.766 67.4548 164.631 26.9403 90.3873 118.32 72.8603 135.871 77.139 71.0626 159.823 138.397 135.306 32.4775 22.9078 78.4954 17.3819 196.839 82.9467 70.3417 44.2088 144.043 14.3429 138.72 18.3008 79.9197 92.2249 70.3358 41.1988 36.4726 49.9765 
52.3203 72.0055 49.0013 32.2654 142.504 120.048 154.898 224.526 104.601 31.1505 32.6595 36.3583 49.8441 16.0414 66.4788 82.2486 143.382 88.2602 39.8254 76.8503 114.251 95.9457 104.59 95.0699 26.4436 139.515 95.6429 39.8288 71.0378 35.6322 76.9612 80.8435 31.6233 115.824 112.219 86.1668 123.462 79.2143 143.342 50.6758 85.2796 193.379 88.8532 125.648 47.0669 98.6527 45.9881 26.6068 143.41 175.875 132.564 108.178 159.186 9.88709 30.727 74.2268 55.3288 118.151 15.6145 71.1072 98.6846 30.812 123.456 76.0472 71.7408 56.9864 169.164 71.2873 32.7413 190.962 80.2626 12.2341 58.6674 103.636 151.734 170.919 145.415 124.513 58.2333 71.401 121.017 193.75 54.2652 68.608 155.549 93.8368 101.955 58.3311 110.22 130.817 154.045 4.73291 48.1326 28.4821 86.6821 122.447 61.3832 62.5038 151.269 130.314 142.063 69.8404 41.7346 99.4352 6.57745 43.1093 142.081 107.037 142.3 64.2576 37.4468 82.6913 99.2188 63.2703 167.56 135.95 23.6783 35.348 155.249 124.352 5.6747 143.717 66.0123 74.8884 78.1464 57.0437 33.2847 69.3452 34.0018 198.881 41.2593 79.2907 15.1184 70.6322 99.1639 129.299 179.721 104.162 8.88547 174.996 63.2069 129.059 68.32 69.5644 89.4585 179.426 12.369 76.8129 71.9495 105.824 32.5452 12.1912 94.3119 113.808 27.1923 146.613 51.0585 175.768 67.5766 64.2031 157.363 159.514 177.001 198.978 68.2959 173.102 94.5983 82.4114 77.8468 20.4281 42.3172 3.92258 117.374 68.7787 90.3834 28.3787 20.4619 224.093 51.1236 37.5582 63.0609 46.6569 126.268 94.2598 38.749 155.85 35.431 75.4282 46.6521 65.6498 111.109 37.3931 182.847 123.317 43.1004 38.7313 182.689 52.1452 122.698 145.913 63.1349 25.4775 24.6105 41.6003 42.6305 93.347 174.931 102.386 18.4965 16.5151 236.494 30.7989 89.8992 30.8621 19.3235 101.52 30.2551 65.5544 33.8144 81.4766 36.1123 100.239 76.5132 187.307 152.454 91.9255 169.694 67.5269 32.5077 18.7428 87.5238 161.679 91.6481 165.475 18.7179 37.37 141.716 122.509 16.2494 23.4267 107.289 171.527 208.195 26.0404 251.122 38.9672 65.3626 69.9881 11.8235 52.76 40.5721 119.612 150.562 77.05 58.9267 84.3869 121.826 39.9182 37.1894 68.3993 12.12 48.1643 128.228 30.8062 91.8594 137.96 120.848 32.2981 26.199 22.6014 32.7198 191.697 29.8781 41.0856 219.115 26.288 91.1887 121.048 187.725 105.01 80.3617 65.1104 60.47 10.8385 52.7988 32.1418 123.121 55.979 150.907 15.585 158.27 45.8245 43.7996 27.3994 55.5624 91.9299 111.551 62.3913 37.9582 75.8074 
80.6321 104.119 85.2056 61.1459 100.794 157.225 87.1355 136.452 48.1431 40.4697 66.9205 63.8462 73.557 34.4229 12.3783 137.092 137.166 52.5925 111.787 124.145 65.8589 152.412 65.478 62.2303 27.3299 231.134 79.1383 84.1796 140.396 98.9326 104.284 128.944 61.2887 8.58977 82.5993 59.7129 87.4066 79.7808 86.8292 90.0104 165.489 146.61 144.309 237.852 39.6083 65.2382 33.5604 107.849 62.4816 151.292 52.8909 105.057 113.88 10.1437 64.8056 119.26 103.622 144.638 35.4279 42.3277 94.5993 111.017 113.054 25.3584 113.795 36.8088 150.286 138.165 55.4167 198.119 147.461 30.1895 70.7412 181.223 192.666 90.6768 42.4696 93.3779 94.0143 109.303 122.569 242.795 5.0214 124.702 114.69 52.1772 143.694 130.798 76.2481 91.8386 88.9009 107.687 24.3569 57.9667 89.6499 133.887 124.545 120.916 79.4396 94.5882 43.5725 40.6229 18.8899 108.477 64.1542 104.08 93.7179 86.951 75.2522 54.5666 52.615 145.328 39.271 55.9794 85.0396 247.56 131.967 45.654 126.745 87.5747 45.7724 111.989 101.044 62.7208 36.6099 61.0576 44.8282 106.273 90.02 113.992 46.6956 56.503 34.3487 30.7492 60.984 150.73 161.592 195.084 12.4253 205.746 77.4075 152.863 60.6653 26.7507 51.5759 200.739 20.8534 97.0752 96.0287 66.9541 60.2376 44.6312 33.981 40.2171 40.7746 79.541 36.8933 236.122 35.9449 51.7696 197.261 135.173 109.358 145.233 98.4192 154.293 26.3767 67.9226 54.5449 42.6063 98.5004 21.9048 139.112 51.0225 46.6011 83.5548 48.4428 153.772 148.584 125.218 154.301 24.8348 50.5837 183.175 22.5189 86.5342 67.4074 71.9815 77.1399 73.8264 72.9679 21.9144 188.854 42.216 70.3632 123.31 145.449 25.3813 115.022 246.922 54.1383 46.6831 85.2998 51.9685 69.2017 23.3883 176.125 63.3971 35.3275 9.37207 143.094 23.9054 114.901 15.2732 80.1251 89.0949 43.2356 46.8388 36.9106 164.928 20.2566 44.2424 77.4184 127.759 86.9776 178.953 179.238 25.2281 14.38 8.40738 42.9736 125.583 88.0436 123.394 49.6075 56.4875 85.1726 52.1474 42.3626 42.9583 43.5863 225.297 107.931 39.4766 166.116 47.1869 125.213 152.958 102.851 54.1448 41.1717 117.228 139.862 129.828 34.2233 78.7605 205.193 71.6023 14.9341 83.5955 35.8603 68.4376 129.876 29.9106 52.4423 160.972 50.1885 35.6189 22.7804 26.164 61.6052 124.746 18.9834 53.3753 178.393 57.6355 91.4185 115.252 118.729 165.191 145.209 97.7925 49.3394 14.6457 84.0368 26.6525 196.368 60.806 117.173 40.9593 102.546 32.2685 125.353 3.81364 55.6874 37.6241 20.7806 19.6734 26.5152 39.3846 
107.051 145.205 112.69 81.4637 111.664 204.433 77.972 96.8005 17.2578 57.3812 117.831 83.6262 112.922 47.7027 26.6823 180.271 178.843 32.5701 163.258 187.5 94.8705 214.561 90.7713 56.1525 33.3229 298.052 80.4618 120.902 195.322 147.827 149.653 171.596 110.155 70.7175 75.6544 90.5363 83.6973 95.0032 88.0525 129.519 221.917 162.116 203.348 316.948 70.8689 119.836 35.5642 176.233 87.523 164.012 43.7642 136.737 102.018 23.4222 108.805 151.828 139.173 186.212 50.8388 30.5486 123.13 169.554 145.731 31.153 168.69 50.2958 165.348 187.19 110.778 237.772 194.76 43.4216 126.503 253.127 241.122 34.2435 48.3328 103.418 123.824 149.975 154.244 298.919 33.5119 164.676 107.292 30.4005 196.819 187.84 116.715 134.099 59.2438 186.737 47.1037 80.095 106.743 185.649 173.619 181.585 33.0378 125.089 48.3486 59.1846 30.1894 147.807 113.867 174.286 73.7307 88.0649 78.5792 61.9611 71.8116 199.554 14.0308 71.8958 29.0142 326.218 210.932 73.3024 143.803 91.6287 81.8971 111.428 136.071 64.3268 92.3086 96.6608 74.1464 154.481 151.105 64.9643 58.7992 127.93 47.8826 12.6354 57.0462 184.301 183.216 263.377 25.4529 247.096 93.4526 185.833 79.3886 16.3007 39.7497 245.811 30.5276 130.719 124.163 70.5835 103.85 69.2809 46.1587 28.9272 68.395 79.9121 59.6432 297.411 33.7964 53.0721 241.975 153.407 94.7463 136.088 128.868 177.06 45.7295 127.474 52.7377 58.3004 167.73 39.9507 170.671 50.1211 18.4386 127.853 72.3253 144.55 218.482 189.745 221.441 18.2474 54.9273 245.985 19.7534 41.5573 89.9228 84.0391 133.406 97.8991 60.8533 12.224 231.064 27.583 93.1905 197.281 142.489 12.8481 144.126 320.582 72.2158 64.989 128.234 68.4636 136.485 35.812 217.733 52.6243 51.5044 19.8648 87.9012 25.1881 157.404 12.6452 142.946 107.254 73.3928 43.3297 48.4795 223.662 15.5277 66.5615 103.942 128.111 98.1082 241.144 224.839 42.4974 19.5253 18.056 14.0128 147.609 118.918 142.361 91.4593 78.4809 62.2919 85.1263 62.098 57.8392 75.7293 281.572 42.7697 53.0246 129.414 56.6316 172.782 211.687 168.168 80.4872 65.0377 140.477 177.651 169.834 33.2099 94.461 264.768 104.3 24.861 136.828 53.7433 89.0184 170.87 38.6556 37.8396 197.589 46.8855 49.7332 53.3406 42.8539 81.9382 103.96 17.5683 104.351 179.331 83.6353 125.819 139.95 95.6198 212.087 203.513 141.746 50.0288 24.486 111.286 27.7546 249.978 77.3379 120.88 68.8688 95.0553 38.4568 183.59 17.0863 72.8643 83.8511 56.3484 70.6463 25.5574 20.3262 
131.197 207.051 112.156 60.3923 129.84 289.744 175.661 243.515 144.637 89.8936 171.35 73.2934 172.969 43.6216 127.791 189.091 343.407 101.134 151.656 112.949 265.037 288.45 128.8 91.6923 9.84322 272.304 172.084 68.7001 208.96 104.439 73.5461 202.761 163.428 235.147 192.89 112.152 106.947 29.2965 153.335 166.678 166.454 156.7 269.216 223.976 144.333 275.219 38.8226 208.068 207.719 337.863 246.405 74.5607 272.956 39.9571 153.64 134.511 79.446 36.7851 31.1705 118.314 235.923 137.147 91.7684 150.282 93.7504 68.0247 327.431 110.541 135.245 60.8069 148.523 42.5826 128.413 113.055 25.373 235.514 276.254 252.419 138.454 199.111 277.571 27.9504 116.15 139.177 272.675 112.358 68.6646 113.527 279.037 161.154 175.491 207.22 81.3303 46.5675 26.6073 325.535 181.577 238.005 227.042 137.625 271.082 92.6493 62.7086 72.5358 128.993 236.808 140.261 193.691 282.612 131.109 101.953 87.6936 147.437 147.599 247.744 254.11 190.784 121.945 110.652 243.164 95.7386 260.441 44.9222 135.339 164.852 176.322 62.2493 78.1998 132.321 236.923 94.1651 189.48 38.3069 117.649 185.47 9.88272 361.287 143.154 41.0869 11.2771 10.2616 0.931733 56.0618 102.431 155.625 34.9848 41.6886 200.361 23.7607 210.419 154.262 55.7466 193.61 173.585 108.114 173.675 136.126 53.6986 80.737 118.337 24.9515 103.495 317.567 351.334 165.602 98.2428 158.375 259.01 143.629 48.5391 150.125 48.5288 6.76289 125.865 136.52 93.9468 46.5903 203.062 167.318 193.001 149.912 55.6928 181.84 199.029 71.1089 197.113 69.6312 34.1702 122.146 37.5249 108.008 44.8486 70.2729 191.735 36.4811 237.29 321.161 86.1415 78.0967 292.042 152.237 75.5579 107.816 18.081 212.455 181.972 82.1845 105.795 64.7499 46.6202 271.231 23.0753 242.832 56.9216 150.642 67.5275 64.9878 115.727 19.0445 166.241 41.1943 221.814 191.675 172.471 177.957 208.695 71.9774 148.865 69.4139 33.6854 119.976 133.637 75.0865 347.061 126.742 107.5 153.748 276.717 64.0755 58.1701 169.871 43.353 312.687 17.0304 248.45 6.30816 88.7585 151.835 177.037 149.665 56.0918 53.1537 103.174 168.223 65.2914 46.0772 224.759 54.8166 83.2598 234.439 39.5051 21.5072 312.924 20.5712 156.157 13.3345 230.61 26.9181 78.9264 36.9425 59.2711 188.131 29.8753 121.676 392.281 49.4315 76.9224 264.622 320.109 218.826 244.249 70.8466 109.31 21.0999 129.734 59.5779 229.253 23.9605 284.445 91.9239 154.561 98.388 170.209 53.5004 36.8605 166.303 204.217 169.308 33.5501 95.7323 
