60 
300 
181 1410
325 1897
240 1568
279 1741
46 822
25 623
125 1146
271 1842
235 1753
138 1364
122 1280
107 1143
33 706
389 2045
133 1252
343 1989
356 2044
320 1866
38 697
112 1160
48 770
166 1454
256 1679
189 1444
222 1523
169 1419
117 1121
222 1609
99 1095
143 1217
35 611
222 1569
397 2174
348 2028
92 994
238 1597
58 776
312 1939
220 1647
279 1810
330 2022
35 672
245 1693
197 1540
322 1944
30 610
202 1514
281 1724
102 1083
327 1995
76 882
235 1584
340 1959
153 1239
320 1950
71 972
268 1848
371 2066
53 741
76 927
18 25 30 27 6 26 5 18 24 7 28 5 6 29 25 22 24 28 9 33 19 15 5 26 7 29 28 29 32 16 9 18 24 31 5 18 11 28 19 21 22 26 16 23 9 20 13 18 15 32 24 23 33 11 21 28 21 21 26 23 13 17 5 23 5 6 32 10 33 5 7 11 18 21 30 12 10 7 10 18 14 20 6 31 23 19 22 13 18 31 19 16 32 6 9 5 6 12 24 15 16 24 27 13 14 29 24 5 24 10 34 28 7 28 21 29 31 12 25 7 5 27 12 11 15 12 5 17 6 28 32 12 22 7 6 27 23 29 14 23 22 31 7 10 10 8 34 8 21 11 16 30 16 7 30 20 18 33 9 28 20 33 30 23 18 17 5 8 14 27 10 21 9 28 34 11 24 15 19 13 21 32 6 27 12 22 22 30 27 32 20 14 19 28 25 13 28 6 18 22 29 27 10 6 34 33 25 17 31 14 14 11 34 19 27 18 16 29 33 21 5 24 21 28 34 21 18 8 23 24 5 11 21 18 18 15 11 22 30 27 32 28 20 21 8 9 31 16 25 20 5 18 11 29 33 34 20 16 15 17 20 34 18 21 32 14 34 17 19 11 32 34 24 17 22 25 17 29 27 29 6 33 28 33 23 17 14 13 9 12 23 32 16 25 13 30 22 6 15 16 
22 26 30 27 6 26 10 23 26 9 31 11 8 32 28 25 27 29 12 35 22 18 7 27 10 34 33 29 34 21 15 21 28 32 10 21 16 32 23 24 27 30 20 27 14 25 19 19 18 35 25 25 34 17 26 31 22 25 32 26 18 21 8 28 6 9 33 12 39 6 8 13 22 22 32 15 15 12 11 21 15 22 11 36 26 21 26 16 20 34 21 19 36 8 11 10 7 16 27 18 20 26 30 17 19 34 25 9 28 15 38 34 7 33 27 29 34 18 30 7 11 32 14 12 20 15 10 22 6 30 36 16 27 7 8 29 23 31 19 23 26 32 9 10 11 12 38 12 23 12 21 31 20 12 35 25 20 35 10 29 21 38 36 26 19 22 6 10 14 30 11 25 13 30 37 16 28 18 22 16 22 35 10 32 13 26 26 32 28 36 25 17 22 31 30 14 30 9 24 27 33 31 15 9 38 35 27 21 36 16 20 17 39 22 33 18 18 31 34 24 10 28 22 28 39 25 20 11 25 25 10 13 21 23 23 18 16 22 35 31 37 28 25 23 14 15 36 16 31 22 9 18 15 30 34 39 25 19 20 18 25 40 19 24 33 20 37 22 25 16 37 38 29 20 27 28 20 34 31 30 11 39 33 34 26 19 19 16 13 15 29 35 18 29 16 35 27 11 18 20 
3 2 1 2 0 1 3 4 3 1 3 5 1 2 1 3 1 2 3 3 1 2 1 2 3 3 6 2 4 6 4 4 4 1 6 3 4 6 3 2 4 4 3 5 3 4 5 0 4 5 2 0 0 4 4 2 1 2 5 2 4 3 2 4 0 4 1 2 5 2 1 1 3 2 4 3 4 4 2 2 0 0 4 3 4 0 3 4 1 4 1 3 4 2 2 3 1 2 4 5 6 1 3 2 3 5 2 2 5 5 2 5 2 3 4 1 4 5 3 1 6 4 1 2 4 2 4 5 2 1 4 2 5 0 2 2 1 3 3 1 4 2 2 1 2 5 5 3 1 0 4 1 3 4 4 5 3 0 3 1 2 3 6 2 2 4 0 0 0 2 0 2 6 1 3 4 4 2 4 1 0 3 4 4 0 3 2 1 2 6 5 2 3 3 5 1 3 4 6 3 5 5 3 2 4 3 1 4 4 1 5 5 3 5 4 2 3 2 2 4 4 3 0 0 4 3 2 2 0 0 4 3 0 6 6 1 4 1 4 5 4 1 3 2 5 6 3 2 6 1 4 2 4 2 0 3 4 4 4 1 4 4 3 2 2 5 4 5 6 5 4 3 4 4 6 4 2 3 5 3 3 4 6 0 4 4 3 3 4 4 6 2 3 4 2 3 5 5 2 5 
1 6 6 6 5 5 1 3 6 4 1 1 4 2 3 2 2 6 8 4 4 2 4 4 8 0 9 6 7 9 5 9 4 5 10 7 2 8 4 2 2 5 1 9 1 2 2 4 5 8 6 3 3 3 0 3 4 2 2 1 5 1 4 0 5 6 4 7 2 5 5 5 5 7 8 8 4 2 4 2 5 4 2 5 8 4 2 5 1 6 5 3 4 3 3 0 6 1 8 9 8 5 8 2 1 10 6 2 6 10 3 4 6 4 4 5 8 1 0 5 3 0 6 6 2 2 0 10 5 6 4 3 4 5 7 7 5 8 3 6 8 4 3 6 7 9 10 2 4 4 1 4 3 3 1 10 6 4 7 4 5 5 4 5 7 1 5 3 3 1 4 4 9 3 8 4 8 4 7 2 5 8 8 0 3 1 2 4 5 8 4 6 2 7 4 5 8 7 3 4 9 6 5 5 4 7 4 5 0 4 2 2 0 8 4 6 8 5 6 8 1 1 4 5 8 8 7 3 3 5 0 8 5 9 10 3 3 5 3 8 2 5 1 3 2 3 5 6 3 4 6 5 8 7 4 0 5 9 1 6 3 3 7 2 4 2 6 4 2 9 6 0 3 9 10 6 5 2 6 7 1 3 8 4 4 8 1 3 9 7 3 1 7 4 4 4 9 10 4 6 
4 1 0 0 0 0 5 5 2 2 3 6 1 3 3 3 3 2 3 2 3 3 3 1 3 4 5 0 2 5 6 3 4 1 5 3 5 4 3 3 5 4 4 4 5 5 6 1 3 3 0 2 1 6 5 3 0 4 5 3 5 4 3 5 1 3 1 2 6 1 1 2 4 1 2 3 5 5 1 3 1 2 4 5 3 2 4 3 2 3 2 3 4 2 2 4 1 3 4 3 4 2 3 4 5 5 0 4 4 5 4 5 0 5 6 0 3 6 5 0 6 5 2 0 5 3 5 5 0 2 4 4 5 0 2 2 0 2 5 0 4 1 1 0 2 4 4 4 2 1 5 1 4 5 5 5 1 2 1 1 1 5 6 3 1 5 1 2 0 3 1 4 4 2 3 6 5 3 2 3 2 3 4 5 1 4 4 3 1 4 5 3 3 3 4 1 3 3 6 5 3 4 5 3 4 2 2 3 5 2 5 6 4 3 6 0 2 2 0 3 5 4 1 0 5 4 2 2 2 1 5 2 0 5 5 3 5 0 5 4 5 0 5 2 6 6 5 0 6 3 3 0 4 1 1 5 6 4 5 1 5 6 1 3 1 6 3 5 6 5 5 4 5 4 5 3 3 5 4 1 5 6 5 2 3 2 5 3 4 3 6 3 2 4 3 5 5 5 3 3 
60 77 90 81 21 80 22 62 74 26 89 22 21 92 80 71 77 87 31 101 62 50 19 81 25 94 87 86 96 51 35 56 77 96 20 59 41 86 62 67 72 82 55 74 34 68 46 57 48 97 73 73 102 41 70 90 66 69 85 73 47 57 20 76 18 21 98 33 107 17 24 37 60 65 91 40 37 27 32 59 45 64 24 100 72 61 73 42 58 96 61 53 101 22 31 22 21 42 76 46 50 76 84 45 49 93 73 21 76 35 108 90 23 91 71 90 96 43 82 21 22 88 39 34 53 41 23 57 18 88 101 42 72 24 21 83 67 88 49 71 71 95 24 30 32 29 106 31 68 36 54 93 55 29 96 66 54 103 26 87 62 106 97 74 54 58 18 28 44 85 33 69 29 89 106 41 78 51 59 44 67 99 23 88 39 72 72 95 83 99 65 47 62 89 80 41 87 20 62 73 88 85 37 23 106 98 80 55 100 45 49 41 109 59 89 53 51 90 100 66 21 78 67 85 108 68 57 28 73 75 22 36 66 57 59 50 41 64 98 83 104 86 67 66 31 35 100 47 83 65 19 54 38 87 102 109 68 51 52 54 68 110 56 68 97 49 105 57 65 38 103 109 79 54 71 77 55 94 85 86 25 107 87 103 72 53 49 43 32 38 76 101 49 80 44 97 72 23 50 51 
75 104 123 109 27 106 26 79 97 33 113 24 26 119 104 89 100 117 43 131 81 62 25 105 34 120 116 118 131 68 44 78 97 128 29 79 50 115 77 84 91 104 69 100 41 86 56 76 60 131 98 95 136 51 88 117 86 89 107 93 59 72 26 97 24 25 127 45 136 21 32 49 79 89 125 54 47 31 39 75 60 84 27 131 98 80 93 52 74 125 81 65 129 26 38 24 28 51 103 64 67 101 114 57 61 125 99 25 97 48 141 114 31 119 91 119 130 52 105 29 23 113 53 47 66 52 25 77 26 117 129 54 90 31 30 113 94 121 62 95 96 123 27 43 45 40 143 37 88 47 67 122 70 34 123 89 73 135 39 114 81 139 123 98 76 71 24 35 57 109 44 90 41 116 142 51 104 65 78 55 88 134 31 112 52 92 92 125 109 131 81 62 78 119 101 56 118 26 76 95 120 109 47 29 136 135 104 68 127 61 59 48 140 79 115 75 70 117 134 90 23 99 88 115 144 91 77 33 95 100 24 50 87 76 80 64 50 89 126 111 134 115 85 83 35 40 131 66 104 85 20 73 51 120 135 140 87 71 66 72 87 143 76 86 128 60 136 70 80 52 136 140 103 75 97 101 74 121 109 119 28 139 115 136 92 73 61 53 44 50 95 130 69 101 57 126 96 32 66 65 
26 28 32 31 10 31 12 25 30 12 36 15 12 36 31 30 30 30 10 39 22 22 7 32 8 37 35 32 36 23 16 19 33 33 6 20 18 35 27 28 31 34 24 24 17 28 23 20 23 38 29 28 36 19 30 34 26 28 36 30 19 25 9 32 9 13 37 12 43 10 9 12 22 23 31 13 16 16 15 25 18 25 15 36 24 22 29 20 24 38 21 24 40 13 15 13 9 20 25 20 23 26 26 20 22 30 28 12 32 11 41 38 11 35 29 34 32 22 33 11 15 36 13 15 23 18 14 18 9 31 40 18 32 11 8 27 25 30 20 27 24 37 13 12 12 8 34 15 26 16 25 35 22 15 39 21 23 38 12 33 26 39 40 25 20 26 9 13 18 34 12 27 15 33 35 18 26 20 25 19 25 31 7 36 15 30 29 34 32 39 29 16 27 30 34 14 27 12 29 29 34 35 16 11 42 36 30 25 40 15 24 21 42 25 34 19 17 35 38 22 14 32 25 30 36 23 20 15 28 26 14 12 25 25 19 21 18 24 38 34 40 32 28 28 18 20 37 19 36 25 13 22 13 30 38 42 27 17 23 20 27 41 20 28 37 24 41 27 30 12 38 42 30 17 23 32 19 37 35 30 15 40 36 36 31 19 21 20 10 18 33 39 18 34 17 37 23 7 19 23 
2 3 3 3 2 3 2 2 5 1 3 4 2 2 0 3 0 3 4 4 1 3 1 3 4 2 8 3 5 8 3 6 5 1 6 3 2 7 4 3 4 5 2 5 2 2 5 0 5 6 3 1 0 3 3 0 2 1 5 2 2 2 1 3 2 6 3 3 5 3 1 1 2 4 5 4 2 4 3 1 1 0 4 2 5 0 1 5 1 5 1 3 4 2 2 2 3 2 5 7 7 1 4 1 2 6 4 0 6 6 1 5 3 2 3 2 5 4 2 3 5 3 2 4 2 1 3 6 3 2 4 1 6 2 3 4 3 5 2 3 5 3 3 3 4 6 6 1 0 1 3 2 1 2 4 6 4 1 5 2 3 2 6 2 4 4 1 1 1 3 1 1 7 0 4 3 5 0 5 1 1 4 4 3 0 2 1 1 3 7 5 2 3 4 5 2 4 5 5 2 7 6 2 1 5 5 0 5 4 1 5 5 2 6 3 3 4 3 3 5 3 2 1 2 5 4 3 3 1 1 3 4 2 8 7 0 2 3 2 7 2 3 2 3 5 6 2 4 5 1 5 3 4 4 1 2 2 6 2 2 2 2 4 3 3 4 5 5 5 6 3 2 2 6 6 5 1 2 6 4 3 2 7 1 4 5 1 3 5 6 6 2 4 5 1 2 5 6 1 6 
0 6 5 5 4 4 2 4 5 4 0 0 3 1 3 1 2 6 8 3 5 2 5 4 8 0 9 5 7 9 6 8 3 5 10 7 3 8 3 1 1 4 2 9 1 3 1 4 5 7 5 3 3 4 0 4 4 3 2 0 5 1 5 1 5 5 3 6 1 4 5 5 5 6 8 7 4 1 3 2 4 3 1 5 8 4 2 4 0 5 5 2 3 2 2 1 6 1 8 8 8 5 8 2 1 10 6 2 5 9 3 3 5 4 4 4 8 1 1 4 2 0 5 6 2 2 1 10 5 5 3 4 3 4 7 7 5 7 4 5 8 3 2 5 7 9 9 2 4 4 0 4 3 3 0 10 5 3 6 4 4 5 3 6 6 0 4 3 2 0 4 4 9 3 7 5 8 4 6 2 4 8 8 0 3 1 2 4 4 7 3 6 1 7 3 5 7 6 2 4 8 5 5 5 3 7 4 4 0 4 1 1 0 7 5 6 7 4 5 8 0 0 4 4 8 8 6 2 3 5 0 7 4 9 10 3 4 5 3 7 2 5 1 2 2 2 5 5 2 4 5 4 8 6 4 1 5 9 2 5 4 4 7 2 4 1 5 3 2 9 6 0 4 9 10 5 5 2 5 6 0 4 7 4 3 8 2 2 8 6 2 0 7 3 4 4 9 9 4 6 
21 31 35 31 11 31 11 26 27 13 29 8 10 32 30 22 29 35 18 34 26 18 12 29 16 33 34 33 37 22 18 26 23 37 16 27 18 33 20 22 24 28 21 33 14 27 15 24 17 37 29 28 38 19 25 34 25 27 27 25 21 21 12 28 11 9 34 17 36 9 13 18 26 28 38 21 18 9 12 22 20 25 8 39 31 25 27 15 20 34 26 18 33 10 12 9 13 16 33 21 21 31 36 19 19 40 29 10 27 21 40 28 12 36 29 34 40 15 30 11 6 31 19 16 21 17 10 28 10 35 33 19 22 12 14 35 27 36 21 28 32 33 8 15 17 18 44 13 27 16 19 34 23 14 32 31 22 38 14 32 24 41 31 31 24 20 11 13 17 28 16 28 16 33 43 19 34 21 23 17 27 40 15 31 17 26 27 37 31 37 20 22 21 37 25 19 36 10 20 30 36 29 18 13 34 38 31 19 33 20 15 14 38 24 35 23 24 32 38 30 8 28 27 33 44 30 25 10 28 30 9 19 26 24 29 21 18 26 37 32 38 33 25 22 9 11 39 21 27 26 7 21 21 35 38 38 28 25 21 23 27 42 25 24 34 16 36 17 22 21 41 38 32 26 33 27 24 35 29 35 9 40 33 39 23 25 19 15 19 16 24 34 23 25 20 37 32 17 22 19 
19 28 32 30 8 28 7 22 27 9 29 8 7 30 26 23 25 31 14 35 22 16 8 28 12 31 35 32 36 23 14 24 27 33 12 23 14 34 21 22 24 30 18 29 11 23 16 20 19 37 27 24 34 15 23 30 22 23 29 23 17 18 8 25 7 10 33 14 36 7 9 14 22 25 35 17 14 9 11 18 16 21 8 35 28 21 24 16 17 35 22 18 35 6 9 7 9 13 30 21 22 27 32 15 16 36 27 6 28 17 36 32 10 31 25 31 36 15 27 9 9 29 15 14 18 13 8 24 8 31 35 15 26 9 10 31 25 34 17 26 28 32 8 13 14 14 41 10 22 12 18 31 18 10 32 27 21 34 13 29 22 37 34 26 22 19 7 9 14 28 12 23 16 29 39 15 30 17 23 13 23 37 11 29 13 23 23 32 29 38 23 18 20 33 28 15 33 10 22 26 35 31 14 9 37 37 27 21 34 16 17 14 36 24 31 21 21 31 36 26 7 25 22 30 40 26 22 9 23 26 7 16 23 25 25 16 14 24 33 33 35 30 22 23 12 13 35 19 29 22 9 20 17 33 34 36 24 22 18 20 23 38 22 22 34 17 38 21 23 18 36 36 28 23 29 29 20 31 31 33 8 37 34 35 26 22 16 14 15 17 27 32 20 28 16 33 29 13 18 20 
19 28 33 30 8 28 8 22 27 9 29 8 7 29 26 23 25 32 14 35 22 16 8 27 12 31 35 32 36 23 14 24 27 33 13 23 14 34 21 22 24 29 18 29 11 23 16 20 18 37 27 24 34 15 23 30 22 23 29 23 17 18 8 25 7 10 33 14 36 7 10 14 22 25 35 17 14 9 11 18 16 21 8 35 28 21 24 16 17 35 22 17 34 6 9 7 9 13 30 21 22 27 32 15 16 36 27 6 28 17 36 32 10 32 25 31 37 15 27 9 9 29 15 14 18 13 8 24 8 31 34 15 26 9 10 31 25 34 17 26 28 32 8 13 14 15 41 10 23 12 18 31 19 10 32 27 21 34 13 29 22 37 34 27 22 19 7 9 14 28 12 24 16 29 39 15 30 17 23 13 23 37 12 29 13 23 23 32 29 38 23 18 20 33 28 16 33 10 22 26 35 31 14 9 37 37 27 20 33 16 17 14 36 24 31 21 21 31 36 26 7 25 23 30 40 26 22 9 24 26 7 16 23 25 26 16 14 24 33 33 35 30 22 22 11 13 35 19 29 22 9 20 17 33 34 36 24 22 18 20 24 38 22 22 34 17 37 20 23 18 37 36 28 23 30 29 20 31 31 33 8 37 34 35 26 22 16 14 15 17 27 32 21 28 16 33 29 13 18 20 
77 103 122 108 27 106 27 80 97 33 115 26 27 121 105 91 101 116 42 133 82 64 25 106 34 122 114 116 129 66 45 76 99 128 27 78 52 113 79 87 93 106 70 99 43 88 58 76 61 128 98 96 136 52 90 118 87 90 109 95 60 73 26 99 24 25 129 44 138 22 32 49 79 88 123 53 48 33 41 77 60 84 29 131 97 81 94 53 75 125 81 67 131 28 39 26 28 53 102 62 65 101 113 58 62 123 98 26 97 47 142 117 30 120 92 119 129 54 107 28 26 115 53 46 67 53 27 75 24 117 131 55 92 31 29 112 92 119 63 94 95 124 29 42 44 39 142 38 89 47 69 122 71 36 125 88 71 136 36 114 81 140 125 98 74 73 24 36 58 111 44 90 38 117 142 52 103 66 76 57 88 133 30 114 52 94 94 125 110 129 84 62 80 118 103 56 117 24 78 96 118 110 48 30 138 133 105 70 130 61 61 50 142 77 116 73 68 118 133 89 25 101 88 115 143 90 76 35 96 100 26 49 87 74 79 65 52 87 128 109 135 114 87 85 37 42 132 64 106 85 22 72 51 118 136 142 88 69 67 72 88 144 75 88 128 62 137 72 82 51 136 142 104 73 95 100 74 123 110 117 30 140 114 136 94 72 63 55 43 48 98 132 67 103 58 127 95 31 66 65 
3 4 3 4 3 4 1 1 6 1 4 5 3 3 1 4 1 3 4 5 0 4 0 4 4 3 9 4 6 9 2 6 6 1 6 3 1 8 5 4 5 6 2 5 1 2 6 0 6 7 4 2 0 2 4 0 3 1 6 3 1 3 0 3 2 7 4 4 5 4 1 1 1 4 6 4 1 5 4 2 2 1 5 1 5 0 2 6 2 6 1 5 5 3 3 2 3 3 5 8 8 1 4 1 2 6 5 1 7 6 1 7 4 1 2 3 5 5 2 4 6 4 2 5 2 1 3 6 4 2 6 0 7 3 4 4 4 5 1 4 4 4 4 3 4 5 6 2 1 2 4 4 0 2 4 6 5 2 5 3 5 1 7 1 5 4 2 2 2 4 1 0 8 1 4 1 4 0 6 2 2 4 4 4 0 3 2 1 4 8 6 2 4 4 6 2 4 7 6 1 8 7 1 1 6 6 1 6 5 0 5 5 2 7 2 4 5 4 4 5 4 3 2 2 4 4 3 4 2 1 4 4 3 9 6 1 1 4 2 8 2 4 2 5 6 6 1 5 6 1 6 4 4 4 2 3 1 6 2 3 1 1 5 4 4 5 6 6 6 6 2 2 1 6 6 7 1 2 7 5 4 2 8 0 6 6 1 4 5 7 7 3 5 6 0 1 5 6 0 7 
23 26 31 30 7 28 9 22 29 8 32 11 9 33 27 27 27 29 11 37 19 19 5 29 9 34 35 31 36 23 13 21 30 30 9 19 15 34 24 25 28 32 20 26 13 24 20 17 21 37 27 25 33 16 26 30 23 24 33 27 16 21 6 28 6 12 35 11 40 8 6 11 20 22 33 14 13 13 13 21 15 22 12 34 25 19 26 18 21 36 19 21 37 9 12 9 7 16 26 20 22 24 29 16 18 33 27 8 30 14 37 35 9 32 25 31 34 19 29 9 12 32 12 14 19 15 10 21 8 28 38 15 29 9 7 28 24 31 17 25 24 34 10 11 11 11 38 12 22 13 21 33 19 11 36 24 22 35 12 30 23 36 37 23 20 23 6 10 16 31 9 23 15 30 35 15 26 17 24 16 22 34 8 32 12 26 25 31 30 39 26 15 23 29 31 12 30 11 25 26 34 33 13 7 40 36 26 23 37 13 21 18 38 25 31 20 18 33 36 23 10 28 22 28 37 23 19 12 25 23 10 13 22 25 22 17 15 24 34 33 37 30 25 25 15 16 34 18 32 21 11 21 13 31 34 39 24 19 20 17 24 38 20 25 35 21 39 24 26 14 35 38 27 20 26 30 17 33 33 31 11 37 35 32 28 20 18 17 12 17 30 36 18 31 14 33 25 9 16 22 
1 4 4 4 3 3 1 3 4 2 1 2 2 0 1 1 0 4 6 3 3 1 3 3 6 1 8 4 6 8 4 7 4 3 8 5 2 7 3 1 2 4 0 7 1 2 3 2 5 6 4 1 1 3 1 2 3 1 3 0 4 0 3 1 3 5 2 5 3 3 3 3 4 5 6 6 3 2 2 0 3 2 2 4 6 2 1 4 0 5 3 2 3 1 1 0 4 0 6 7 7 3 6 1 1 8 4 1 5 8 1 4 4 3 3 3 6 3 1 3 4 1 4 4 2 0 1 8 4 4 3 2 4 3 5 5 3 6 2 4 6 3 2 4 5 7 8 1 2 2 2 3 2 2 2 8 5 2 5 3 3 4 4 4 5 2 3 1 1 1 2 2 8 1 6 3 6 2 5 0 3 6 6 1 1 0 0 3 3 7 4 4 1 6 4 3 6 5 4 3 7 5 3 3 4 6 2 4 2 2 3 3 0 6 3 4 6 3 4 6 2 0 2 3 7 6 5 2 1 3 1 6 3 8 8 1 2 4 2 7 2 4 1 3 3 4 4 4 4 2 5 4 6 5 2 1 4 7 1 4 3 3 5 1 3 3 5 4 3 7 4 0 3 7 8 5 3 1 5 5 1 3 7 2 4 6 1 2 7 6 4 0 6 4 3 2 7 8 3 5 
9 4 3 5 6 6 8 7 8 6 9 11 7 9 7 9 7 4 2 8 4 8 2 7 2 9 8 5 5 8 7 3 10 3 0 3 8 8 9 8 10 9 9 1 8 8 11 2 9 7 6 6 4 9 10 7 6 8 11 8 7 9 4 10 5 9 7 3 11 7 3 2 4 4 2 2 7 10 7 8 5 6 10 6 2 4 8 9 7 8 3 9 10 8 8 9 4 9 1 7 8 3 0 8 9 0 5 7 9 0 7 11 6 7 8 6 2 11 9 5 12 10 2 5 8 7 10 0 5 4 10 7 11 6 3 1 3 2 7 5 2 7 7 3 3 1 1 8 6 6 10 7 7 9 10 0 6 6 5 6 7 6 12 3 3 10 5 6 6 9 3 7 7 6 2 7 2 6 7 8 5 0 2 10 4 9 8 5 7 9 10 2 9 2 10 3 0 8 12 7 6 9 7 5 10 5 6 9 11 2 11 11 9 8 7 2 3 7 6 2 10 9 6 3 2 2 3 8 7 3 10 2 5 8 0 7 8 4 8 8 9 6 9 8 11 12 7 4 12 6 9 6 2 3 6 9 7 2 9 4 8 8 4 8 6 11 9 11 12 0 6 9 7 2 0 8 2 9 10 3 10 8 9 4 9 3 8 9 1 8 12 8 4 10 4 7 1 0 4 9 
5 4 2 1 3 2 7 8 0 5 3 6 3 4 5 3 5 5 7 0 6 3 6 2 6 6 3 1 1 3 9 5 2 4 8 7 8 2 2 2 5 1 6 7 6 8 5 5 1 1 2 4 4 8 5 6 3 6 4 3 8 5 6 6 4 0 0 5 6 2 5 6 7 4 4 6 8 4 0 5 4 5 4 8 5 5 6 0 3 0 5 3 2 4 3 6 4 5 7 3 2 6 6 6 6 8 2 6 1 8 6 4 2 8 8 3 6 6 6 1 5 6 5 2 7 5 7 8 1 5 2 7 4 3 5 5 1 4 8 3 8 0 1 3 5 7 7 6 5 4 5 2 7 8 5 8 0 4 1 3 1 8 4 6 3 5 4 4 2 3 4 7 3 5 6 8 8 6 0 5 5 6 7 6 4 6 6 6 2 2 3 6 4 7 3 4 5 0 5 8 3 1 8 6 1 2 5 1 5 5 5 6 6 1 9 2 5 2 2 6 5 5 4 3 8 7 5 3 4 4 6 5 4 3 8 6 8 0 8 1 7 3 6 1 4 5 8 1 5 6 1 0 7 3 4 6 8 6 7 5 8 8 4 3 0 5 0 4 6 8 8 6 8 6 8 0 6 7 1 2 5 8 2 5 1 4 6 3 8 0 5 3 4 3 6 7 8 8 6 0 
77 105 125 114 29 110 22 72 104 31 118 26 29 121 103 94 99 117 41 139 77 66 20 110 33 121 123 122 136 75 36 79 104 127 27 76 45 122 83 90 94 113 68 98 38 81 59 72 68 137 102 96 134 46 89 114 89 87 112 97 52 73 20 97 24 33 134 45 139 26 31 45 72 90 127 53 40 35 46 76 60 83 31 125 98 78 91 60 76 133 78 71 136 29 41 23 29 53 101 69 74 98 113 55 60 122 103 23 105 46 138 120 34 113 85 121 130 55 103 34 28 113 51 51 62 51 24 74 30 116 136 49 97 33 29 113 97 122 56 98 92 130 34 45 45 38 143 35 87 48 70 126 66 30 126 86 79 136 43 118 87 132 129 94 78 74 24 36 60 114 42 86 46 115 141 44 100 62 84 56 88 133 28 113 50 92 91 123 114 138 88 58 82 116 108 55 117 33 80 89 125 117 40 26 144 139 103 76 130 56 63 51 139 85 108 78 70 123 138 90 26 101 88 116 140 88 77 38 96 99 25 50 89 83 79 63 46 94 122 118 131 118 84 91 40 44 124 70 108 83 29 78 49 122 136 140 80 71 63 72 81 136 78 90 134 63 144 76 84 50 128 139 95 75 94 109 68 119 117 122 29 133 123 134 100 75 58 58 41 57 100 133 71 108 52 121 93 30 60 73 
21 27 31 27 7 26 10 24 25 10 30 10 7 32 28 24 27 31 14 34 23 17 8 26 11 33 32 29 34 20 15 22 27 33 12 22 16 32 21 23 26 29 20 29 14 26 18 20 17 35 24 25 35 17 25 32 21 25 30 25 19 20 9 28 7 8 32 13 38 5 9 14 23 23 33 16 16 11 10 21 16 22 10 36 27 22 26 15 19 33 22 18 35 8 11 9 8 15 29 18 20 27 31 17 18 35 25 9 27 16 38 32 7 33 27 30 35 17 30 7 10 32 15 12 20 15 10 23 6 31 35 17 26 8 9 30 23 32 19 24 28 31 7 11 13 14 39 12 24 12 20 30 20 12 34 27 19 35 10 28 20 39 35 27 20 21 7 10 14 29 12 25 13 31 38 17 30 19 21 16 23 36 11 31 14 26 26 33 27 36 23 18 22 33 28 15 32 8 23 28 32 30 16 10 37 35 28 19 35 17 18 16 38 22 33 19 19 29 33 25 9 27 23 29 40 26 21 10 25 26 9 15 22 22 24 18 16 22 35 30 37 28 25 22 13 14 37 17 30 23 7 18 16 31 34 38 26 21 20 19 26 40 20 23 32 19 36 21 24 17 38 38 30 22 28 27 21 34 30 31 10 39 32 35 25 20 19 15 15 14 28 34 19 28 17 35 28 12 19 18 
55 79 93 83 21 80 19 59 74 25 84 18 19 88 78 66 74 89 33 99 61 45 19 79 27 89 90 90 100 54 33 60 73 97 24 60 38 89 57 62 67 80 51 77 30 65 42 58 47 100 75 71 102 39 65 88 65 67 80 69 45 53 20 72 18 21 96 35 102 17 25 38 60 68 96 42 35 22 30 56 45 63 19 99 75 61 69 41 54 95 61 48 97 19 28 18 22 37 79 50 53 77 87 42 45 95 75 18 75 38 106 86 24 89 69 89 99 39 78 23 17 84 41 36 49 38 19 59 20 88 97 40 68 23 23 86 71 92 47 72 73 93 21 33 35 32 110 27 66 35 50 92 52 26 91 69 57 101 31 86 62 105 93 74 58 53 18 26 42 81 33 67 33 87 108 39 79 49 60 41 66 102 25 83 39 68 69 94 83 101 62 47 57 90 77 43 90 21 57 71 93 83 36 22 103 103 78 53 95 46 44 36 105 61 87 57 54 88 102 69 17 74 66 87 110 70 59 24 71 75 17 39 66 60 63 48 38 68 95 86 100 87 63 63 26 30 99 51 78 64 17 56 40 91 101 105 66 55 49 55 65 108 59 63 97 44 104 53 60 41 102 105 77 58 75 78 56 91 83 91 20 104 89 103 70 57 45 39 34 40 72 96 53 76 43 95 74 26 50 51 
8 3 2 3 4 4 8 8 6 5 7 10 6 7 6 7 7 3 2 6 4 7 3 5 2 8 6 3 3 6 8 0 8 2 2 3 8 6 8 7 9 7 8 2 8 8 10 2 7 5 4 5 4 9 9 6 5 7 10 7 7 8 4 9 4 7 5 2 10 5 2 2 5 2 0 2 7 9 5 7 4 5 9 6 1 3 8 7 6 6 3 7 8 7 6 8 3 8 2 4 6 3 0 7 8 2 3 7 7 2 7 10 4 7 8 4 0 10 8 3 10 9 2 4 8 7 9 2 3 4 8 7 9 4 2 0 1 0 7 3 3 5 6 1 2 2 0 8 5 5 9 5 7 8 9 3 4 5 3 5 5 7 10 3 1 9 4 5 4 7 3 6 5 6 2 7 3 6 5 7 4 0 3 9 4 8 7 5 5 6 9 3 8 3 8 2 0 6 10 8 4 7 7 5 8 2 5 7 9 2 10 10 8 6 8 0 1 6 4 1 9 8 5 2 3 3 2 7 6 2 9 1 4 6 2 6 8 2 8 6 9 4 9 6 10 10 7 2 10 5 7 3 3 1 5 9 8 0 9 3 8 8 2 7 5 10 7 9 11 2 6 8 7 0 2 6 3 8 8 0 9 8 7 3 7 1 8 7 3 6 10 7 2 8 5 7 3 2 5 7 
1 4 3 2 2 2 4 5 2 3 0 3 0 1 2 0 2 4 6 1 4 0 4 1 6 2 6 2 4 6 6 6 2 3 8 6 4 5 1 0 2 2 3 7 3 4 3 3 2 4 2 2 2 5 2 3 1 3 3 0 5 2 4 3 3 3 0 4 3 1 3 4 5 4 5 6 5 2 0 2 2 2 2 5 6 3 3 2 0 3 4 0 1 0 0 3 4 1 6 5 5 4 6 3 3 8 3 3 3 8 3 3 2 5 5 2 6 3 3 2 3 3 4 3 4 2 3 8 2 4 1 4 3 2 5 5 2 5 5 3 7 0 0 3 4 7 7 3 2 2 2 1 4 4 2 8 3 2 3 1 2 5 3 5 4 2 3 2 0 0 3 4 6 2 6 5 7 3 3 1 3 6 6 2 2 2 2 3 1 5 2 5 0 6 2 3 5 3 3 5 5 3 5 4 2 4 3 2 2 3 2 3 3 4 6 3 5 1 2 6 2 2 2 2 7 6 4 0 2 3 2 5 2 6 8 3 4 2 4 5 4 2 3 0 3 3 5 3 3 3 2 2 6 4 2 2 5 6 4 3 5 5 4 0 1 3 2 2 3 7 6 2 5 6 8 3 4 3 3 4 2 5 5 3 1 5 3 0 7 4 3 0 5 2 4 4 7 8 4 3 
21 28 32 30 8 29 7 20 29 7 31 10 8 31 25 25 25 30 13 37 20 18 6 29 11 32 36 32 37 24 12 23 29 32 11 21 13 35 23 24 26 31 18 28 11 22 18 18 20 38 27 24 32 14 24 28 23 22 31 25 15 20 6 26 6 12 35 13 38 8 8 12 20 24 35 16 12 11 13 19 15 20 10 33 27 19 24 18 19 36 20 20 37 8 11 7 8 14 28 21 23 25 31 14 16 34 28 6 30 15 35 34 10 30 24 31 36 17 27 10 11 30 13 15 17 13 8 23 9 29 37 13 28 9 9 30 26 33 16 26 26 34 10 12 13 13 40 10 21 12 20 33 17 9 34 26 22 34 13 30 24 35 36 24 22 21 6 9 15 30 10 22 16 28 37 14 28 15 24 14 22 36 10 30 11 24 23 30 30 39 25 16 22 31 30 14 32 11 24 24 36 33 12 7 39 38 25 22 35 14 19 16 36 25 30 21 20 32 36 25 9 27 22 29 38 25 21 11 24 25 9 15 23 26 24 15 13 25 32 34 35 31 23 25 13 15 33 19 31 20 10 21 15 32 34 37 22 21 18 19 22 37 22 24 35 19 39 23 25 16 34 36 26 22 28 30 18 31 33 33 9 36 35 33 28 22 16 16 13 18 29 34 20 30 13 32 27 11 16 22 
2 3 3 3 2 2 2 3 4 1 2 3 2 1 0 2 0 3 5 3 2 2 2 2 5 2 8 3 5 8 4 6 4 2 7 4 2 7 3 2 3 5 1 6 1 2 4 1 4 6 3 0 0 3 2 1 2 1 4 1 3 1 2 2 2 5 2 4 4 3 2 2 3 4 5 5 3 3 2 0 2 1 3 3 5 1 1 4 0 5 2 3 3 1 1 1 3 1 5 6 7 2 5 1 2 7 4 0 5 7 1 5 3 3 3 2 5 4 2 3 5 2 3 4 2 0 2 7 3 2 4 2 5 2 4 4 3 5 2 3 5 2 2 3 4 6 7 1 1 1 3 2 1 2 3 7 4 1 4 2 3 3 5 3 4 3 2 1 1 2 1 2 7 0 5 3 5 1 5 0 2 5 5 2 0 1 1 2 3 7 4 3 2 5 4 2 5 5 5 3 7 5 3 2 4 5 1 4 3 1 4 4 1 6 3 4 5 3 3 5 2 1 1 2 6 5 3 2 0 2 2 5 2 8 7 0 2 3 2 6 2 3 2 3 4 5 3 4 5 1 5 3 5 4 1 2 3 6 2 3 3 3 4 2 3 4 4 5 4 6 4 1 3 6 7 5 2 2 5 4 2 3 7 1 4 5 1 2 6 5 5 1 5 4 2 2 6 7 2 5 
23 30 34 29 11 30 13 27 25 13 31 11 10 34 31 25 30 34 17 33 26 19 12 29 14 35 31 31 34 19 19 24 25 37 14 26 19 30 21 23 27 27 23 32 16 28 18 24 16 34 27 28 38 20 27 35 25 28 30 26 22 22 12 30 10 6 33 16 39 8 13 18 26 26 35 19 19 12 11 23 19 26 10 40 30 25 29 14 22 32 25 19 34 10 13 11 12 17 32 18 18 31 34 20 21 38 28 11 24 19 41 32 11 37 30 33 38 18 32 9 9 33 18 15 23 18 12 26 8 34 34 20 25 11 13 33 25 34 22 27 31 32 8 14 16 17 42 15 27 16 21 33 24 15 35 30 19 38 11 32 22 42 34 30 22 22 10 13 17 30 15 29 13 34 42 20 33 22 21 18 27 39 14 33 17 28 28 37 30 34 22 21 23 36 27 18 35 7 23 31 33 27 19 13 35 36 31 18 36 20 18 17 40 21 36 21 22 31 36 28 10 29 26 32 43 29 24 11 28 29 11 18 26 21 27 21 19 23 38 29 40 32 27 22 12 14 40 18 30 27 6 19 20 33 38 40 29 23 23 23 29 43 23 25 33 19 35 20 25 20 41 40 33 24 31 24 24 36 28 32 12 42 30 39 23 23 21 16 18 13 27 36 21 27 20 38 31 15 22 16 
22 27 32 30 8 29 8 21 29 7 32 11 9 33 27 26 26 30 12 37 19 19 5 30 10 33 36 32 37 24 12 23 30 31 10 20 14 35 24 25 27 32 19 27 12 23 19 17 21 38 28 25 32 15 25 29 24 23 32 26 15 21 5 27 6 12 35 12 39 8 7 11 19 24 34 15 12 12 13 20 15 21 11 32 27 18 25 19 20 37 19 21 38 9 12 8 8 16 27 21 23 24 30 15 17 33 28 7 31 14 36 35 10 30 24 31 35 18 28 10 12 32 12 15 18 14 9 21 9 29 38 14 29 9 8 29 25 33 16 26 25 35 11 12 13 12 39 11 22 13 21 33 18 10 35 24 23 35 13 31 24 35 37 23 21 22 6 10 16 31 10 22 16 29 36 13 27 16 25 15 22 35 9 32 11 26 25 30 31 40 26 15 23 30 31 13 31 12 25 24 36 34 12 6 40 38 26 23 36 13 20 17 37 26 30 21 19 33 37 25 10 28 22 29 37 23 20 12 25 24 10 14 23 26 23 16 14 25 33 34 35 31 24 25 15 16 33 19 32 20 11 22 14 32 35 38 22 20 18 18 23 37 21 25 36 20 40 24 26 15 34 37 26 21 27 31 17 32 34 33 10 36 36 32 28 21 17 17 12 18 30 35 20 31 13 32 26 10 15 22 
7 4 3 1 5 4 9 10 3 7 6 9 5 7 7 6 7 5 7 3 7 6 7 4 6 8 0 2 0 1 10 4 5 5 7 7 10 1 5 5 7 4 8 7 9 10 8 6 4 1 3 6 6 10 8 8 5 8 7 6 10 8 8 9 6 3 3 5 9 4 5 6 8 4 3 6 10 7 3 7 5 6 7 9 5 6 8 3 6 3 6 6 5 6 6 8 5 7 6 0 1 7 5 8 9 8 3 8 3 7 8 7 4 10 10 5 5 9 9 2 8 9 6 3 10 7 9 8 2 6 5 9 7 5 6 4 0 3 9 4 8 3 4 3 5 7 5 8 7 5 8 4 9 10 8 8 0 6 0 4 4 9 7 7 2 8 6 6 4 5 5 8 0 7 6 10 8 8 2 7 6 5 7 8 6 8 8 7 4 1 6 7 6 7 6 5 5 2 8 10 0 4 10 8 4 0 7 4 8 6 8 9 8 1 10 0 5 4 3 5 8 8 6 4 8 7 5 5 6 5 9 5 5 0 7 7 10 0 10 1 9 4 9 3 7 8 10 1 8 7 4 1 7 2 6 8 10 5 9 5 10 10 4 6 2 8 3 7 9 7 10 8 10 5 7 1 7 9 4 0 8 10 1 6 4 4 9 5 8 2 8 6 4 6 7 9 8 7 8 3 
27 28 33 31 11 31 13 25 31 12 36 15 13 37 31 30 31 31 11 40 23 23 8 32 8 38 35 33 36 24 16 20 33 33 5 20 19 35 28 29 32 35 24 24 17 28 24 20 23 39 29 29 37 20 30 34 27 28 37 31 20 25 9 32 9 14 38 13 44 11 9 13 22 24 31 14 17 17 16 25 19 26 15 37 25 22 30 21 25 39 22 24 41 13 16 13 9 20 25 21 23 27 26 21 23 30 29 12 33 10 41 39 12 35 29 34 32 23 34 11 16 37 14 16 23 19 14 18 10 32 41 19 32 12 8 27 25 30 21 27 24 37 14 12 13 8 35 16 27 16 25 36 23 15 40 21 23 39 13 34 26 39 41 26 20 27 10 14 19 35 13 27 15 34 36 18 26 21 26 20 26 31 8 36 16 30 30 35 33 40 30 16 27 30 35 15 28 13 29 29 35 36 17 11 43 37 30 25 41 16 24 22 42 26 34 20 18 36 38 22 14 33 26 31 36 23 21 16 29 26 15 13 26 25 18 22 19 25 38 34 41 33 29 28 19 20 37 20 36 25 13 23 13 31 38 43 27 17 24 21 28 41 21 29 38 25 42 27 30 11 38 42 31 18 22 32 19 37 36 31 15 41 36 36 31 19 22 21 11 19 34 39 19 34 17 37 23 6 19 24 
24 28 31 27 9 29 13 26 26 12 33 13 10 35 31 27 30 32 14 36 24 20 10 29 11 36 30 29 31 18 18 21 29 34 11 23 19 30 24 25 29 30 23 28 17 28 21 22 19 33 26 28 37 20 28 34 24 28 33 28 21 24 11 31 9 9 34 13 41 8 11 16 25 24 31 16 18 14 12 24 18 25 13 38 26 23 29 16 23 34 23 21 37 11 14 12 9 18 29 15 18 29 31 20 22 35 26 11 28 16 41 35 9 36 30 32 34 20 33 7 13 35 16 13 23 18 13 23 6 32 37 19 28 10 10 30 22 30 22 25 28 33 10 11 13 13 38 15 26 15 23 33 23 15 37 26 18 38 8 31 23 41 37 28 18 24 9 13 17 32 14 28 10 33 39 19 30 21 21 19 25 35 11 34 16 29 29 35 30 34 26 19 25 33 30 16 31 8 26 30 29 31 18 12 38 32 30 21 38 18 21 19 41 21 36 17 19 32 35 24 12 31 25 30 40 26 22 13 28 27 13 14 24 20 24 21 19 20 38 29 40 30 28 24 15 17 39 16 33 25 9 18 17 30 37 41 28 19 23 21 28 43 20 26 34 22 37 23 27 16 40 41 32 21 28 27 22 37 31 28 13 42 31 37 27 19 22 18 15 14 31 37 18 30 19 38 28 12 21 19 
96 127 150 135 33 133 32 98 123 40 145 33 34 151 130 115 126 143 49 168 100 80 29 133 38 152 143 145 160 83 53 92 125 158 30 94 63 143 100 110 117 135 87 119 52 108 73 93 79 162 122 119 169 64 112 146 108 112 137 120 73 92 30 123 28 34 163 53 173 28 38 59 96 107 150 63 58 42 53 96 73 105 37 162 117 99 117 69 95 159 99 85 165 35 50 32 33 66 124 76 83 124 138 72 77 150 121 31 124 55 177 147 37 148 113 148 157 68 132 35 33 143 63 56 83 66 33 90 30 144 165 67 117 38 33 137 113 145 77 117 115 158 38 50 52 44 173 47 110 59 87 153 87 43 157 105 91 169 45 143 103 172 158 119 89 92 29 44 73 140 53 111 47 145 174 63 125 81 97 70 109 162 35 142 64 117 116 155 138 163 106 74 101 144 131 67 142 33 98 118 146 139 57 35 175 164 130 90 163 73 78 63 177 98 143 88 82 148 167 107 32 127 109 142 175 109 93 45 119 122 33 57 108 93 95 81 63 109 158 138 168 142 108 109 48 53 162 80 133 105 29 91 60 145 169 177 108 82 83 88 108 178 91 110 162 78 174 92 104 59 167 177 128 88 115 128 89 153 140 143 37 173 144 169 119 86 77 70 50 63 123 165 81 131 70 157 115 35 80 84 
6 0 0 2 2 2 6 6 4 3 5 7 3 5 4 5 4 0 1 4 2 5 1 3 1 6 6 1 3 6 6 2 6 0 3 2 6 5 6 5 7 6 6 2 6 6 8 1 5 4 2 3 1 6 6 4 3 5 8 5 5 6 2 7 2 5 3 0 8 3 0 1 3 0 1 1 5 7 3 4 2 3 6 4 1 1 5 5 4 5 1 5 6 4 4 6 0 5 1 4 6 1 1 5 6 3 2 4 6 3 5 8 2 5 6 2 1 8 6 1 8 7 0 2 6 4 7 3 1 1 6 4 7 2 0 0 0 1 5 1 2 3 4 0 0 2 2 5 3 3 6 3 5 6 7 3 3 3 2 3 3 5 8 2 1 7 2 3 2 5 0 4 5 3 1 5 3 4 4 4 2 1 2 6 1 6 5 3 3 6 7 1 5 2 7 0 0 4 8 5 4 6 5 3 6 2 3 6 7 1 7 8 6 5 6 0 0 4 2 1 6 6 2 0 3 2 0 5 3 0 7 0 2 6 3 4 6 1 6 5 6 2 6 4 8 8 5 1 8 3 6 2 2 0 2 6 5 2 6 1 6 6 1 5 3 8 5 7 8 2 5 6 5 2 3 5 1 6 6 1 6 6 6 1 5 1 5 5 2 5 8 4 1 6 3 5 3 3 3 5 
2 7 6 5 5 5 4 6 5 5 0 1 3 2 4 0 4 7 9 3 6 2 6 4 9 2 8 5 7 8 7 9 1 6 11 8 5 7 2 0 0 4 3 10 3 5 0 5 4 7 5 4 5 6 2 5 5 4 0 0 7 2 6 2 6 5 3 7 0 4 6 6 7 7 8 8 6 0 3 3 5 5 0 7 9 5 4 4 1 5 6 2 2 3 3 2 7 2 9 8 7 6 9 4 3 11 6 4 5 11 5 1 5 6 6 5 9 0 2 5 1 2 7 6 4 4 3 11 5 6 2 5 2 5 8 8 5 8 5 6 9 3 2 6 7 10 10 4 5 4 1 4 5 5 1 11 5 4 6 4 4 7 1 7 7 1 5 4 3 0 5 5 8 4 8 6 9 5 6 3 6 8 9 2 5 2 3 6 4 7 2 7 2 9 2 6 8 6 0 6 8 4 7 6 2 7 5 4 0 6 0 0 2 6 6 6 8 4 5 9 1 2 5 5 10 9 7 2 4 6 2 8 5 8 11 4 5 5 5 7 4 5 3 2 0 0 7 6 0 6 4 5 9 7 5 2 7 9 4 6 6 6 7 2 3 0 4 1 0 10 8 2 6 9 11 4 7 4 4 7 1 5 7 5 2 8 3 2 10 6 1 1 8 2 6 6 10 10 6 5 
3 2 1 0 1 0 5 6 1 3 2 5 1 3 3 2 3 3 5 1 4 2 4 0 4 4 4 0 2 4 7 4 3 2 7 5 6 3 2 2 4 2 4 6 5 6 5 3 2 2 0 2 2 6 4 4 1 4 4 2 6 4 4 5 2 2 0 3 5 0 2 4 5 2 3 4 6 4 0 3 2 2 4 6 4 3 4 2 2 2 3 2 3 2 2 4 2 3 5 3 3 4 4 4 5 6 1 4 3 6 4 4 0 6 6 1 4 5 5 0 5 5 3 1 5 3 5 6 0 3 3 5 4 1 3 3 0 3 5 1 6 0 0 1 3 6 5 4 3 1 4 0 5 6 4 7 1 2 1 0 0 6 5 4 2 4 2 2 0 2 2 4 4 3 4 6 6 4 2 3 2 4 5 4 2 4 4 3 0 3 3 4 3 5 3 2 4 2 5 6 3 3 6 4 2 2 3 2 4 3 5 5 4 3 6 1 3 0 0 4 4 4 2 1 6 5 3 2 2 2 5 4 1 4 6 3 6 0 6 3 5 1 5 1 5 5 6 1 5 3 2 0 5 2 2 4 6 5 5 2 6 6 2 2 0 5 2 4 5 6 6 4 6 5 7 2 4 5 3 2 4 6 4 3 2 3 5 2 6 2 5 2 3 3 4 5 6 6 4 2 
36 54 63 57 14 55 13 40 51 17 56 12 13 58 51 44 49 60 24 68 41 30 13 54 20 59 63 61 69 39 23 43 50 65 18 41 25 62 40 42 45 55 34 53 20 43 28 39 33 69 51 47 68 26 43 59 44 44 54 45 31 35 14 48 13 16 65 25 69 12 17 26 40 47 66 30 24 15 21 37 31 42 13 67 52 41 46 29 35 66 42 33 66 12 18 11 16 24 54 36 38 52 60 28 30 66 52 12 52 28 70 59 17 60 46 60 68 26 52 17 13 56 28 26 33 25 12 42 15 60 66 27 47 16 17 59 49 63 32 49 51 63 15 23 25 23 75 18 44 24 33 62 35 17 61 48 40 68 22 58 43 71 63 50 41 35 13 18 28 54 23 45 25 58 74 27 55 33 42 27 45 70 18 55 26 45 45 63 56 70 43 33 38 62 53 29 62 16 39 48 64 58 24 15 71 71 52 37 64 31 30 25 69 43 59 40 38 60 69 48 11 49 44 59 75 48 41 17 47 51 12 28 45 43 44 32 26 47 63 60 67 59 42 43 19 21 67 36 53 43 13 39 28 62 68 69 45 39 33 38 44 72 41 42 66 30 71 37 41 30 69 69 52 41 52 54 38 60 58 63 13 70 62 69 48 40 30 27 25 29 49 63 37 52 29 64 51 20 34 36 
6 1 0 2 2 3 6 6 4 3 6 8 4 6 4 6 5 1 2 4 3 5 2 4 1 7 5 1 2 5 6 1 6 1 3 2 7 5 6 5 7 6 6 2 6 7 8 1 5 4 2 4 2 7 7 4 3 6 8 5 6 6 3 7 2 5 3 0 8 3 1 2 4 0 0 1 6 7 3 5 2 3 7 5 0 2 6 5 4 5 2 6 6 5 5 6 1 6 2 4 5 2 1 6 7 3 2 5 6 3 5 8 2 6 7 3 1 8 7 1 8 7 1 2 7 5 7 3 1 2 6 5 8 2 1 0 0 0 6 2 3 3 4 0 0 2 2 6 4 3 7 3 5 7 7 3 3 3 2 3 4 5 8 2 0 7 2 4 2 5 1 5 4 4 1 6 3 4 4 5 3 0 2 7 2 6 6 3 3 5 7 2 6 2 7 0 0 4 9 6 4 6 6 4 6 2 4 6 8 1 8 8 6 5 6 0 0 4 3 0 7 6 3 0 3 2 1 5 4 1 7 0 2 5 3 5 6 0 7 5 7 2 7 4 8 9 6 1 9 3 6 2 2 0 3 7 6 1 7 2 6 6 0 5 3 8 5 8 9 2 5 6 6 1 3 5 2 7 6 0 7 7 6 2 5 0 6 5 3 4 8 5 0 7 3 6 3 3 3 5 
56 78 92 83 19 80 18 58 75 23 85 18 19 88 76 68 73 87 32 101 59 46 17 79 26 89 91 89 100 55 32 59 75 95 22 58 36 90 59 64 68 82 50 75 29 63 43 56 49 101 74 69 100 37 65 86 64 65 82 70 43 52 18 72 17 22 97 34 103 17 23 36 58 66 95 41 34 24 31 54 43 61 20 97 74 59 68 42 54 97 59 50 99 18 27 17 21 37 77 51 54 75 86 41 44 94 75 16 76 37 104 88 23 87 67 88 98 39 77 23 19 84 39 36 48 37 18 58 20 87 99 39 70 22 22 85 71 91 45 71 72 94 22 32 34 30 108 26 64 34 50 91 50 24 92 67 57 99 31 85 62 103 94 72 58 54 17 24 42 82 31 65 33 85 107 37 78 47 61 39 65 101 23 83 37 68 67 92 83 102 64 46 58 89 79 41 89 22 58 70 93 85 34 20 105 103 76 55 96 44 45 37 104 62 85 57 52 89 101 68 17 74 64 85 108 68 57 25 69 74 18 37 64 61 61 46 36 68 93 86 99 86 62 65 28 31 97 51 79 62 19 56 38 90 100 104 64 54 48 53 64 106 58 64 98 45 105 55 61 39 100 104 76 57 73 79 54 90 85 91 20 103 90 101 72 56 44 41 33 40 73 96 52 78 41 93 72 25 48 52 
2 5 4 5 3 4 0 1 6 2 3 3 3 2 1 3 1 5 6 4 2 3 2 4 6 1 9 5 7 9 3 7 5 3 8 5 1 8 4 3 3 6 0 7 0 1 4 2 6 7 5 2 2 2 2 1 4 0 4 2 3 1 2 1 3 6 4 5 4 4 3 3 3 5 7 6 2 3 4 1 3 2 3 3 7 2 0 6 1 6 3 4 5 2 3 0 4 2 7 8 8 3 6 0 0 8 5 0 7 8 0 5 5 2 2 4 7 3 0 4 5 2 4 5 0 1 1 8 5 4 5 1 5 4 5 5 4 6 1 5 6 4 3 4 5 7 8 0 2 3 3 4 1 1 3 8 6 2 6 4 5 3 5 3 6 3 3 2 2 2 3 1 9 2 6 2 6 2 7 1 3 6 6 2 2 1 0 3 4 8 5 4 3 6 5 3 6 7 5 2 8 6 2 2 5 7 2 6 3 2 4 4 0 8 2 5 6 4 5 7 3 2 3 3 6 6 5 3 2 3 2 6 4 9 8 1 1 5 1 8 0 4 0 4 4 5 3 5 5 2 6 5 6 5 3 1 2 8 0 4 1 2 6 3 4 4 6 5 4 7 3 0 1 7 8 6 3 0 6 6 2 1 9 2 5 7 0 4 7 7 5 1 6 5 2 1 7 8 2 7 
7 2 2 4 3 4 6 5 6 3 6 8 5 6 4 7 5 1 0 6 1 6 0 5 0 7 7 3 4 8 5 3 8 0 2 0 6 7 7 6 8 8 6 1 6 6 9 0 7 6 4 4 2 6 7 4 4 5 9 6 4 6 2 7 3 7 5 1 9 5 0 0 2 2 2 0 4 8 5 5 3 4 8 3 2 1 6 7 5 7 0 7 7 5 5 6 2 6 0 6 7 0 0 5 6 2 4 5 8 2 5 9 4 5 6 4 2 9 6 3 9 7 0 4 6 5 7 2 3 2 7 4 9 3 1 0 2 2 4 3 1 5 5 2 2 1 2 6 3 4 8 5 5 6 8 2 5 4 4 4 5 4 9 0 2 8 3 4 3 6 1 4 7 4 0 5 1 4 6 5 3 0 0 7 2 6 5 3 5 8 8 0 7 0 8 0 0 6 9 5 6 8 4 3 8 4 3 7 8 0 9 9 6 7 5 2 1 5 4 1 7 7 3 1 1 0 1 6 4 0 7 1 3 8 2 4 6 3 6 7 6 4 7 6 9 9 4 3 9 3 7 4 0 2 3 7 5 2 6 2 5 5 2 6 5 9 7 9 9 1 4 6 4 2 2 7 0 6 8 2 7 5 8 1 7 3 6 6 1 7 9 6 3 8 2 5 1 1 2 7 
7 3 2 4 4 5 6 6 7 4 7 9 6 7 5 7 6 2 0 7 2 7 1 6 1 8 8 4 5 8 5 3 9 1 1 1 6 8 8 7 9 8 7 0 6 6 10 0 8 7 5 5 3 7 8 5 5 6 10 7 5 7 2 8 3 8 6 2 10 6 1 0 2 3 2 1 5 9 6 6 4 4 8 4 2 2 7 8 6 8 1 8 8 6 6 7 3 7 0 6 8 1 0 6 7 1 4 6 8 1 6 10 5 5 6 5 2 9 7 4 10 8 0 5 7 6 8 1 4 3 8 5 10 4 1 0 3 2 5 4 0 6 6 2 2 0 2 7 4 5 8 5 5 7 8 1 5 5 4 5 6 4 10 1 3 9 3 5 4 7 2 5 7 5 1 5 0 4 7 6 3 0 0 8 3 7 6 4 6 8 9 0 7 0 9 1 0 7 10 6 6 8 5 4 8 4 4 8 9 0 9 10 7 7 5 2 2 6 5 2 8 7 4 2 0 0 2 7 5 1 8 2 4 8 1 5 6 3 7 8 7 4 7 7 10 10 5 4 10 4 8 5 0 2 4 8 5 2 7 3 6 6 3 7 5 9 8 10 10 1 4 7 5 2 1 7 0 7 9 3 8 6 9 2 8 3 6 7 0 7 10 6 3 9 3 6 0 1 2 8 
3 2 1 0 1 0 5 6 1 3 2 5 1 3 3 2 3 3 5 1 4 2 4 0 4 4 4 0 2 4 7 4 3 2 7 5 6 3 2 2 4 2 4 6 5 6 5 3 2 2 0 2 2 6 4 4 0 4 4 2 6 4 4 5 2 2 0 3 5 0 2 3 5 2 3 4 6 4 0 3 2 2 4 5 4 3 4 2 1 2 3 2 2 2 2 4 2 3 5 3 4 4 4 4 5 6 1 4 3 6 4 4 0 6 6 1 4 5 5 0 5 5 3 1 5 3 5 6 0 3 3 5 4 1 3 3 0 3 5 1 6 0 0 1 3 6 5 4 3 1 4 0 5 6 4 7 1 2 1 0 0 6 5 4 2 4 2 2 0 2 2 4 4 3 4 6 6 4 2 3 2 4 5 4 2 4 4 3 0 4 3 4 2 5 3 2 4 2 5 6 3 3 6 4 2 2 3 2 4 3 4 5 4 3 6 1 3 0 0 4 4 3 2 1 6 5 3 2 2 2 4 4 1 4 6 3 6 0 6 3 5 1 5 1 4 5 6 1 5 3 2 0 5 2 2 4 6 5 5 2 6 6 2 2 0 5 2 4 5 6 6 4 6 5 7 2 4 5 3 2 4 6 4 2 2 3 5 2 6 2 5 2 3 3 4 5 6 6 4 2 
77 101 119 108 25 105 26 78 98 31 116 27 26 120 104 92 100 114 39 134 79 64 23 106 31 121 116 115 129 68 43 74 100 125 25 75 50 116 80 87 94 108 69 96 42 86 59 74 63 130 97 95 134 51 90 116 85 89 110 96 58 73 24 98 22 27 129 42 139 22 30 47 76 85 121 51 46 34 41 76 58 83 29 129 94 78 93 55 75 127 78 68 132 27 39 26 25 52 99 63 68 99 111 57 62 121 96 25 100 45 141 118 28 118 91 117 126 55 106 27 27 114 50 44 66 52 26 73 23 114 132 53 94 29 26 109 91 117 62 92 92 126 30 39 41 36 139 37 87 46 69 122 69 34 126 85 73 135 36 113 82 138 127 95 72 74 22 35 57 112 41 89 39 115 139 50 101 64 78 56 86 130 28 114 50 93 93 123 110 132 85 59 80 116 105 53 114 26 79 94 119 112 46 28 140 133 103 72 130 58 62 51 142 79 115 71 66 118 133 86 25 101 86 112 141 88 74 35 95 97 26 46 85 76 77 64 50 87 126 111 134 113 86 87 38 43 130 63 107 83 24 72 48 116 134 142 86 67 66 70 86 143 73 88 129 62 139 74 83 48 134 141 102 71 93 103 71 122 112 116 30 139 116 134 95 70 62 56 40 51 99 132 65 105 56 126 93 29 64 67 
8 6 4 2 6 5 10 11 4 8 6 9 6 8 8 6 8 7 8 3 8 7 8 5 7 9 0 3 1 0 11 5 5 6 9 8 11 1 6 6 8 4 9 8 10 11 9 7 4 2 4 7 7 11 9 9 6 9 7 6 11 8 9 10 7 3 4 6 9 5 7 8 9 6 4 7 11 8 4 8 7 7 8 10 6 7 9 4 6 3 7 6 6 7 7 9 6 8 8 2 1 8 7 9 10 9 4 9 3 8 9 7 5 11 11 6 6 9 10 3 8 10 7 4 10 8 10 9 3 7 6 10 7 6 7 6 2 4 10 5 9 3 4 4 6 8 7 9 8 6 8 5 10 11 8 9 1 7 2 5 4 11 8 8 3 8 7 7 5 6 6 9 1 8 8 11 9 9 3 8 7 6 8 9 7 9 9 8 5 1 6 8 7 8 6 6 6 2 9 11 2 4 11 9 4 2 8 4 8 7 8 9 9 2 11 2 6 5 4 6 8 8 7 5 9 8 7 6 7 6 9 6 6 0 8 8 11 1 11 1 10 5 10 4 8 9 11 2 9 8 4 2 9 4 7 9 11 6 10 7 11 11 5 7 3 9 4 7 9 8 11 9 11 6 9 1 8 10 4 2 9 11 1 7 4 5 10 6 9 2 8 7 5 6 9 10 9 8 9 3 
5 5 4 2 4 4 7 9 1 6 2 5 3 4 6 2 5 6 8 0 7 4 7 3 7 6 4 2 3 3 9 7 1 5 10 8 8 2 2 2 4 0 6 9 7 8 5 6 0 2 3 5 5 9 5 7 4 7 3 3 9 5 7 6 5 0 1 6 5 3 6 7 8 5 5 7 9 4 1 5 5 5 4 9 7 6 6 1 3 0 6 3 2 4 4 6 6 5 8 4 2 7 7 7 6 9 4 6 0 9 7 3 4 8 9 4 7 5 6 2 4 6 6 4 8 6 7 9 2 6 2 7 3 4 7 6 2 5 8 4 9 1 1 4 6 9 8 6 6 4 5 3 7 8 4 10 1 5 3 3 2 9 4 7 4 5 5 5 3 2 5 7 4 6 8 9 9 7 2 5 6 7 8 5 5 6 6 7 3 2 2 7 4 8 2 5 7 1 5 8 4 0 9 7 0 3 6 0 5 6 4 5 6 2 9 3 6 2 3 7 5 5 5 4 9 8 6 3 5 5 6 7 5 3 9 6 8 1 8 2 7 4 7 0 4 5 9 3 5 6 0 1 8 4 5 6 9 7 7 6 8 9 5 4 1 5 0 3 5 9 9 6 8 7 9 0 7 7 0 3 5 9 2 6 0 6 7 3 9 1 4 3 5 2 7 8 9 9 7 0 
3 3 3 4 2 3 2 2 5 0 3 5 3 3 1 3 1 3 4 4 0 3 0 3 4 3 8 3 5 8 3 5 5 1 6 3 2 7 5 3 4 6 2 5 2 2 5 0 6 6 4 1 0 3 3 0 2 1 5 2 2 3 1 3 1 6 3 3 5 3 1 1 1 3 5 4 2 4 3 1 2 1 4 2 5 0 2 5 1 6 1 4 5 2 2 2 3 2 4 7 7 1 4 1 2 6 4 1 6 6 1 6 3 2 2 2 5 5 2 3 6 3 2 4 2 1 3 6 3 2 5 1 6 2 3 3 3 4 1 3 4 3 3 3 3 5 6 2 0 2 4 3 1 2 4 6 5 1 5 3 4 2 6 1 4 4 1 1 1 3 1 0 8 0 4 2 4 0 6 1 1 4 4 3 0 2 1 0 3 8 6 2 3 3 6 1 4 6 6 2 7 6 2 0 5 5 0 6 4 0 5 5 2 7 2 3 4 4 4 5 4 3 1 1 4 4 3 3 1 1 3 4 2 8 6 0 2 3 2 7 2 3 2 4 6 6 2 4 6 0 6 4 4 4 1 3 2 5 2 2 2 2 4 3 3 5 5 6 6 5 2 2 2 5 6 6 1 2 6 4 3 2 8 0 5 5 2 4 4 6 6 2 4 5 0 1 5 6 1 6 
92 128 152 137 31 132 27 93 123 36 142 29 31 146 125 112 120 143 49 167 97 77 27 132 39 147 147 147 164 87 49 95 124 156 32 94 58 146 98 107 113 134 82 120 47 103 69 91 79 165 122 115 165 59 108 141 106 107 134 116 69 87 27 118 26 34 161 53 169 27 36 57 93 108 155 64 53 38 52 91 71 100 33 158 119 96 112 69 90 159 97 83 163 31 46 27 32 61 125 81 86 122 139 67 72 151 123 26 125 56 172 145 37 143 109 146 160 64 127 37 30 138 62 58 78 61 28 91 32 142 163 62 115 36 33 138 117 149 73 117 115 157 36 52 53 46 176 42 105 55 83 151 82 38 153 106 93 165 49 141 102 168 155 117 93 88 26 40 70 137 51 107 51 140 174 59 125 76 99 65 106 164 35 138 60 112 111 151 137 166 104 73 97 144 129 67 144 34 95 113 151 140 53 32 174 169 126 89 158 71 74 59 172 100 139 93 84 147 167 110 28 122 106 141 175 109 93 42 115 121 28 59 106 97 97 76 58 112 153 141 163 142 102 107 44 50 158 83 130 101 29 92 60 148 165 172 104 85 78 87 103 174 93 107 162 74 174 89 100 61 164 172 123 90 116 129 87 147 140 149 33 168 146 166 118 90 72 67 50 65 120 161 84 129 67 153 116 36 77 85 
7 4 2 1 5 4 9 10 3 7 6 9 5 7 7 6 7 5 6 3 7 6 7 4 6 8 1 1 0 1 10 4 5 5 7 7 10 1 6 5 8 5 8 7 9 10 9 6 4 1 3 6 6 10 8 8 5 8 8 6 10 8 7 9 5 3 3 5 9 4 5 6 8 4 2 6 10 8 3 7 5 6 7 9 4 6 9 4 6 3 6 6 6 6 6 9 5 7 6 0 1 6 5 8 9 7 3 8 4 7 8 7 4 10 10 5 5 9 9 2 8 9 5 3 10 7 9 7 2 6 6 9 7 5 5 4 0 2 9 4 7 3 4 3 4 7 5 8 7 5 8 5 9 10 8 7 1 6 0 4 4 9 8 7 2 8 6 6 4 6 5 8 0 7 6 10 7 8 2 7 6 4 7 8 6 8 8 7 4 2 6 7 7 7 6 5 5 2 9 10 0 4 9 7 5 0 7 4 8 6 8 9 9 2 10 0 4 4 3 5 8 8 6 4 8 7 5 6 6 5 9 5 5 1 7 7 10 0 10 1 9 4 9 4 8 9 9 1 9 7 4 2 7 2 6 9 10 4 9 5 10 10 4 6 2 9 4 7 9 7 9 9 10 5 7 2 7 9 4 0 8 10 2 6 4 3 9 6 7 2 8 6 3 6 7 9 7 7 7 3 
5 5 5 6 4 5 1 0 7 2 5 6 5 5 3 6 3 4 4 6 0 5 0 6 5 4 10 6 7 10 0 7 8 2 6 3 1 10 7 5 6 8 3 5 2 2 7 0 8 9 6 3 1 2 5 2 5 2 7 4 0 4 0 4 3 8 5 5 7 6 2 0 0 5 6 5 0 6 5 3 4 3 6 0 6 1 3 8 4 8 2 6 7 4 5 3 4 4 5 9 10 1 5 2 3 6 6 2 9 6 2 8 6 1 1 5 6 6 3 5 8 5 2 6 2 3 4 6 5 3 7 1 8 4 4 4 5 6 0 5 4 6 5 4 5 6 7 3 3 4 6 5 1 2 6 6 7 3 7 5 6 0 8 1 6 6 3 3 4 5 2 1 10 3 4 0 4 1 8 3 3 5 4 5 1 4 3 2 6 10 8 2 5 4 8 3 5 8 8 1 9 9 0 2 8 7 2 8 6 0 7 7 3 9 0 5 5 6 6 6 6 5 3 3 4 4 4 6 4 2 5 5 4 10 7 2 2 5 2 9 3 5 3 6 7 8 0 6 8 2 8 6 4 5 4 4 0 7 3 4 1 1 6 5 6 7 8 8 7 6 0 3 0 6 6 8 0 3 9 6 5 1 10 1 7 6 2 6 5 8 8 4 6 8 0 1 5 6 0 9 
42 54 62 55 16 55 18 45 49 20 60 17 16 63 56 48 54 61 25 67 44 34 16 55 20 65 58 59 64 34 27 41 51 67 18 43 30 57 42 45 50 54 39 53 25 49 33 41 32 64 50 51 71 31 49 63 45 49 58 50 35 40 17 53 15 13 65 25 73 13 19 28 44 46 63 30 29 20 21 42 33 45 18 70 51 43 51 28 40 63 44 36 68 17 22 17 17 30 54 31 33 54 60 33 35 66 50 17 50 28 75 61 17 65 51 62 67 31 57 15 16 61 29 24 38 30 18 42 13 61 68 32 49 18 17 58 46 61 36 49 52 63 16 23 24 23 74 23 48 26 38 63 39 22 66 48 35 71 18 59 42 75 66 52 38 40 15 21 31 58 25 49 20 62 74 31 56 37 38 32 47 69 19 61 29 51 51 66 57 65 44 35 43 63 54 30 61 12 43 53 60 56 29 19 70 67 56 36 68 33 34 29 75 38 63 37 37 61 68 47 16 54 47 59 76 49 41 20 51 52 17 27 46 38 44 36 30 44 68 54 72 59 47 44 22 25 71 33 57 46 12 36 29 60 71 75 49 37 38 39 49 77 40 46 65 35 70 39 45 29 73 75 57 40 52 50 40 66 56 59 18 75 57 71 48 38 35 30 26 24 52 68 36 54 33 68 52 19 37 33 
3 5 5 6 4 5 0 0 7 2 4 4 4 3 2 4 2 5 6 6 2 4 1 5 6 3 10 6 8 10 2 8 6 3 8 5 0 9 6 4 4 7 2 7 0 0 5 1 7 8 6 3 2 0 3 1 5 1 6 3 1 3 2 3 4 8 5 5 5 5 3 2 2 6 7 6 0 5 5 2 4 3 5 2 7 2 1 7 2 7 3 5 6 3 4 1 5 3 6 9 9 3 6 1 2 7 6 1 8 7 1 7 6 0 0 4 7 5 1 5 6 3 3 6 0 2 2 7 5 4 6 1 7 4 5 5 5 7 0 5 6 5 5 5 6 7 8 1 2 4 4 5 0 0 4 7 7 3 7 5 6 2 7 3 6 4 4 3 3 4 3 1 10 2 6 1 6 1 8 2 3 6 6 3 2 2 2 3 5 9 7 3 4 5 7 4 6 8 6 0 9 8 1 2 7 7 2 7 4 2 5 5 1 9 1 6 6 5 6 7 4 3 3 4 6 5 5 5 3 3 3 6 4 10 8 2 0 5 0 9 1 5 2 5 6 6 1 6 6 2 7 6 6 6 3 2 1 8 1 4 0 0 6 4 5 5 7 7 6 7 2 1 0 8 8 8 2 1 8 7 3 0 10 2 6 7 0 5 6 8 6 3 7 6 1 0 7 7 1 8 
41 53 63 58 15 56 13 38 54 15 61 16 16 62 52 49 51 58 21 71 37 35 9 56 17 62 65 62 70 41 20 41 55 62 15 38 25 64 44 47 50 59 35 50 21 43 33 34 37 71 52 48 66 25 47 57 46 44 59 50 28 38 9 51 12 19 68 23 73 14 14 21 36 45 65 27 22 20 24 39 30 42 18 63 50 37 47 32 39 69 38 38 70 16 22 13 14 28 51 37 40 48 57 29 32 62 52 12 56 24 70 64 18 58 45 61 66 31 54 18 18 59 24 26 33 27 15 38 16 57 70 25 52 17 15 57 49 62 30 50 47 67 18 23 23 20 73 19 44 25 38 64 34 17 66 44 41 68 23 60 45 67 68 46 40 40 12 18 31 59 20 43 26 58 71 24 51 31 44 29 44 67 15 59 24 48 47 61 58 72 47 28 43 58 57 27 59 19 44 46 65 61 21 12 75 71 51 41 68 27 35 29 71 45 56 40 36 63 70 46 16 52 44 58 71 44 38 21 49 49 15 25 45 45 41 32 25 48 63 62 68 60 44 47 23 26 63 36 58 41 17 40 25 62 68 72 42 37 34 36 42 70 40 47 69 35 75 41 45 26 65 71 50 39 49 57 33 61 62 62 17 68 65 66 52 39 31 31 21 31 54 68 36 57 25 62 48 16 29 39 
8 6 4 2 6 5 10 11 3 8 6 9 6 7 8 6 8 7 8 3 8 6 8 5 8 9 1 3 1 0 11 6 4 6 9 8 10 0 5 5 8 4 9 9 9 11 8 7 3 2 4 7 7 11 9 9 5 9 7 6 11 8 9 9 7 3 3 6 9 5 7 8 9 6 4 8 11 7 3 8 6 7 7 10 6 7 9 3 6 3 7 6 5 7 6 9 6 8 8 2 0 8 7 9 9 9 4 9 3 9 9 7 5 10 11 5 7 9 9 3 8 9 7 4 10 8 10 9 3 7 5 10 6 6 7 6 2 4 10 5 9 3 4 4 6 8 7 9 8 6 8 5 9 10 8 9 1 7 2 5 4 11 7 8 3 8 7 7 5 6 6 9 1 8 8 11 9 9 2 8 7 6 9 9 7 9 9 8 5 1 6 8 7 8 5 6 6 2 8 11 2 3 11 9 4 2 8 4 8 7 7 9 9 1 11 2 6 4 4 7 8 8 7 5 9 9 7 6 7 6 9 7 6 0 9 8 10 1 10 1 10 5 9 4 7 8 11 2 8 8 3 2 9 4 6 9 11 6 10 7 11 11 5 6 3 8 3 6 9 9 11 9 11 7 9 1 8 10 4 2 8 11 1 7 3 5 9 6 9 2 8 6 5 6 9 10 9 9 9 2 
4 1 1 2 0 1 4 4 4 1 3 5 2 3 2 4 2 1 3 3 1 3 1 2 3 4 6 2 3 6 4 4 5 0 5 2 4 6 4 3 5 5 3 4 4 4 6 0 4 5 2 1 0 5 4 2 1 3 6 3 4 3 2 4 0 5 2 2 6 2 0 1 2 2 3 2 4 5 2 2 0 1 5 3 3 0 3 4 2 4 1 4 4 2 2 4 1 3 3 5 6 1 3 3 4 5 2 2 5 5 3 6 2 4 4 1 3 6 4 1 6 5 1 2 4 2 5 5 1 0 4 3 6 1 2 2 1 3 3 1 4 2 2 1 2 4 4 3 1 1 4 2 3 4 5 5 3 1 3 1 2 3 6 1 2 5 0 1 0 3 0 2 6 1 2 4 4 2 4 2 0 3 3 4 0 4 3 1 2 6 5 2 3 3 5 0 2 4 6 4 5 5 3 1 5 3 1 5 5 0 6 6 4 5 4 2 2 3 2 3 4 4 0 0 4 3 1 3 1 0 4 2 0 6 5 2 4 1 4 5 4 1 4 3 6 6 3 2 6 1 5 2 3 2 0 4 4 4 4 0 4 4 2 3 2 6 4 6 6 4 4 4 4 4 5 4 1 4 5 2 4 4 6 0 4 3 3 3 4 5 6 2 2 5 1 3 4 4 2 5 
22 28 32 30 8 29 7 21 29 7 32 10 9 32 26 26 26 30 12 37 19 19 5 29 10 33 36 32 37 24 12 23 30 31 10 20 14 35 24 25 27 32 19 27 12 23 19 17 21 38 28 24 32 14 25 29 24 23 32 26 15 20 5 27 6 12 35 12 39 8 7 11 19 24 34 15 12 12 13 20 15 21 11 32 27 18 25 18 20 37 19 21 37 9 12 8 8 15 27 21 23 24 30 15 17 34 28 7 31 15 36 35 10 30 24 31 35 18 28 10 12 31 13 15 18 14 9 22 9 29 38 13 29 9 8 29 25 33 16 26 25 35 10 12 13 12 39 11 22 13 21 33 18 10 35 25 23 34 13 31 24 35 37 23 21 22 6 9 16 31 10 22 16 29 37 13 27 16 25 15 22 35 9 31 11 25 24 30 30 39 26 15 23 30 31 14 31 12 25 24 36 33 12 6 40 38 25 23 36 13 20 17 37 25 30 21 19 33 37 25 10 28 22 29 37 24 20 12 25 24 9 14 23 26 23 16 14 25 33 34 35 31 23 25 14 16 33 19 32 20 11 21 14 32 34 38 22 21 18 18 23 37 21 25 36 20 40 24 26 15 34 37 26 22 27 31 17 32 34 33 10 36 36 32 28 21 17 17 12 18 30 35 20 31 13 32 26 11 15 22 
2 6 5 4 5 5 5 7 4 6 0 2 3 3 5 0 4 7 9 2 7 2 7 4 9 3 7 5 6 7 8 9 0 6 11 8 6 6 1 0 2 2 4 10 4 6 2 6 3 5 5 5 5 7 3 6 4 5 0 1 8 3 7 4 6 3 2 7 2 4 6 7 8 7 8 9 7 1 2 4 5 5 1 8 8 6 5 3 2 3 7 2 1 3 3 4 7 3 9 7 6 7 9 5 4 11 6 5 3 11 6 0 5 7 7 5 9 2 4 4 0 3 7 5 5 4 4 11 4 7 1 6 0 5 8 8 4 7 7 5 10 2 1 6 7 10 10 5 5 5 2 4 6 6 2 11 4 5 5 4 4 8 0 7 6 2 6 5 3 0 6 6 7 5 9 8 10 6 5 4 6 8 9 3 5 4 4 6 4 6 1 8 2 9 1 6 8 5 1 7 7 3 8 7 1 6 6 2 1 6 0 2 4 5 8 5 8 3 5 9 2 3 5 5 10 9 7 2 4 6 3 8 5 7 11 5 6 4 6 6 5 5 4 1 0 1 8 5 1 6 3 4 9 6 5 4 8 9 5 6 7 7 7 2 3 1 3 0 2 10 8 4 7 9 11 3 7 5 2 6 3 7 6 6 1 8 5 2 10 5 0 1 7 1 7 7 10 10 7 4 
38 57 66 59 17 57 14 42 53 20 56 11 16 60 54 44 52 63 27 69 44 32 16 56 23 61 64 63 71 40 26 45 49 68 21 45 27 63 40 43 45 56 36 56 21 45 26 42 34 71 54 51 71 28 44 61 47 47 52 47 33 36 17 49 16 17 67 28 66 15 20 29 43 49 69 33 26 15 23 40 34 45 13 69 55 44 48 30 38 67 45 34 66 15 21 12 19 27 58 38 39 55 63 30 31 69 54 14 53 31 73 57 20 62 48 63 71 25 53 19 10 56 31 28 34 28 13 45 17 63 66 30 46 19 20 62 51 66 34 52 54 65 16 26 28 26 78 20 47 27 33 64 37 19 61 51 41 71 24 61 45 73 61 53 43 35 16 21 31 54 26 48 27 61 77 29 58 36 44 30 48 73 21 56 29 47 48 66 59 71 42 36 40 65 52 32 65 18 36 50 66 58 27 18 70 73 56 38 62 34 27 22 70 45 61 42 40 62 71 51 11 50 47 62 78 51 44 19 50 54 12 31 48 44 47 35 28 49 65 61 68 62 44 44 16 18 69 38 50 46 14 41 32 65 71 71 47 42 34 41 46 74 44 44 68 28 72 35 38 33 72 70 54 44 55 55 41 62 58 65 14 72 63 72 48 43 32 29 28 30 46 65 40 52 32 66 55 23 36 37 
7 4 3 1 5 4 9 10 2 7 5 8 4 6 7 5 7 5 7 2 7 5 7 4 6 7 1 1 0 1 10 5 4 5 8 7 9 0 4 4 7 3 8 8 8 9 7 6 3 0 3 6 5 10 7 7 4 8 6 5 10 7 7 8 5 2 2 5 8 3 5 6 8 5 4 6 9 6 2 6 5 6 6 9 5 6 8 2 5 2 6 5 4 5 5 8 5 6 7 1 0 7 6 8 8 8 3 7 2 8 8 6 3 9 10 4 6 8 8 2 7 8 6 3 9 7 9 8 2 6 4 8 5 4 6 5 1 3 9 4 8 2 3 3 5 7 6 8 6 5 7 4 8 9 7 8 0 6 1 4 3 9 6 7 2 7 6 6 3 5 5 8 1 6 7 10 8 7 1 6 6 5 8 7 5 7 7 7 3 0 5 7 6 7 4 5 5 1 7 9 1 2 9 7 3 1 7 3 7 6 7 8 8 0 10 1 5 3 3 6 7 7 6 4 8 7 6 5 6 5 8 6 5 1 8 7 9 0 9 0 9 4 8 2 6 7 9 1 7 7 3 1 8 3 5 8 10 6 9 5 9 10 4 5 1 7 2 5 8 8 9 8 9 6 8 0 7 8 3 1 7 10 0 6 2 4 8 4 8 1 7 5 4 5 7 9 8 8 8 2 
3 5 4 3 4 3 5 7 2 5 0 3 3 3 4 0 4 6 8 0 6 2 6 2 8 4 6 3 4 5 8 7 0 5 10 8 6 5 0 0 2 1 4 9 5 6 3 5 1 4 4 4 4 7 3 5 3 5 1 1 8 3 6 4 5 2 1 6 3 3 5 6 7 6 6 7 7 2 1 4 5 4 2 8 7 5 5 1 2 2 6 1 0 3 2 4 6 3 8 5 4 6 8 5 5 10 4 5 2 9 6 1 4 7 7 4 8 3 4 3 2 4 6 4 6 4 5 10 3 6 0 6 1 4 7 6 3 6 7 4 9 1 0 4 6 9 9 5 5 4 2 3 6 6 2 10 3 4 4 3 2 8 2 7 5 2 5 4 2 0 5 6 6 5 8 8 9 6 3 4 5 7 8 3 4 4 4 6 3 4 0 7 2 8 0 5 7 3 2 7 6 1 7 6 0 4 5 1 2 5 2 3 4 4 8 4 7 2 3 7 2 3 5 4 9 8 6 2 4 5 4 7 4 6 10 5 7 3 6 4 6 4 5 0 1 2 8 4 3 6 1 2 8 5 4 4 8 8 5 5 7 7 6 2 1 3 2 1 3 9 8 4 7 8 10 2 7 5 1 5 3 7 4 5 0 7 5 1 9 3 2 1 6 0 6 7 9 9 6 2 
59 78 91 81 21 80 22 62 73 26 87 21 21 92 80 69 77 88 33 100 62 49 20 80 26 93 86 87 96 50 36 58 75 97 22 60 41 85 60 66 71 80 54 75 34 68 45 58 47 96 73 73 103 41 69 90 65 69 83 73 47 56 21 76 19 19 97 34 106 17 25 38 61 66 93 41 38 26 31 59 46 64 23 100 73 61 72 41 57 94 62 51 99 22 31 21 22 41 78 47 49 77 86 45 49 94 74 21 74 37 108 89 23 92 71 90 98 42 82 21 21 88 40 34 52 41 22 58 18 88 99 43 71 24 22 85 68 90 49 71 73 94 22 32 34 30 107 30 68 36 53 92 55 29 95 67 53 103 27 86 61 107 96 75 56 57 19 28 44 84 34 69 29 89 107 41 79 51 57 44 67 100 24 87 40 72 72 95 83 98 64 48 61 90 79 43 88 18 60 74 89 83 38 24 105 100 80 53 99 46 48 40 108 58 89 54 52 89 100 68 20 77 67 86 109 69 58 27 73 75 21 37 66 56 61 50 41 65 98 82 103 86 67 64 29 33 101 48 81 65 17 53 39 89 103 108 68 53 52 55 68 110 57 67 96 48 103 56 64 40 104 108 80 56 73 75 56 94 83 88 24 107 86 103 71 54 49 42 34 36 75 100 51 79 45 97 73 25 51 49 
39 52 62 57 13 54 12 39 52 14 59 15 14 60 51 47 49 58 21 69 39 33 11 54 17 61 63 61 69 39 21 41 53 62 16 39 25 63 42 45 48 57 34 51 20 43 31 36 35 70 51 46 65 26 45 57 44 44 57 48 29 37 11 49 11 17 66 23 71 13 14 23 38 45 64 27 23 18 22 37 29 40 16 64 50 38 46 31 37 67 39 36 68 14 20 13 14 26 52 36 39 49 58 28 31 63 51 11 54 25 70 62 17 58 45 60 66 29 53 16 16 58 25 25 33 25 14 39 14 57 69 26 50 15 15 57 48 62 30 48 48 65 16 22 23 21 73 18 42 23 36 62 34 17 64 45 40 66 22 58 43 69 66 47 39 38 11 16 29 57 20 43 25 56 71 25 52 31 43 27 42 67 16 58 23 47 46 60 57 71 45 30 41 59 55 27 59 17 42 47 64 60 23 13 73 70 50 39 66 28 33 27 71 44 57 39 35 61 69 46 14 51 42 57 72 45 38 19 47 48 14 25 43 43 42 31 25 46 63 60 67 58 43 45 21 24 65 35 56 40 15 39 26 61 67 71 43 37 33 35 43 71 39 45 67 33 73 40 44 27 67 71 51 39 50 55 35 61 60 61 15 69 63 66 50 38 30 29 22 29 52 66 36 55 27 62 49 17 31 37 
