60 
300 
219 1591
47 776
328 1982
287 1823
296 1813
319 1858
228 1579
178 1473
267 1834
54 762
36 708
141 1299
116 1202
221 1654
123 1297
230 1726
326 1938
175 1365
310 1912
189 1430
34 658
139 1234
198 1539
255 1687
262 1723
351 1935
105 1174
207 1474
54 762
239 1699
70 938
152 1385
180 1476
164 1428
315 1846
105 1068
136 1246
34 674
305 1910
111 1163
296 1844
294 1764
66 905
205 1473
173 1365
200 1539
324 1870
212 1603
216 1572
351 2015
228 1649
351 1921
280 1702
166 1464
242 1689
216 1551
57 817
333 1974
175 1422
347 1954
22 10 16 20 8 18 19 34 23 23 6 25 26 11 34 34 32 31 27 9 13 13 31 27 19 5 32 22 28 11 15 7 31 23 30 30 15 13 22 11 9 33 24 14 12 20 23 29 22 15 23 13 34 29 24 6 27 11 28 25 33 28 17 7 14 23 20 15 26 19 20 5 34 31 24 23 21 34 16 5 29 32 18 13 27 25 14 15 8 30 26 32 9 16 29 6 34 18 10 15 20 25 34 15 16 6 12 32 18 27 33 15 29 29 17 7 17 10 13 6 31 32 21 34 34 18 32 19 26 33 23 12 19 10 22 24 26 17 24 19 27 22 5 10 31 34 16 27 12 28 31 5 15 31 31 11 33 33 34 18 33 31 34 24 17 12 29 5 10 12 27 19 34 8 20 6 12 13 5 30 22 9 23 29 7 25 10 15 24 29 23 5 5 33 9 23 20 21 33 25 23 8 20 6 16 10 6 7 19 19 9 28 21 12 24 28 28 34 18 26 34 17 18 27 33 6 28 26 22 12 25 18 14 34 7 16 21 29 18 23 12 28 5 7 31 12 34 8 13 30 30 12 31 15 30 17 17 8 5 22 29 9 34 23 22 12 24 32 32 18 11 15 31 11 23 10 18 21 13 32 16 11 25 6 29 11 25 13 28 34 21 13 31 7 26 33 26 7 30 16 
3 1 7 1 9 10 7 4 7 8 11 6 8 7 8 9 3 10 6 1 5 4 4 6 6 6 7 8 2 9 7 8 6 6 0 6 3 5 11 2 8 9 6 6 10 5 4 4 5 4 8 9 9 9 6 2 1 7 3 4 6 6 1 4 9 7 8 3 4 8 7 6 2 8 5 8 7 8 11 1 7 10 7 7 1 8 2 3 8 5 3 6 7 1 6 6 6 7 9 8 9 0 9 1 9 5 3 1 2 7 3 6 8 2 8 6 3 7 7 9 0 6 7 8 5 2 6 7 7 8 4 3 5 10 4 4 6 9 0 1 6 3 6 2 7 9 1 2 7 10 7 4 6 5 3 2 5 10 4 7 7 7 1 6 1 9 2 5 8 10 7 5 10 7 4 1 9 9 5 1 0 3 4 7 7 2 6 7 0 6 7 6 3 6 8 0 8 2 5 7 2 1 6 9 7 2 9 8 3 4 3 8 2 4 2 8 2 11 9 9 1 8 4 2 6 4 2 5 1 3 10 2 6 2 5 3 6 3 3 1 8 8 2 8 5 3 3 9 0 9 7 1 6 8 2 4 7 8 0 6 0 0 1 7 5 7 8 8 6 2 2 0 0 2 7 4 5 2 2 5 6 1 6 2 5 7 8 1 2 1 4 0 0 7 2 5 10 6 6 4 
71 40 55 65 26 55 57 107 71 70 20 77 84 36 101 104 101 95 84 34 44 43 98 85 64 21 100 72 89 35 49 22 96 73 97 94 51 45 68 40 33 98 79 46 37 66 74 92 71 51 70 43 104 90 76 25 87 34 90 81 105 88 56 27 43 69 63 53 83 61 67 22 109 93 79 71 65 103 50 21 88 96 57 40 90 79 52 53 25 96 81 100 29 57 92 23 107 57 32 52 63 83 104 51 50 22 42 102 63 82 106 49 89 93 58 27 59 30 41 18 102 100 67 109 104 61 102 59 81 100 73 42 60 31 71 77 83 57 77 63 85 72 21 35 96 109 56 90 37 86 97 21 52 98 100 38 102 100 108 60 99 95 110 75 56 40 94 19 31 37 86 63 103 31 67 28 37 39 20 99 71 33 76 87 26 81 34 50 81 90 77 21 19 104 28 79 66 68 104 78 75 32 63 20 52 35 20 22 60 59 35 85 68 43 82 86 93 104 60 82 108 53 59 86 104 23 91 82 71 44 75 60 45 108 25 54 70 91 59 74 37 89 22 24 97 41 108 27 44 90 93 42 95 51 96 56 55 25 25 69 96 36 111 70 71 37 75 98 98 63 38 52 100 39 76 35 60 71 44 100 51 39 82 24 93 40 75 49 92 107 69 48 99 25 87 104 79 24 95 55 
4 1 7 2 9 9 7 3 6 8 11 6 6 8 7 8 3 10 5 1 4 4 3 7 7 5 6 7 3 8 6 7 5 6 1 5 3 3 11 2 7 9 7 6 9 4 4 4 6 3 8 8 8 8 7 2 1 7 2 3 4 5 2 2 9 6 8 2 3 7 6 7 1 8 6 7 7 7 11 1 7 9 8 7 0 8 1 1 8 4 3 5 7 0 6 7 6 7 9 7 9 1 9 2 8 5 4 1 1 7 2 6 8 2 7 6 2 7 6 8 1 6 6 7 4 2 7 6 7 7 4 2 5 9 5 4 7 8 2 2 6 4 4 3 6 7 0 1 6 9 6 5 7 4 2 3 5 10 3 6 7 7 0 5 2 8 2 4 7 10 5 6 9 8 5 1 9 9 3 0 1 2 3 7 6 1 7 6 1 6 8 5 2 6 7 1 6 3 4 6 3 0 6 8 6 3 9 8 3 4 2 8 3 3 1 8 1 11 7 8 0 8 4 3 6 3 2 4 1 2 9 1 6 3 5 2 7 2 3 2 8 7 2 9 5 4 2 8 1 9 7 2 6 7 1 4 6 7 1 6 1 1 0 7 5 6 8 7 6 1 3 1 0 2 6 4 4 1 3 5 6 0 7 1 3 6 8 1 1 2 2 2 2 6 1 4 10 5 5 2 
5 2 8 3 9 9 6 3 5 7 10 6 5 8 7 7 3 10 5 2 3 3 3 7 8 3 5 6 4 7 5 6 5 7 2 4 3 2 10 2 6 8 8 7 9 3 4 4 6 2 7 6 8 7 8 2 2 7 2 2 3 5 3 2 9 6 8 0 3 6 5 8 1 8 8 6 7 7 10 2 7 9 8 7 1 9 2 0 8 3 2 4 6 1 7 8 7 7 9 5 9 2 8 3 7 5 5 2 0 7 0 6 8 2 5 7 0 6 5 8 2 7 5 5 4 3 8 5 7 7 4 3 5 9 5 5 8 6 3 3 6 5 3 4 5 6 1 1 5 8 5 6 8 3 0 4 5 9 1 4 7 6 1 5 3 6 3 4 7 9 4 7 9 9 6 3 9 9 2 1 2 2 1 6 5 0 7 4 2 6 9 4 2 6 7 3 5 4 3 5 3 1 5 7 5 4 9 8 3 4 0 8 4 1 1 8 1 10 6 6 0 8 4 4 7 3 2 3 3 0 9 0 6 3 5 1 7 2 3 3 7 6 2 9 6 5 1 7 2 9 7 3 6 6 0 5 5 7 2 7 3 3 1 7 6 5 9 7 5 0 4 3 2 3 4 5 3 0 3 6 6 0 8 0 2 4 7 2 0 3 1 3 3 4 0 3 9 5 4 1 
3 4 7 2 6 6 3 0 2 4 7 3 4 5 4 4 1 7 2 3 0 0 1 5 6 2 3 4 2 4 3 3 2 4 3 1 2 1 7 2 4 5 7 4 6 1 2 2 4 1 4 4 4 4 5 2 2 5 1 1 1 2 2 1 6 3 6 2 0 3 4 7 2 4 6 3 4 4 7 2 5 5 5 3 4 6 5 2 5 1 0 1 3 4 5 6 5 5 6 4 7 4 5 2 4 3 4 2 3 4 1 4 5 1 4 6 2 3 2 5 4 4 3 4 1 3 6 2 5 4 1 2 2 6 4 3 6 4 2 2 4 4 1 3 2 5 3 4 2 5 3 5 7 0 2 3 3 6 1 3 4 3 3 2 2 4 2 1 3 6 2 5 6 7 5 5 6 5 1 3 2 1 2 3 3 0 5 2 4 3 8 2 0 4 4 5 4 3 1 2 2 3 2 4 2 3 6 5 0 1 2 5 3 2 4 5 4 7 4 4 1 5 2 3 5 0 2 0 2 3 6 1 3 2 3 1 6 0 1 2 4 3 2 6 4 3 1 4 2 6 5 2 2 4 1 4 2 4 5 5 5 4 4 4 4 2 6 3 2 3 3 3 2 2 3 2 2 2 2 3 3 1 6 1 1 4 4 5 3 2 1 4 3 2 3 0 6 2 2 1 
5 1 8 3 10 10 7 3 6 8 11 6 6 8 8 8 3 10 6 2 3 4 4 7 8 4 6 6 4 8 6 7 6 7 2 5 3 2 11 2 6 9 8 7 9 4 4 5 7 2 8 7 8 7 8 2 2 8 3 2 4 5 3 2 9 7 9 1 3 7 5 8 2 8 7 7 7 7 11 2 8 9 8 7 0 9 1 1 8 4 3 5 7 0 7 8 7 8 9 6 10 2 9 3 8 6 5 2 0 7 1 6 9 2 6 7 1 7 6 8 2 7 6 6 5 3 8 6 8 8 4 3 5 10 5 5 8 7 3 3 6 5 4 4 6 7 1 0 6 9 6 6 8 4 1 4 6 10 2 5 8 7 1 6 3 7 3 4 7 10 5 7 10 9 6 2 9 9 3 0 2 2 2 7 6 1 7 5 2 6 9 4 3 7 7 2 6 4 4 6 3 0 6 8 6 4 10 8 3 4 1 9 4 2 1 9 0 11 7 7 0 8 4 4 7 4 2 4 3 1 10 0 6 3 6 2 7 3 3 3 8 6 2 9 6 5 2 8 2 9 8 3 6 6 0 5 5 8 2 7 2 2 0 7 6 6 9 7 6 0 4 2 2 3 5 5 3 1 3 6 6 0 8 0 3 5 8 1 0 3 2 3 3 5 0 4 10 5 5 1 
4 8 7 3 4 3 0 3 0 2 4 1 4 3 1 2 4 4 1 5 3 2 3 4 7 4 2 4 4 1 2 0 1 4 6 2 4 4 4 5 4 2 7 4 2 3 3 3 4 4 1 2 2 2 4 5 4 2 4 3 3 1 4 4 3 0 4 5 3 2 5 7 5 2 7 0 2 0 4 4 2 2 4 1 7 4 8 6 2 3 1 2 1 7 5 5 5 3 4 5 4 6 2 4 2 3 5 5 6 1 4 3 3 4 5 6 5 0 0 2 7 4 2 5 1 5 6 0 3 1 3 4 2 3 4 4 5 4 4 4 3 5 3 4 0 5 6 7 0 2 2 5 6 2 5 4 2 3 4 3 1 1 6 1 4 3 5 2 0 3 3 5 3 7 6 8 3 2 3 6 4 4 5 0 3 3 4 3 7 3 8 4 2 4 0 8 4 4 3 0 4 6 1 2 2 4 4 2 1 1 6 2 4 5 8 3 7 4 4 3 4 3 3 4 4 3 5 2 4 6 3 4 2 4 3 4 6 2 4 4 2 3 5 4 3 4 4 2 4 3 3 5 1 4 4 4 2 0 8 4 7 7 7 1 4 0 4 0 0 7 4 6 5 4 5 3 4 6 3 3 2 4 7 4 4 5 1 8 6 3 3 7 5 2 6 2 3 1 2 4 
5 10 6 5 1 0 2 6 4 1 2 3 7 2 0 4 6 0 3 8 6 5 5 3 6 7 5 7 5 3 5 2 4 4 8 5 6 7 2 7 8 0 6 4 2 7 5 5 5 7 2 5 3 5 3 7 6 0 6 7 7 5 5 7 0 1 2 9 6 5 8 6 7 1 6 3 2 2 1 6 0 2 2 2 10 2 11 9 1 7 4 5 2 10 5 4 4 2 1 8 1 9 4 6 3 4 5 6 9 2 8 4 1 7 8 5 9 2 4 1 9 4 5 8 2 7 5 3 2 2 5 6 4 0 4 5 4 7 4 6 4 5 7 4 4 8 9 10 3 3 6 5 6 6 8 4 4 2 7 7 0 2 9 3 4 6 7 5 2 0 6 5 0 6 6 11 0 1 6 9 5 7 8 1 6 6 4 7 10 3 7 8 4 4 2 10 7 5 7 4 6 9 3 4 6 4 0 1 4 3 9 1 4 8 10 1 10 2 8 6 7 1 5 5 4 6 7 5 5 9 1 7 3 6 4 7 6 5 6 5 1 6 7 2 4 4 7 4 5 0 2 6 3 7 7 4 6 2 10 2 10 9 9 2 5 3 2 3 3 10 5 8 7 7 8 5 7 9 5 4 3 7 6 7 8 8 2 10 9 5 7 9 6 6 9 6 2 4 6 8 
7 12 8 7 3 1 2 7 4 3 0 4 7 5 1 3 8 2 5 9 7 6 7 5 9 8 6 7 7 3 5 2 5 6 9 6 8 8 0 9 7 0 8 6 1 7 7 7 7 8 3 5 3 4 5 9 8 2 8 7 7 5 7 8 3 2 5 10 7 5 8 8 9 2 8 3 4 3 0 8 2 1 5 3 11 5 12 10 3 8 5 6 4 11 7 6 7 5 3 8 4 11 3 8 3 6 8 8 11 3 8 6 3 9 8 8 10 2 4 2 11 6 5 8 4 9 7 3 5 3 6 8 5 1 6 7 7 7 7 8 6 7 7 7 4 8 10 11 3 2 6 7 8 7 9 6 5 1 8 7 2 4 10 5 7 5 9 6 3 1 6 7 2 8 8 12 2 1 7 11 7 8 9 2 6 8 6 7 11 5 9 8 6 6 3 12 7 7 7 4 8 11 5 3 6 7 3 3 5 4 10 3 7 9 12 4 11 0 7 5 8 4 7 7 7 7 9 6 7 10 1 8 5 8 6 8 8 6 8 7 3 6 9 4 6 7 8 4 7 0 5 8 5 7 8 7 6 3 12 5 11 11 11 3 7 3 5 3 3 11 7 10 9 8 8 7 8 10 7 6 5 8 8 8 8 8 2 12 10 7 8 11 8 6 11 7 1 5 6 8 
72 35 57 64 32 61 60 104 72 75 26 80 79 40 107 106 99 101 85 31 40 42 97 88 66 15 98 68 89 38 47 24 97 76 95 91 49 38 74 37 29 105 81 48 42 60 73 92 73 44 74 42 107 90 79 22 85 39 87 74 99 86 55 23 49 73 68 47 80 60 61 24 105 99 81 73 69 106 56 19 93 102 61 44 86 83 47 48 30 90 80 97 32 52 94 26 109 61 38 47 68 80 107 50 52 23 42 100 58 86 100 51 94 90 53 29 53 33 42 24 99 102 65 104 105 59 104 59 85 104 73 40 61 37 72 78 86 54 76 61 87 72 15 35 96 104 52 85 39 89 95 22 54 95 95 38 104 105 102 55 104 98 106 76 56 39 91 17 35 43 82 64 109 33 67 24 43 45 14 94 70 30 70 91 23 77 37 46 78 92 79 15 17 106 31 75 62 68 99 78 73 28 64 22 49 35 26 27 60 60 29 90 68 37 77 91 89 110 56 81 104 58 58 86 106 20 88 80 70 39 82 55 47 106 27 50 71 89 58 74 42 86 19 29 99 42 104 28 43 97 97 41 97 47 91 57 52 29 21 73 93 33 106 74 72 39 80 100 98 58 38 50 97 37 70 35 54 66 43 101 53 36 84 19 88 34 80 45 87 106 63 45 98 22 82 101 84 24 91 48 
69 40 51 63 25 57 61 108 74 71 23 78 87 34 105 109 102 96 85 34 46 45 98 81 60 24 103 75 88 39 52 26 97 71 96 97 51 47 71 40 37 102 75 44 42 68 74 91 69 53 73 47 108 94 72 25 86 33 90 83 107 90 55 29 44 73 60 54 84 64 70 18 109 96 75 74 65 107 53 20 87 101 55 43 90 75 52 54 26 98 82 103 30 57 89 19 104 55 32 55 61 83 109 50 54 21 39 101 63 84 107 48 87 94 61 24 60 34 44 22 101 98 70 112 105 60 98 63 79 103 74 42 61 34 68 76 79 60 74 62 83 69 23 32 98 112 56 91 41 90 101 17 48 100 102 35 102 104 110 63 101 96 110 76 53 44 93 21 34 40 89 60 105 27 63 28 39 43 23 99 69 34 78 91 29 82 32 53 81 90 73 24 20 101 32 78 69 66 107 80 75 33 64 24 56 32 20 23 61 60 36 87 66 45 82 85 94 107 64 86 109 53 59 84 101 24 91 84 70 45 79 61 45 108 24 56 66 92 60 72 39 92 22 21 96 39 109 31 43 93 91 41 97 54 98 53 58 28 24 66 95 35 111 72 69 41 72 101 101 63 36 51 99 39 79 34 63 72 43 99 51 40 78 26 95 43 79 49 93 105 71 47 97 28 87 105 83 27 98 56 
28 15 26 25 17 26 23 37 27 30 14 30 27 19 40 39 36 40 32 14 15 16 35 35 28 5 34 24 33 16 17 11 35 30 35 32 19 12 30 15 11 39 34 21 19 21 28 34 29 14 29 16 39 33 32 11 31 18 31 24 34 31 21 9 22 27 28 17 29 22 21 15 38 37 33 28 28 39 25 9 36 39 26 18 32 34 19 18 15 30 28 34 15 20 37 15 42 25 18 17 29 30 39 20 21 12 19 37 21 33 34 21 37 33 19 16 19 14 17 12 37 39 23 36 38 23 41 22 33 39 27 16 24 18 29 30 35 20 29 24 34 29 6 15 35 36 20 31 15 34 33 13 24 33 33 16 38 40 33 19 39 37 38 28 22 15 34 8 15 20 28 27 42 18 28 12 20 20 4 34 27 12 24 33 9 27 18 16 30 35 33 5 8 40 14 29 21 27 34 29 28 12 25 11 18 16 15 14 22 23 11 35 26 14 29 36 32 42 20 29 37 24 22 33 41 9 32 29 27 14 32 20 19 39 13 18 30 32 22 28 19 30 9 16 37 18 36 12 17 37 37 17 36 17 31 23 19 13 11 29 35 15 39 29 29 15 32 37 35 22 17 21 36 15 24 15 17 24 18 38 21 14 34 7 30 12 31 19 31 39 21 19 36 9 30 35 33 10 31 16 
27 18 24 24 13 22 19 37 23 26 10 27 29 15 36 35 36 36 29 14 15 15 35 32 26 8 33 25 32 12 16 7 32 28 36 31 19 16 26 16 13 35 32 18 15 23 27 33 27 18 24 15 35 30 29 11 32 14 32 28 36 29 21 11 18 23 25 20 29 20 24 13 39 33 31 23 24 35 21 9 32 35 22 14 34 30 22 20 11 33 27 33 11 23 35 12 40 22 14 19 25 32 36 20 17 10 18 37 24 29 37 19 33 34 21 14 22 10 13 8 38 37 22 38 35 23 39 18 30 35 26 16 21 13 27 29 32 20 28 24 31 28 8 14 31 38 22 34 11 30 32 11 22 33 36 15 36 36 37 21 35 33 40 26 21 14 34 7 11 16 29 25 38 16 27 14 16 16 7 36 26 13 27 29 9 28 15 17 31 32 31 8 7 38 10 31 23 26 36 25 28 14 22 7 17 14 11 10 21 21 14 31 25 16 31 32 35 38 22 28 38 21 21 32 38 9 33 28 26 17 28 22 16 39 11 20 28 31 22 27 15 30 10 12 35 17 38 9 17 33 34 17 33 18 34 22 18 9 13 26 37 16 41 25 27 11 29 32 31 24 16 21 36 15 27 14 21 26 17 35 19 15 32 10 33 15 27 21 34 38 24 20 36 8 32 35 29 8 32 20 
7 10 9 6 5 3 0 5 2 4 3 4 4 5 1 0 6 4 4 8 5 5 6 6 9 5 3 4 7 0 3 0 4 6 8 4 6 5 3 7 4 1 9 6 1 5 6 6 7 5 2 2 0 1 6 8 7 4 6 5 5 3 6 6 4 1 6 7 5 2 5 9 7 3 9 2 4 2 3 7 4 1 5 3 9 6 10 8 4 5 4 4 3 9 7 7 7 5 5 5 5 9 0 7 0 6 8 7 9 3 6 6 4 7 5 8 7 0 2 2 10 6 3 5 3 8 8 1 5 2 5 7 4 3 7 7 7 3 6 7 6 7 5 6 2 5 8 9 0 0 3 8 9 5 7 6 5 1 5 4 2 3 8 4 6 2 8 4 2 3 4 7 3 9 8 10 4 2 4 9 6 6 6 1 3 6 7 4 10 5 10 5 4 7 2 10 4 7 5 3 7 9 4 0 3 6 5 4 4 4 8 4 6 7 10 5 9 3 4 2 7 4 6 7 7 5 7 4 7 8 2 6 4 7 6 6 9 4 6 6 3 3 7 6 6 6 6 1 6 2 5 7 4 4 6 7 3 2 10 6 10 9 9 3 7 0 6 1 1 9 7 8 8 7 5 6 5 8 6 5 4 7 9 6 6 5 2 10 8 6 5 10 7 3 8 5 1 3 4 6 
26 20 21 24 8 20 21 40 27 24 9 27 34 12 35 39 38 32 30 16 19 18 36 28 24 13 38 30 32 15 21 10 34 26 37 36 21 20 25 18 18 34 28 16 16 27 28 33 25 22 26 19 38 34 25 13 33 10 34 32 40 33 22 14 14 25 21 23 32 25 29 10 41 33 29 27 22 37 19 10 28 35 19 15 36 26 24 23 9 37 30 38 11 25 32 8 37 19 10 24 20 33 39 20 20 9 16 38 27 29 40 18 28 36 26 11 25 13 17 8 40 34 27 43 36 24 36 23 27 35 27 18 22 12 25 28 29 25 27 24 30 26 12 13 35 43 24 37 16 33 37 9 19 37 39 14 36 37 42 25 33 33 42 27 20 19 35 10 13 14 34 23 35 12 25 16 13 16 12 39 26 15 31 31 14 31 12 22 33 31 28 13 9 36 12 32 28 25 40 29 29 17 23 11 22 13 6 8 22 21 18 29 24 20 34 28 38 37 27 33 41 17 23 31 36 11 35 31 26 21 27 25 17 40 10 23 25 33 23 27 13 35 12 8 34 15 41 13 17 31 31 17 34 23 37 20 23 11 14 23 38 17 43 25 26 15 25 36 36 27 14 22 37 17 32 14 26 29 17 35 18 17 30 13 37 20 27 23 37 37 28 21 36 13 35 39 30 11 36 24 
3 8 5 2 3 2 1 3 1 1 4 0 5 2 0 3 3 3 1 5 3 2 3 2 5 5 4 5 3 2 4 1 1 2 5 3 3 5 4 5 6 2 5 2 3 4 2 2 3 5 1 4 3 3 3 5 4 1 4 4 4 2 3 4 2 0 3 6 3 4 6 5 5 1 5 1 1 1 4 3 1 3 2 0 7 3 8 6 1 4 1 3 0 7 3 4 3 2 2 6 3 6 3 4 3 2 4 4 7 0 5 2 2 4 6 4 6 1 1 1 7 2 4 6 0 5 4 2 2 1 2 4 1 2 3 3 4 5 3 4 2 4 4 2 2 6 6 7 2 3 4 4 5 3 6 2 1 3 5 5 0 0 6 1 2 4 5 2 1 3 4 4 2 5 5 8 2 2 4 6 3 4 5 0 4 4 3 4 7 1 6 5 2 3 1 7 5 3 4 1 4 6 0 3 4 3 3 1 1 0 6 1 3 5 8 2 7 4 6 4 4 1 2 3 3 3 4 2 3 6 3 4 0 4 2 5 5 2 3 3 1 4 5 3 2 3 4 3 3 2 2 4 0 5 5 3 4 1 7 2 7 7 7 0 3 1 3 2 1 7 3 5 5 4 6 2 5 6 3 1 0 4 5 4 5 6 1 8 6 2 4 7 4 3 6 3 3 2 4 5 
7 8 10 6 8 6 2 4 3 6 6 5 0 7 4 2 6 7 5 7 4 4 6 8 10 2 1 0 7 3 1 2 4 8 8 3 6 2 6 7 1 5 10 7 4 3 6 6 8 2 4 0 3 1 8 7 6 6 5 2 3 2 6 5 7 3 8 5 4 1 2 10 6 5 10 3 6 4 7 6 6 5 7 4 8 8 8 6 6 3 3 3 5 7 8 9 8 7 7 2 8 8 3 7 3 6 8 7 7 5 4 7 7 6 2 9 6 2 3 5 8 7 1 2 4 7 9 1 7 4 5 6 5 6 7 7 9 0 7 7 7 8 3 7 3 1 7 7 1 3 1 8 10 4 5 7 6 5 3 1 5 5 7 4 7 0 7 4 4 6 1 8 6 10 9 9 6 5 2 7 6 5 4 3 1 4 8 1 9 6 11 2 4 8 3 9 0 7 3 3 7 7 5 2 1 7 7 6 4 4 5 6 7 5 8 7 8 6 1 0 5 6 6 7 8 4 6 4 7 6 5 4 5 7 7 5 10 4 6 7 6 0 7 8 7 7 5 2 6 5 7 7 5 0 4 7 1 4 9 7 9 8 7 5 8 1 8 3 1 7 7 8 7 6 2 6 2 6 6 6 5 5 10 4 4 2 4 9 6 6 3 9 7 2 7 4 4 3 2 3 
3 8 4 2 1 2 2 4 3 1 4 1 7 0 1 5 4 2 2 6 5 4 4 1 4 7 5 7 3 4 5 3 2 1 5 5 4 6 4 5 8 2 4 1 4 6 3 3 2 6 3 6 4 5 1 5 4 0 5 6 6 4 3 6 1 2 1 7 5 5 8 4 6 2 4 3 0 3 4 4 0 3 0 2 8 1 9 7 1 6 3 5 1 8 2 2 2 0 1 8 1 7 5 4 4 2 3 4 8 1 6 1 0 5 8 3 7 3 3 2 7 1 5 8 1 5 3 4 0 2 3 4 2 3 2 3 2 7 2 4 1 3 6 2 3 8 7 8 3 5 6 3 4 5 7 2 2 4 6 7 0 1 7 2 2 6 5 4 2 3 6 3 2 4 4 9 2 3 6 7 2 5 7 2 6 5 1 6 8 1 5 7 3 2 3 8 7 3 6 3 4 7 2 5 6 2 2 1 2 1 7 1 2 7 9 0 8 4 8 6 5 0 3 3 2 4 5 4 3 8 3 5 1 4 2 6 4 3 4 2 1 6 5 1 2 2 6 5 3 2 0 4 2 7 6 2 5 3 8 0 7 7 8 2 2 3 1 3 3 8 2 5 5 5 8 3 7 7 3 2 1 5 4 6 7 8 2 9 7 2 6 7 4 5 8 5 4 4 6 7 
8 8 11 7 8 7 3 5 4 7 7 5 0 8 5 3 6 8 5 7 4 5 6 8 11 2 2 0 7 4 1 2 5 8 8 3 6 2 7 7 0 5 11 8 5 3 6 7 8 2 5 1 3 2 9 7 7 7 6 2 3 3 7 5 7 3 9 5 5 1 1 11 6 6 11 4 7 4 7 7 7 5 8 5 8 9 8 6 7 3 4 3 6 8 9 10 9 8 8 1 9 8 3 7 3 7 9 7 7 6 4 7 8 6 1 10 6 3 3 6 9 8 1 1 5 8 10 1 8 5 6 6 5 7 8 8 10 0 7 7 7 8 3 7 3 1 7 7 2 4 1 9 11 4 5 7 6 5 3 1 6 6 7 5 7 1 7 4 5 7 2 9 7 11 10 9 7 6 2 7 7 6 4 4 1 4 8 1 9 7 12 2 4 8 4 9 0 8 3 4 7 7 5 3 1 7 8 7 5 5 5 7 7 5 8 8 8 7 0 1 5 7 6 8 9 5 6 4 7 6 6 4 6 7 7 5 10 4 6 7 6 1 7 9 7 8 5 2 7 6 8 7 5 0 4 8 2 4 9 8 9 9 8 5 8 2 9 4 2 7 8 8 7 7 2 7 1 6 7 7 6 6 11 4 4 2 5 9 6 7 3 9 8 2 7 4 5 4 2 3 
1 8 0 1 5 7 6 6 7 5 8 5 11 3 5 9 5 6 5 6 7 6 5 1 0 9 9 11 2 8 9 7 6 2 4 8 5 9 8 6 11 6 0 3 8 8 5 4 2 8 7 10 8 9 1 5 4 4 6 8 9 8 3 7 5 6 3 8 6 9 11 0 6 6 0 7 4 7 8 4 3 8 3 6 8 3 8 8 5 9 5 8 5 8 1 0 2 3 5 11 5 6 9 3 8 4 0 4 8 5 8 3 3 6 11 1 8 7 7 7 7 3 9 11 4 5 1 7 3 6 5 5 5 7 1 3 0 11 0 3 3 0 9 0 7 11 7 8 7 9 9 0 0 7 8 0 4 8 9 10 4 5 7 5 0 10 5 6 6 7 9 1 6 0 0 8 6 7 8 8 0 6 9 6 10 6 2 9 7 4 0 10 5 2 7 7 11 2 8 7 5 7 5 9 9 0 5 5 4 4 9 5 0 8 8 4 8 8 11 10 6 4 5 0 2 6 6 7 1 9 7 6 5 5 3 8 0 5 5 1 5 10 6 4 3 1 7 9 2 6 3 3 5 11 7 1 9 7 7 1 6 6 8 6 2 7 3 7 7 8 0 4 5 5 11 4 9 8 3 4 4 6 0 7 9 11 7 8 8 1 8 6 2 8 8 7 8 7 9 8 
88 47 65 80 38 79 83 142 99 98 33 105 114 48 142 145 133 131 113 41 59 57 128 110 77 29 137 98 113 53 69 35 130 95 123 127 64 60 97 49 47 139 97 59 57 88 96 120 90 68 99 62 145 125 98 28 111 48 117 108 140 119 70 35 62 98 84 67 110 85 90 21 141 131 96 99 89 143 73 23 120 136 76 58 115 104 63 67 38 128 108 135 41 71 118 25 138 76 46 71 86 105 145 62 73 28 46 131 79 114 139 63 120 121 79 29 75 47 59 31 129 131 93 147 140 76 130 83 108 139 96 52 81 48 88 98 105 79 94 78 111 86 28 39 131 147 70 115 55 121 133 19 61 131 131 43 136 141 144 81 137 130 142 101 66 58 120 26 47 56 117 77 143 33 79 30 55 60 28 127 87 41 100 122 37 105 43 69 101 120 93 29 24 134 43 98 90 85 140 107 96 38 85 33 73 39 30 34 80 79 44 118 83 56 103 117 119 145 83 114 141 73 76 107 134 30 117 110 88 56 108 78 61 140 31 71 85 120 77 92 54 121 25 33 127 49 142 41 53 127 124 50 129 70 127 68 77 39 26 90 121 41 142 98 90 55 100 136 135 79 43 63 127 48 102 43 81 91 54 132 69 49 101 30 124 54 107 59 119 136 91 57 124 36 111 138 113 35 128 72 
29 22 24 26 10 19 21 41 28 26 6 29 34 15 35 38 40 32 32 18 20 20 38 31 27 13 38 30 35 15 21 10 36 29 39 36 23 21 22 20 17 33 31 19 14 28 30 35 28 23 26 19 38 34 28 15 35 13 36 33 41 34 24 15 16 25 24 25 33 25 29 13 43 33 32 27 25 37 16 13 31 34 22 16 38 29 26 25 11 38 32 38 13 27 35 11 40 22 12 24 22 35 38 23 20 12 19 40 29 30 42 20 31 38 26 14 27 13 18 8 42 37 27 43 38 27 39 23 30 36 29 20 24 11 28 31 32 25 30 27 32 29 13 16 36 43 26 38 15 31 38 12 22 38 41 17 38 35 43 26 34 35 44 29 23 18 38 11 13 13 34 26 35 15 28 18 13 14 12 41 28 17 32 31 14 33 15 22 35 34 31 13 11 39 12 35 28 28 41 30 31 19 25 10 23 16 8 9 24 23 19 30 27 21 36 31 40 35 26 32 42 20 25 34 39 13 37 33 29 22 26 26 18 42 13 25 28 35 26 29 15 35 14 10 37 18 43 13 20 29 34 20 36 23 39 23 24 11 17 26 40 20 45 26 28 15 28 36 36 29 17 24 40 19 32 16 26 31 20 37 20 19 33 14 38 20 28 25 38 40 29 24 39 14 37 40 28 12 37 25 
3 8 4 2 2 2 2 4 3 0 4 1 7 1 1 4 4 2 2 6 4 3 3 1 4 6 5 7 3 4 5 2 2 2 5 4 4 6 4 5 7 2 4 1 4 6 3 3 2 6 2 5 4 5 1 5 4 0 4 6 6 4 3 5 1 1 1 7 4 5 7 4 5 1 4 3 0 2 4 4 0 3 1 1 8 2 9 7 0 6 2 4 1 8 3 3 2 0 1 8 2 7 4 4 4 2 3 4 8 1 6 1 0 5 8 4 7 2 3 2 7 1 5 8 0 5 3 3 0 2 3 4 2 2 2 3 3 7 2 4 1 3 6 2 3 8 7 8 3 4 5 3 4 4 7 2 1 4 6 6 0 1 7 2 2 6 5 3 2 2 5 3 2 4 4 8 2 3 5 7 3 5 7 1 6 5 2 6 7 1 5 7 2 2 2 8 7 3 5 3 4 7 1 4 5 2 2 1 2 1 7 1 2 6 8 1 8 4 7 6 5 0 3 3 2 4 5 4 3 7 3 5 1 4 2 6 4 3 4 3 0 6 5 2 2 2 5 4 3 2 1 4 1 7 6 2 5 2 8 1 7 7 7 1 3 3 1 3 3 8 3 5 5 4 7 3 6 7 3 1 1 5 4 5 6 8 2 8 7 2 6 7 4 5 7 4 4 3 5 6 
6 10 8 6 3 1 0 5 3 3 1 3 5 4 0 2 6 3 4 8 5 5 6 5 8 6 4 5 6 1 4 0 3 5 8 4 6 6 1 8 6 0 8 5 0 6 6 5 6 6 1 3 1 3 5 8 7 2 6 6 6 4 6 7 3 0 5 8 6 3 6 8 7 1 8 2 3 2 2 7 2 0 4 2 10 5 11 8 2 6 4 4 3 10 6 6 6 4 3 7 4 9 1 7 1 5 7 7 9 2 7 5 3 7 6 7 8 0 3 1 10 5 4 6 3 8 7 2 4 2 5 7 4 1 6 6 6 5 6 7 5 7 6 6 3 6 9 10 1 1 4 7 8 5 8 6 4 0 6 5 1 3 9 4 6 4 8 4 2 1 5 7 2 8 8 11 2 0 5 9 6 7 7 0 5 6 6 5 10 4 9 6 4 6 1 10 5 6 6 3 7 9 3 1 4 6 3 2 4 3 8 2 6 7 10 4 10 1 6 4 7 3 5 6 6 5 7 5 6 8 0 6 3 7 5 7 8 5 6 6 2 4 8 4 5 6 7 2 6 1 4 7 3 5 7 6 4 1 10 4 10 10 9 2 6 1 4 2 2 9 6 8 8 7 6 6 6 8 6 5 4 7 8 7 7 7 1 11 9 6 6 10 7 4 9 5 0 3 5 7 
4 6 7 3 6 5 1 1 1 4 6 2 3 5 3 3 2 6 2 4 1 1 2 5 7 2 1 3 4 3 1 1 1 5 5 0 3 2 6 4 3 4 7 4 4 1 3 3 5 2 3 2 3 2 5 4 3 4 2 1 1 0 3 2 5 1 5 3 1 2 3 7 3 3 7 2 4 2 6 3 4 4 5 2 5 6 6 4 4 2 0 0 3 5 5 6 5 4 5 4 6 5 3 4 3 3 5 4 5 3 2 4 5 3 3 6 4 1 1 4 6 4 1 3 1 4 6 1 5 3 2 3 2 5 4 4 6 3 3 4 4 5 1 3 1 4 4 5 1 3 1 5 7 1 3 3 3 5 2 2 3 3 4 2 3 3 4 1 2 5 1 5 5 7 6 7 5 4 1 5 3 3 3 2 2 2 5 2 6 3 8 2 1 5 2 6 3 4 1 1 3 5 2 3 1 4 6 4 1 1 4 4 4 3 6 5 5 6 3 3 3 4 2 4 5 1 3 0 3 4 5 2 2 3 4 2 7 1 3 4 4 2 4 6 4 4 2 2 3 5 5 4 2 3 2 4 1 2 6 5 6 6 5 3 5 1 6 2 0 5 4 5 4 3 3 3 2 4 3 3 3 3 7 2 2 3 3 6 4 3 2 6 4 1 5 1 4 0 1 2 
4 5 7 2 6 6 3 0 2 4 7 3 3 5 4 4 2 7 2 3 0 1 2 5 7 2 2 3 3 4 2 3 2 5 4 1 2 1 7 3 4 5 7 4 5 1 2 3 5 1 4 3 4 3 5 3 2 5 1 1 1 1 2 1 6 3 6 2 0 3 3 7 2 4 7 3 4 3 7 2 5 5 5 3 4 6 5 3 5 1 0 1 3 4 5 6 5 5 6 4 7 4 5 3 4 3 5 3 3 3 1 4 5 2 4 6 2 3 2 5 5 4 2 4 1 3 6 2 5 4 2 2 2 6 4 4 6 4 3 3 4 4 1 3 2 4 3 4 2 5 2 5 7 0 2 3 3 6 1 2 4 3 3 2 3 4 3 1 3 6 2 5 6 7 5 5 6 5 1 4 3 1 2 3 3 1 5 2 5 3 8 2 0 5 3 5 3 3 1 2 3 3 2 4 2 3 6 5 1 1 3 5 3 2 5 6 4 7 4 4 1 5 2 4 5 0 2 0 3 3 6 1 3 3 4 1 6 0 2 3 4 3 3 6 4 4 1 4 2 6 5 3 2 3 1 4 2 3 5 5 5 5 4 4 4 2 6 3 1 4 3 4 3 2 3 3 2 3 2 3 3 1 7 1 1 3 4 5 3 3 1 5 3 1 3 0 5 1 1 1 
26 11 23 22 18 28 27 39 30 32 18 32 34 19 43 44 36 42 33 11 18 18 35 34 26 11 40 31 31 20 23 15 38 30 31 36 19 18 34 13 18 43 31 21 23 26 28 34 28 20 32 22 44 38 31 8 28 19 32 30 39 35 19 11 24 31 29 18 30 27 28 12 37 40 30 31 29 42 28 7 37 42 26 21 28 34 15 18 17 36 30 38 17 17 36 13 41 26 20 24 30 26 44 17 26 12 16 33 20 35 36 21 38 32 25 14 20 18 20 15 31 39 29 42 39 20 39 26 34 42 28 15 25 20 27 29 33 26 25 21 33 25 11 13 38 43 17 29 20 38 39 10 22 36 34 14 39 44 38 25 41 39 36 31 18 21 32 11 18 23 34 25 44 16 25 6 22 23 10 32 23 12 27 37 15 27 17 22 24 36 31 12 9 39 18 23 28 24 39 32 26 9 27 16 24 13 16 16 23 24 12 37 24 16 25 37 30 46 27 35 35 26 23 29 40 11 31 32 23 15 36 20 21 37 13 20 28 32 22 25 21 36 7 16 37 16 38 17 14 40 38 14 38 24 33 22 24 17 5 29 29 10 35 31 28 20 33 41 39 20 14 16 32 14 30 15 24 24 16 38 23 12 32 9 34 19 34 14 30 36 25 14 32 14 28 38 37 14 37 20 
5 6 8 4 7 6 2 2 2 5 7 4 2 6 4 3 3 7 3 4 1 2 3 6 8 1 1 2 4 4 1 2 3 6 5 0 3 0 7 4 2 5 9 6 5 0 3 4 6 0 4 2 4 3 7 4 4 5 3 0 0 1 4 2 6 3 7 3 2 2 2 8 3 5 8 3 5 3 7 4 5 5 6 4 5 7 6 3 5 0 1 0 4 5 7 7 6 6 7 3 7 5 4 4 4 4 6 4 4 4 1 5 6 3 2 7 3 2 2 5 6 6 1 2 2 5 8 1 6 4 3 4 3 6 5 5 7 2 4 4 5 6 0 4 2 3 4 5 2 4 1 6 8 1 3 4 4 5 1 1 4 4 4 3 4 2 4 2 4 6 0 6 6 9 7 6 6 5 0 4 4 3 2 3 1 2 6 0 6 5 9 1 1 6 3 6 2 5 0 2 4 5 3 3 1 5 7 5 2 2 3 5 4 2 6 6 5 7 2 2 3 6 3 5 6 2 4 1 4 3 6 2 4 4 5 2 8 2 3 4 5 1 4 7 5 5 2 3 4 6 6 4 3 2 2 5 1 4 6 6 6 6 5 4 6 2 7 3 1 4 5 5 4 4 2 4 1 3 4 4 4 3 8 2 1 2 4 6 4 4 1 6 5 0 4 1 5 2 0 1 
70 30 56 62 34 65 65 107 77 78 30 82 86 42 111 112 100 104 88 29 44 44 98 89 64 21 104 74 87 43 53 29 100 76 91 96 49 43 78 36 35 109 80 49 47 65 74 92 73 49 78 48 112 96 80 21 83 42 88 79 105 91 54 25 52 77 69 48 82 65 67 23 105 102 79 77 71 111 60 17 96 107 63 47 82 84 42 48 33 96 82 102 35 49 94 26 109 62 40 53 70 76 112 47 58 24 40 98 56 89 102 52 96 90 59 28 54 38 46 28 94 103 71 110 108 57 104 64 86 108 74 40 63 41 71 77 86 60 74 59 88 70 21 33 100 111 49 82 44 94 101 21 53 98 96 36 105 110 106 61 107 101 103 79 53 45 90 21 39 47 88 64 113 32 65 18 46 49 20 91 67 30 73 95 29 77 37 52 73 94 77 21 19 106 36 69 68 67 105 82 73 25 67 28 55 33 29 30 61 62 30 93 66 40 73 93 85 114 63 87 103 60 59 84 106 23 87 84 68 39 86 56 49 106 27 52 70 91 58 72 45 92 18 31 99 41 106 33 41 100 98 38 100 53 92 56 58 33 15 73 88 28 103 77 72 44 81 105 103 56 36 46 94 36 76 35 59 65 43 102 55 34 83 20 92 40 84 39 86 105 67 40 95 28 80 104 89 28 97 51 
7 8 11 6 8 7 3 4 4 6 7 5 0 8 5 3 5 8 5 7 4 4 6 8 10 2 1 0 7 4 1 3 5 8 7 3 6 2 7 6 0 5 11 8 5 3 6 6 8 2 5 1 4 2 9 7 6 7 5 2 2 2 6 4 7 3 8 5 4 1 1 11 6 6 10 4 7 4 7 6 7 5 8 5 7 9 8 5 7 2 4 3 6 7 9 9 9 8 8 1 9 8 4 7 4 6 8 7 6 5 3 7 8 6 1 10 5 3 3 6 8 8 1 1 4 7 10 1 8 5 5 6 5 7 8 7 9 0 7 7 7 8 2 7 3 0 7 7 2 4 1 9 10 3 5 7 6 6 2 1 6 6 6 5 7 1 7 4 5 7 1 9 7 11 9 9 7 6 1 7 6 5 4 4 1 4 8 1 8 7 11 2 4 8 4 9 0 7 2 4 6 7 5 3 1 7 8 7 4 5 5 7 7 4 8 8 7 7 0 1 5 7 6 7 8 4 6 4 7 5 6 4 6 7 7 4 10 4 6 7 6 1 6 9 7 7 5 3 6 6 8 7 5 0 4 8 1 4 8 8 9 8 7 5 8 2 8 4 2 6 7 8 7 6 1 6 1 6 6 6 6 5 10 4 3 1 5 8 6 6 2 9 7 2 6 4 5 3 2 3 
44 24 36 38 23 43 44 71 51 52 21 55 60 27 74 76 66 70 58 19 30 29 64 58 41 16 71 52 55 29 37 20 66 49 60 65 32 31 53 24 27 73 52 31 32 45 48 60 47 35 52 34 76 66 52 13 54 27 58 55 72 62 34 18 35 51 45 34 55 45 48 14 70 68 51 52 47 74 41 10 63 72 41 32 57 55 32 34 22 66 54 69 23 35 61 16 71 41 26 39 47 52 76 29 40 15 24 63 40 59 70 33 63 60 42 17 38 26 32 19 64 67 49 76 71 37 68 44 57 72 49 26 42 28 45 50 56 43 46 37 57 44 16 19 68 77 34 58 30 64 69 12 34 66 66 21 69 75 73 43 71 67 71 52 32 32 59 14 26 32 60 40 76 20 41 16 31 34 15 63 42 21 51 64 21 52 24 37 50 62 50 17 12 69 24 49 48 42 71 55 47 19 44 20 39 19 19 20 40 40 23 62 41 29 52 62 60 77 45 60 70 40 38 53 69 15 58 56 42 29 58 39 32 69 16 36 45 60 38 45 30 63 12 20 65 25 71 24 24 67 65 23 66 38 63 35 40 22 13 47 60 20 71 51 46 30 54 70 69 40 21 30 62 24 53 22 42 46 26 67 36 23 54 15 63 30 56 30 60 67 46 28 61 20 56 70 60 19 66 37 
2 3 6 0 7 7 5 2 4 5 8 4 6 5 5 6 0 8 3 0 2 2 1 4 5 4 5 6 1 6 5 5 3 4 1 3 0 3 8 0 6 6 6 4 7 3 1 2 4 3 6 6 6 6 5 0 0 5 0 3 4 4 0 2 6 4 6 2 1 5 6 5 0 6 5 5 4 5 9 0 5 7 5 5 2 6 3 2 6 3 1 3 4 2 4 5 4 5 7 6 7 2 7 0 6 3 2 0 2 5 2 3 6 0 6 5 2 5 4 6 2 4 5 6 2 0 5 4 5 5 2 0 3 7 3 2 5 7 0 0 3 2 4 1 4 7 1 3 5 7 5 3 5 2 2 1 3 8 3 5 5 4 1 3 0 6 0 2 5 7 4 4 7 6 3 3 7 7 3 2 0 0 3 5 5 0 4 5 2 3 6 4 0 4 5 3 6 1 3 4 0 2 3 6 5 1 7 6 1 2 3 6 1 2 3 6 3 8 7 6 0 5 1 1 4 2 0 2 0 3 7 0 4 0 3 2 5 0 0 1 5 5 0 6 3 2 1 6 0 7 5 0 3 6 1 2 5 5 3 4 2 2 2 5 3 4 6 5 4 2 1 1 0 0 5 2 4 2 1 3 4 0 5 1 3 6 6 3 2 0 2 2 1 4 2 2 7 4 4 2 
4 0 8 2 10 10 7 3 6 8 11 6 6 8 8 8 3 10 6 2 4 4 4 7 7 5 6 7 3 8 6 7 6 7 2 5 3 3 11 2 7 9 8 7 10 4 4 5 6 3 8 8 8 8 7 2 2 8 3 3 4 6 2 2 9 7 8 2 3 7 6 8 2 8 7 7 7 7 11 2 8 9 8 7 0 9 1 1 8 4 3 5 7 0 7 8 7 8 9 7 10 1 9 2 8 5 4 2 0 7 1 6 8 2 6 7 1 7 6 9 1 7 6 6 5 2 8 6 8 8 4 3 5 10 5 5 7 7 2 2 6 4 4 3 6 7 1 0 6 9 6 6 8 4 2 3 6 10 3 5 8 7 0 6 2 8 2 5 7 10 5 6 10 8 5 1 9 9 3 0 2 2 3 7 6 1 7 6 1 6 8 5 3 6 8 1 6 4 4 6 3 0 6 8 6 3 10 8 3 4 2 9 3 2 0 9 0 11 7 8 0 8 4 3 7 4 2 4 2 1 10 1 6 3 6 2 7 3 3 3 8 7 2 9 6 5 2 8 2 10 8 2 6 7 1 5 6 8 1 7 2 1 0 7 6 6 9 7 6 0 3 2 1 3 6 5 4 1 3 6 6 0 8 1 3 6 8 1 1 3 2 2 2 6 0 4 10 6 5 2 
3 9 3 3 1 3 3 6 4 2 4 3 9 0 2 6 5 2 3 6 6 5 5 0 3 8 7 8 3 5 7 4 4 2 6 6 5 8 4 6 9 3 3 2 5 7 4 3 2 7 4 7 5 6 0 6 5 0 6 7 7 6 4 7 2 3 0 8 6 7 9 3 7 3 3 4 1 4 4 4 0 4 0 3 9 0 9 8 2 7 4 6 2 9 2 1 2 1 1 10 1 7 6 4 5 3 3 5 9 3 7 2 0 6 9 3 8 4 5 3 8 1 7 9 2 6 2 5 1 3 4 5 3 3 2 3 1 9 2 4 2 3 7 2 5 9 7 9 5 6 7 2 3 6 8 2 3 5 8 8 1 2 8 4 2 8 6 5 4 3 7 3 3 3 3 9 2 4 7 8 2 6 8 3 8 6 1 7 8 2 4 8 4 2 4 9 9 3 7 5 5 8 3 6 7 2 2 2 3 2 8 2 2 8 9 1 9 5 9 7 6 1 4 3 2 5 6 5 3 8 4 6 3 5 3 7 3 4 5 3 2 7 6 0 2 2 7 6 3 3 1 4 3 9 7 2 7 4 9 0 8 8 8 3 3 4 0 5 4 9 2 6 6 5 9 3 8 8 3 2 2 6 3 7 8 9 3 9 8 2 7 8 4 7 9 6 5 5 7 8 
6 10 8 6 4 2 0 5 2 3 2 3 5 4 0 1 6 3 3 8 5 5 6 5 8 6 3 5 6 1 3 0 3 6 8 4 6 6 2 7 5 0 8 5 0 5 5 5 6 6 1 3 1 2 5 7 7 3 6 5 5 3 6 6 3 0 5 8 5 3 6 8 7 2 8 2 4 1 2 6 3 0 4 2 9 5 10 8 3 5 4 4 3 9 6 6 6 4 4 6 4 9 1 7 1 5 7 7 9 2 6 5 3 7 6 7 8 0 2 1 10 5 3 6 3 8 7 1 4 2 5 6 4 2 6 6 6 5 6 7 5 7 5 6 3 6 8 10 1 0 4 7 8 5 7 6 4 0 6 5 1 3 8 3 6 3 7 4 2 2 4 7 2 8 8 11 3 1 5 9 6 7 7 0 4 6 6 5 10 4 9 6 4 6 1 10 5 6 5 3 7 9 3 1 4 6 3 3 4 3 8 2 6 7 10 4 10 2 5 3 7 3 5 6 6 5 7 4 6 8 1 6 3 7 5 6 8 4 6 6 2 4 7 5 5 6 7 2 6 1 4 7 3 5 6 6 4 1 10 5 10 9 9 2 6 1 5 1 1 9 6 8 8 7 6 5 5 8 6 5 4 7 8 6 6 6 1 10 8 6 6 10 7 4 9 5 0 3 4 6 
21 16 18 19 14 25 25 39 29 28 15 30 35 15 40 42 36 38 31 13 19 17 34 29 20 13 40 31 28 19 23 14 36 25 32 36 18 20 31 15 19 40 26 16 20 27 26 32 24 22 30 22 42 37 26 9 29 15 32 32 40 35 18 13 20 29 24 21 31 27 29 7 38 37 25 30 25 40 25 6 33 40 22 19 33 29 20 21 13 37 29 38 14 22 31 8 36 22 16 25 26 29 43 16 24 9 10 33 24 32 39 18 33 33 27 8 23 16 19 13 35 35 29 44 37 21 34 26 30 39 26 15 23 17 22 26 28 27 21 20 30 20 12 8 37 44 20 33 19 37 39 5 17 36 37 9 36 42 41 26 38 36 39 29 14 21 32 10 16 19 35 20 41 10 19 12 18 20 12 35 20 13 30 35 15 29 12 23 28 32 25 13 8 35 16 28 29 21 40 31 26 13 24 14 24 8 12 13 22 22 16 34 19 18 30 33 34 43 28 35 38 22 21 25 35 11 32 31 21 19 33 22 18 37 9 22 22 32 21 21 17 37 8 12 33 12 39 16 13 37 34 13 35 24 35 17 25 14 10 24 33 13 39 28 23 18 28 39 38 24 9 17 33 14 32 13 26 27 14 35 20 14 26 11 36 20 31 19 34 33 27 17 30 14 32 38 34 13 37 22 
29 21 24 26 11 19 20 40 26 26 7 29 32 15 34 36 39 33 31 17 19 19 37 32 27 12 36 28 35 13 19 8 35 29 39 35 22 20 23 19 15 33 32 19 12 26 29 35 28 22 25 17 36 32 29 14 34 13 35 31 39 32 24 14 17 24 25 24 32 23 27 13 42 33 32 25 25 36 17 12 31 32 22 15 37 30 25 24 11 36 31 37 12 26 36 12 40 22 13 22 24 35 36 22 18 11 19 40 28 30 40 20 32 37 24 15 26 11 16 7 41 37 25 41 37 26 39 21 30 35 29 19 23 11 28 31 32 23 30 26 32 29 11 16 34 41 25 37 14 29 36 12 23 37 39 17 38 33 41 24 34 34 43 28 23 16 37 10 12 13 32 26 36 16 28 17 14 13 11 40 28 16 31 30 12 32 16 21 34 34 32 12 10 39 11 34 26 28 39 28 30 18 24 8 21 16 9 9 23 23 18 30 27 20 35 32 38 35 24 30 41 20 24 34 39 12 36 31 29 21 25 25 18 41 13 23 29 34 25 29 15 33 13 11 37 18 41 11 20 30 35 19 35 21 37 23 22 10 16 27 40 19 44 26 29 14 29 34 34 28 17 24 39 18 30 16 25 30 19 37 20 18 33 13 36 18 27 24 37 40 28 23 38 12 36 39 26 11 35 23 
68 39 49 62 27 59 62 108 75 72 24 79 88 35 106 110 101 97 85 33 46 44 98 80 59 24 104 76 87 40 53 27 98 71 95 97 50 47 72 39 37 104 73 44 43 68 73 91 68 53 74 48 109 95 71 24 85 35 90 83 107 91 55 28 46 74 61 53 84 65 70 16 109 98 73 75 66 108 54 19 89 102 56 44 89 76 51 53 28 98 82 103 31 56 88 17 103 56 33 56 63 82 110 49 55 21 37 100 63 85 107 47 88 93 61 22 59 35 45 23 100 98 71 113 105 60 97 63 80 104 74 41 61 35 67 75 77 61 73 61 83 67 23 31 99 113 55 90 42 91 101 16 46 100 101 34 102 106 110 63 102 97 110 77 52 45 93 21 35 41 89 59 107 25 62 27 40 45 23 98 67 33 78 92 30 81 31 54 80 90 71 24 19 101 33 77 70 65 107 81 74 32 64 25 56 31 22 25 61 60 36 88 64 44 81 87 93 109 65 87 108 54 59 83 100 24 90 84 68 45 81 61 46 107 24 55 65 91 59 71 40 93 21 23 95 37 109 32 42 95 92 40 97 55 97 52 59 29 23 66 94 34 110 73 68 42 74 102 102 63 34 50 98 38 79 34 63 71 42 99 52 39 76 25 95 43 80 48 92 104 71 46 96 29 87 106 85 27 98 56 
3 9 5 3 1 2 2 4 3 0 3 1 7 1 0 4 4 2 2 6 5 4 4 1 5 6 5 7 3 3 5 2 2 2 6 4 4 6 3 6 7 1 4 2 3 6 3 3 3 6 2 5 4 4 2 6 4 0 5 6 6 4 4 6 1 1 1 7 5 5 7 5 6 1 5 3 0 2 3 4 0 3 1 1 8 2 9 7 0 6 3 4 1 8 3 3 3 1 1 8 2 7 4 4 4 2 3 5 8 1 6 2 0 5 8 4 7 2 3 2 8 2 5 8 1 5 3 3 1 1 3 5 2 2 2 3 3 7 3 4 2 3 6 3 3 8 7 8 3 4 5 3 4 4 7 2 2 3 6 6 0 1 7 2 3 6 5 3 2 2 5 3 2 4 4 9 1 2 5 8 3 5 7 1 6 5 2 6 8 1 5 7 3 2 2 8 7 3 6 3 5 7 2 4 5 3 1 0 2 1 7 0 3 7 9 1 8 3 7 6 5 0 3 3 3 4 5 4 3 7 2 5 1 5 2 6 4 3 4 3 0 6 6 1 2 3 6 4 3 2 1 4 2 7 6 3 5 2 8 1 8 7 8 1 3 2 1 3 3 8 3 6 5 5 7 3 6 7 3 2 1 5 4 6 6 8 2 9 7 3 6 7 4 5 8 4 3 3 5 6 
23 14 20 19 16 27 26 38 29 30 16 31 35 17 41 43 35 40 32 11 18 17 34 31 23 12 40 31 28 20 23 14 36 27 29 36 18 19 32 13 18 41 28 18 21 26 26 32 26 21 31 22 43 38 29 8 27 17 31 31 39 35 18 11 22 29 26 20 30 27 28 9 37 38 27 30 27 41 26 5 35 41 24 20 30 31 18 19 15 36 29 38 15 19 33 10 38 23 17 24 28 27 43 15 25 10 13 32 22 33 37 19 35 32 26 11 22 17 20 14 33 36 29 43 38 19 36 26 32 40 27 14 24 19 24 27 30 26 22 19 31 22 11 10 38 44 18 31 19 37 39 7 19 36 36 11 37 43 39 26 39 37 37 29 15 21 31 10 17 21 34 22 43 13 22 9 20 22 11 33 20 12 28 36 15 28 14 22 26 34 28 12 8 37 16 25 29 22 39 31 25 11 25 15 24 10 14 14 22 22 14 35 21 17 28 35 32 44 27 35 36 24 21 26 37 10 31 31 21 17 34 21 19 36 10 20 25 32 21 22 19 36 7 14 35 14 38 17 12 38 36 12 36 24 34 19 24 15 8 26 31 11 37 30 25 19 30 39 38 22 11 14 31 13 31 13 25 25 14 36 21 13 29 10 35 19 32 16 32 33 26 14 29 14 30 38 35 13 37 21 
3 6 6 2 4 4 1 2 1 2 5 1 4 3 2 3 2 4 0 4 2 1 2 3 6 3 2 4 3 3 2 1 0 3 4 1 3 3 5 4 5 3 6 3 4 3 2 2 4 3 2 3 3 3 4 4 3 2 2 3 3 1 2 3 3 1 4 4 2 3 5 6 3 2 6 1 2 1 5 3 2 3 3 1 6 4 7 5 3 3 0 1 1 6 4 5 4 3 4 5 4 5 3 3 3 2 4 3 5 1 3 2 3 3 5 5 4 1 1 2 6 3 2 5 0 4 5 1 3 2 1 3 0 4 3 3 5 4 2 3 2 4 3 3 1 5 5 6 1 3 3 4 6 2 4 2 1 4 3 3 2 1 5 0 2 4 4 1 1 4 3 4 4 6 5 7 4 3 2 5 2 3 4 1 3 2 4 3 6 2 7 4 0 3 2 6 4 3 3 0 3 5 0 3 3 3 4 3 0 0 5 3 3 4 6 3 6 5 5 4 3 3 2 3 4 1 3 1 3 5 4 3 1 3 2 3 5 1 2 3 2 3 4 4 2 3 3 3 3 3 3 3 0 4 3 3 2 2 6 3 6 6 6 1 3 1 4 2 1 6 3 5 4 3 4 2 4 5 2 2 1 3 6 3 3 5 2 7 5 2 3 6 4 2 5 2 4 0 2 4 
1 7 3 1 3 4 3 3 3 2 5 1 7 1 2 5 3 4 1 4 4 2 2 1 3 6 5 7 1 4 5 3 2 1 4 4 3 5 5 4 7 3 4 0 5 5 2 1 1 5 3 6 5 5 1 4 2 1 3 5 5 4 2 4 3 2 2 6 3 5 7 3 4 3 3 3 1 3 5 2 1 4 1 2 6 2 7 6 2 5 1 4 1 6 2 2 1 1 3 8 3 5 5 2 5 0 2 2 6 2 5 0 2 4 7 2 6 3 3 3 6 0 5 7 0 3 2 3 1 3 1 3 1 4 1 1 2 7 1 2 0 2 5 1 3 8 5 7 3 5 5 2 3 3 5 0 0 5 5 6 2 2 5 2 1 6 3 2 3 4 5 2 4 4 3 7 3 4 5 6 1 3 5 2 6 3 1 5 6 0 4 6 1 1 3 6 7 1 5 3 3 5 1 5 5 1 3 2 1 0 6 3 1 5 7 2 7 5 7 6 4 2 2 1 1 3 4 3 1 6 4 4 1 3 0 4 3 1 2 1 2 6 4 3 0 1 4 5 1 4 1 2 1 7 4 1 5 3 6 1 6 5 6 2 1 3 2 4 3 6 1 4 3 3 7 1 6 5 1 0 1 3 3 4 5 7 3 7 6 1 5 5 2 5 6 3 5 3 5 5 
43 25 34 38 22 43 43 72 51 51 20 54 60 26 73 76 67 69 58 21 31 30 64 56 40 17 71 52 55 29 37 20 66 48 61 65 32 32 52 25 27 72 50 30 32 46 48 60 45 36 52 34 75 66 50 15 55 26 59 56 72 62 34 19 34 51 44 35 56 45 48 12 72 68 50 52 46 74 40 11 62 71 40 31 59 54 34 35 21 66 54 69 22 37 60 14 70 39 25 39 46 54 76 30 39 14 23 65 41 59 71 32 62 61 43 16 39 26 31 18 66 66 49 77 70 38 66 44 55 71 49 26 41 27 44 49 54 43 46 38 56 43 16 18 67 77 36 60 30 64 69 10 32 67 67 20 69 74 74 43 70 66 72 52 32 32 60 14 25 31 61 39 75 19 40 17 30 33 16 65 42 21 52 63 22 53 22 37 52 61 49 17 12 68 24 50 48 41 72 55 48 20 44 20 39 18 18 19 40 40 24 61 40 30 54 61 61 76 45 60 71 39 38 53 68 16 59 56 43 30 57 40 32 70 16 37 44 60 39 44 29 64 13 19 64 23 72 23 25 66 63 24 66 39 65 33 41 22 15 46 62 22 73 51 45 30 52 70 69 41 20 31 64 24 54 22 43 47 26 66 35 25 52 16 64 30 56 31 61 66 47 29 61 20 57 71 60 19 66 38 
5 11 5 5 0 1 3 7 5 2 3 3 9 2 1 5 7 0 4 8 7 6 6 2 6 8 7 8 5 4 7 4 4 4 8 6 7 8 3 8 9 1 5 4 4 8 6 5 4 8 3 7 5 6 2 8 7 0 7 8 8 6 6 8 1 3 2 9 7 6 9 5 8 2 5 4 2 4 2 6 0 3 2 3 10 2 11 9 1 8 5 6 3 10 4 3 4 2 0 10 0 9 5 6 5 4 5 7 10 3 8 4 0 8 9 5 9 3 5 2 10 3 7 9 3 8 4 5 2 3 5 7 4 2 4 5 3 8 4 6 4 5 8 4 5 9 9 11 4 5 7 5 5 7 9 4 4 4 8 8 0 3 9 4 4 7 8 6 3 2 7 5 1 5 6 11 1 3 7 10 5 7 9 2 8 7 3 8 10 3 6 9 5 4 4 10 8 5 8 5 7 10 4 5 7 4 0 1 4 3 10 1 4 9 11 1 11 3 9 7 8 1 6 5 4 6 8 6 5 10 2 8 4 7 4 8 5 5 6 5 2 7 8 1 4 4 8 6 5 1 2 6 4 8 8 4 7 3 10 2 10 9 10 3 5 4 2 4 4 10 5 8 8 7 9 5 8 9 5 4 3 7 5 8 9 10 3 11 10 5 8 10 6 7 10 7 4 5 7 9 
7 9 10 6 6 5 1 5 2 5 5 4 2 6 3 1 6 6 4 7 4 5 6 7 10 4 2 2 7 1 1 0 4 7 8 3 6 4 5 7 3 3 10 7 3 4 6 6 7 4 3 0 1 0 7 7 7 5 6 3 4 2 6 5 5 1 7 6 5 1 4 10 7 4 10 2 5 3 5 6 5 3 6 3 8 7 9 7 5 4 4 3 4 8 8 8 8 6 6 3 7 8 1 7 1 6 8 7 8 4 5 6 6 6 3 9 7 1 2 3 9 7 1 3 4 8 9 0 6 3 5 6 4 4 7 7 8 2 6 7 6 8 4 7 2 3 8 8 0 1 2 8 9 4 6 6 5 3 4 3 4 4 8 4 6 1 7 4 3 4 2 8 5 10 9 10 5 3 3 8 6 6 5 2 2 5 7 3 9 6 11 4 4 7 2 10 2 7 4 3 7 8 4 1 2 7 6 5 4 4 7 5 7 6 9 6 9 4 3 1 6 5 6 7 7 5 7 4 7 7 4 5 4 7 6 5 9 4 6 7 4 1 7 7 6 7 6 0 6 4 6 7 4 2 5 7 2 3 9 6 9 9 8 4 7 0 7 2 0 8 7 8 7 6 4 6 3 7 6 6 5 6 10 5 5 4 3 9 7 6 4 9 7 2 8 4 3 3 3 5 
6 7 9 5 7 5 2 3 2 5 6 4 1 6 3 2 4 7 3 6 3 3 4 7 9 2 0 1 6 2 0 1 3 6 7 1 5 2 6 5 2 4 9 6 4 2 5 5 7 2 3 1 2 1 7 6 5 5 4 2 2 1 5 4 6 2 7 5 3 0 2 9 5 4 9 2 5 3 6 5 5 4 6 3 7 7 7 5 5 2 2 1 4 7 7 8 7 6 6 2 7 7 3 6 2 5 7 6 6 4 3 6 6 5 2 8 5 1 2 4 7 6 0 2 3 6 8 0 6 4 4 5 4 5 6 6 8 1 5 6 6 7 2 6 2 2 6 7 0 3 0 7 9 2 4 6 5 4 2 1 4 4 6 3 5 1 6 3 3 5 1 7 6 9 8 8 6 4 1 6 5 4 4 2 0 3 7 1 8 5 10 2 3 7 3 8 1 6 2 2 5 6 4 2 0 6 7 5 3 3 5 5 6 4 7 6 7 6 2 1 4 6 4 6 7 3 5 2 5 5 5 3 4 5 6 4 9 3 5 6 5 0 6 7 6 6 4 1 5 5 6 6 4 1 3 6 0 3 8 6 8 7 7 4 6 1 7 2 0 6 6 7 6 5 2 5 2 5 5 5 4 4 9 3 3 2 4 8 5 5 2 8 6 0 6 2 4 2 1 3 
6 6 9 5 8 6 3 3 3 6 7 4 1 7 4 3 4 8 4 5 2 3 4 7 9 0 1 1 5 4 1 2 3 7 6 1 5 0 7 5 1 5 10 7 5 1 5 5 7 0 4 2 4 2 8 5 5 6 4 0 1 2 5 3 7 3 8 4 3 2 1 9 4 5 9 3 6 4 7 5 6 5 7 4 6 8 6 4 6 1 2 1 5 6 8 8 7 7 7 1 8 6 4 5 4 5 7 5 5 5 2 6 7 4 1 8 4 3 3 5 7 7 1 1 3 6 9 1 7 4 4 5 4 6 6 6 8 1 5 5 6 7 1 5 3 2 5 6 2 4 1 7 9 2 3 6 5 6 1 0 5 5 5 4 5 2 5 3 4 7 0 7 7 10 8 7 7 6 0 5 5 4 2 3 0 3 7 0 7 5 10 0 2 7 4 7 1 6 1 3 5 5 4 3 1 6 8 6 3 3 4 6 6 3 6 7 6 7 1 2 3 6 4 6 7 3 5 2 5 4 6 3 5 5 6 3 9 3 4 5 6 1 5 8 6 6 3 3 5 6 7 5 4 1 2 6 1 4 7 7 7 7 6 5 7 2 8 3 1 5 6 6 5 5 1 5 0 4 5 5 5 4 9 2 2 1 5 7 4 5 1 7 6 1 5 2 5 2 0 2 
4 6 7 2 6 5 2 1 1 4 6 2 3 4 3 3 2 6 1 4 1 1 2 4 7 2 2 3 3 3 2 2 1 4 4 0 2 2 6 3 4 4 7 4 5 1 2 2 4 2 3 3 3 3 5 3 3 4 2 2 2 1 2 2 5 2 5 3 1 2 4 7 3 3 6 2 3 2 6 3 4 4 5 2 5 5 6 3 4 2 0 0 2 5 5 6 5 4 5 4 6 5 4 3 3 3 4 3 4 3 2 3 5 3 4 6 3 2 1 4 5 4 2 4 1 4 6 1 4 3 2 2 1 5 4 4 6 4 3 3 3 4 2 3 1 4 4 5 1 4 2 5 7 0 3 3 2 5 2 2 3 3 4 1 3 3 3 0 2 5 2 5 5 7 5 6 5 4 1 4 3 2 3 2 2 1 5 2 5 3 8 3 0 4 2 6 3 3 1 1 3 4 2 3 2 3 6 4 0 1 3 4 3 3 5 5 5 6 4 3 2 4 2 4 5 1 3 0 3 4 5 2 2 3 3 2 6 0 2 3 3 3 3 6 3 3 2 3 3 5 4 3 2 3 2 4 2 3 6 4 6 5 5 3 4 1 5 2 1 4 3 4 3 3 3 3 2 3 2 3 2 2 6 2 2 4 3 6 4 3 2 5 4 1 4 0 5 0 1 2 
4 0 8 2 10 10 7 4 7 8 12 7 7 8 8 9 3 11 6 2 5 5 4 7 7 6 7 8 3 9 7 8 6 7 1 6 3 4 12 2 8 9 7 7 10 5 4 5 6 4 9 9 9 9 7 2 1 8 3 4 5 6 2 3 10 7 9 3 4 8 7 7 2 9 7 8 8 8 12 2 8 10 8 8 0 9 0 2 9 5 4 6 7 0 7 7 7 8 10 8 10 1 10 2 9 6 4 1 2 8 2 6 9 2 8 7 2 8 7 9 1 7 7 8 5 2 7 7 8 8 5 3 6 10 5 5 7 8 2 2 6 4 5 3 7 8 1 1 7 10 7 5 8 5 3 3 6 11 4 6 8 7 1 6 2 9 2 5 8 10 6 6 10 8 5 0 10 10 4 1 1 3 4 8 7 2 7 7 0 6 8 6 3 6 8 0 7 3 5 7 3 1 6 9 7 3 10 9 4 5 3 9 3 3 0 9 1 11 8 9 1 9 4 3 7 4 2 5 2 3 10 1 7 3 6 3 7 3 3 2 8 8 2 9 6 4 3 9 1 10 8 2 7 8 2 5 7 8 0 7 1 1 0 8 6 7 9 8 7 1 3 1 1 3 7 5 5 2 3 6 7 1 7 2 4 7 9 0 2 2 3 1 2 6 1 5 10 6 6 3 
5 1 9 3 10 10 7 4 6 8 11 7 6 8 8 8 3 11 6 2 4 4 4 8 8 4 6 7 4 8 6 7 6 7 2 5 3 3 11 3 7 9 9 7 10 4 4 5 7 2 8 7 9 8 8 3 2 8 3 3 4 6 3 3 10 7 9 1 3 7 6 8 2 9 8 7 8 8 11 2 8 10 8 8 0 9 1 1 9 4 3 5 7 0 7 8 7 8 10 6 10 2 9 3 8 6 5 2 0 8 1 7 9 2 6 8 1 7 6 9 2 7 6 6 5 3 8 6 8 8 5 3 6 10 6 6 8 7 3 3 7 5 4 4 6 7 1 0 6 9 6 6 9 4 1 4 6 10 2 5 8 7 1 6 3 7 3 5 8 10 5 7 10 9 6 2 10 10 3 0 2 3 2 7 6 1 8 5 2 7 9 5 3 7 8 2 6 4 4 6 4 1 6 8 6 4 10 9 4 5 1 9 4 2 0 9 0 11 7 7 0 9 4 4 7 4 2 4 3 1 10 1 7 4 6 2 8 3 4 3 8 7 3 10 6 5 2 8 2 10 8 3 6 7 1 5 6 8 2 7 2 2 1 8 6 6 9 7 6 0 4 3 2 3 5 5 3 1 4 6 7 1 8 1 3 5 8 1 1 3 2 3 3 5 0 4 10 6 5 1 
7 7 11 6 9 8 4 4 4 7 8 6 0 8 6 4 5 9 5 6 3 4 5 8 10 1 2 1 6 5 2 3 5 8 7 3 6 0 8 6 1 6 11 8 6 2 6 6 8 1 6 3 5 3 9 6 6 7 5 1 2 3 6 4 8 4 9 4 4 2 0 11 5 6 10 4 7 5 8 6 7 6 8 6 6 9 7 4 7 2 3 3 6 6 9 10 9 8 8 0 9 7 5 6 5 7 8 6 5 6 2 7 8 5 0 10 4 4 4 6 7 8 2 0 5 7 10 2 8 6 5 6 5 8 8 7 10 1 6 6 7 8 2 7 4 1 6 6 3 5 2 9 10 3 4 7 6 7 1 1 6 6 6 5 6 2 6 4 5 8 1 9 8 11 9 8 8 7 0 6 6 5 3 4 1 3 8 1 7 7 11 1 4 8 5 8 0 7 2 4 6 6 5 4 2 7 9 7 4 5 4 7 7 3 7 8 6 8 1 2 4 8 5 7 8 4 5 3 6 4 7 3 6 6 7 4 10 4 5 6 7 2 6 9 7 7 4 4 6 7 8 6 5 1 3 8 2 5 7 8 8 7 6 6 8 3 9 4 2 5 7 7 6 6 0 6 0 5 6 7 6 4 10 3 2 0 6 7 5 6 1 8 7 2 5 3 6 4 2 2 
5 10 6 5 1 0 2 6 4 1 2 3 8 2 0 4 6 0 4 8 6 5 6 2 6 7 6 7 5 3 6 2 4 4 8 5 6 7 2 7 8 0 6 4 3 7 5 5 5 7 2 6 3 5 3 7 6 0 6 7 7 5 6 7 0 1 2 9 6 5 8 6 7 1 6 3 2 3 2 6 0 2 2 2 10 2 11 9 1 7 4 5 2 10 4 4 4 2 1 9 1 9 4 6 4 4 5 6 10 2 8 4 0 7 8 5 9 2 4 1 9 3 6 8 2 7 5 3 2 2 5 6 4 1 4 5 4 7 4 6 4 5 7 4 4 8 9 10 3 4 6 5 6 6 8 4 4 2 8 7 0 2 9 4 4 6 7 5 2 1 6 5 0 6 6 11 0 1 7 9 5 7 8 1 7 7 4 7 10 3 7 8 4 4 3 10 7 5 7 4 6 9 3 4 6 4 0 1 4 3 9 1 4 8 10 1 10 2 8 6 7 1 5 5 4 6 7 5 5 9 1 7 3 6 4 7 6 5 6 5 1 6 7 2 4 4 7 4 5 0 2 6 3 7 8 4 6 2 10 2 10 9 10 2 5 3 2 3 3 10 5 8 7 7 8 5 8 9 5 4 3 7 6 7 8 9 2 11 9 5 7 9 6 6 9 6 2 4 6 8 
1 7 2 1 3 5 4 5 5 3 6 3 9 2 4 7 4 5 3 5 5 4 3 0 1 8 7 9 1 6 7 5 4 0 4 6 4 7 6 5 9 5 2 1 6 7 3 2 0 7 5 8 6 7 0 4 3 2 4 7 7 6 2 6 4 4 2 7 5 7 9 1 5 4 1 5 2 5 6 3 2 6 2 4 7 2 8 7 3 7 3 6 3 7 0 0 0 1 3 10 3 6 7 2 6 2 0 3 7 3 6 1 2 5 9 1 7 5 5 5 6 1 7 9 2 4 0 5 2 4 3 4 3 5 0 2 0 9 0 2 1 0 7 0 5 10 6 7 5 7 7 0 1 5 7 0 2 7 7 8 3 3 6 3 0 8 4 4 4 5 7 0 5 2 1 7 4 5 6 7 0 5 7 4 8 5 0 7 6 2 2 8 3 0 5 7 9 1 7 5 4 6 3 7 7 0 4 3 2 2 7 4 0 7 8 3 7 7 9 8 5 3 3 1 0 5 5 5 1 7 6 5 3 3 1 6 1 3 4 0 3 8 4 2 1 0 6 7 1 5 1 2 3 9 6 0 7 5 7 0 6 6 7 4 1 5 2 5 5 7 0 4 4 4 9 2 8 7 1 2 2 4 1 6 7 9 5 7 7 0 6 6 2 7 7 5 6 5 7 7 
7 9 9 6 6 4 1 5 2 4 4 4 3 6 2 0 6 5 4 8 4 5 6 6 9 4 2 3 7 1 2 0 4 7 8 3 6 4 4 7 3 2 9 6 2 4 6 6 7 4 2 1 1 0 7 7 7 4 6 4 4 3 6 6 5 1 7 7 5 1 4 9 7 3 9 2 5 2 4 7 4 2 6 3 9 7 10 7 4 4 4 3 4 9 8 8 7 6 5 4 6 9 0 7 1 6 8 7 8 4 5 6 5 7 4 9 7 0 2 3 9 6 2 4 3 8 8 0 6 3 5 6 4 4 7 7 8 3 6 7 6 8 4 6 2 4 8 9 0 1 2 8 9 4 7 6 5 2 5 3 3 4 8 4 6 1 7 4 3 4 3 8 4 9 9 10 5 3 3 8 6 6 6 1 2 5 7 3 9 5 10 4 4 7 2 10 3 7 4 3 7 8 4 0 2 7 5 4 4 4 7 4 6 6 9 6 9 4 3 1 6 5 6 7 7 5 7 4 7 7 3 5 4 7 6 6 9 4 6 7 4 2 7 7 6 7 6 0 6 3 6 7 4 3 6 7 2 2 10 6 10 9 9 3 7 0 6 2 0 8 7 8 7 7 4 6 4 7 6 5 4 6 9 5 5 4 3 10 8 6 4 10 7 3 8 4 2 3 3 5 
4 4 8 3 8 7 4 1 3 6 8 4 3 6 5 5 2 8 4 3 1 2 2 6 8 2 3 4 3 5 3 4 3 6 3 2 2 0 8 2 4 6 8 6 7 1 3 4 6 0 5 4 5 5 7 3 2 6 2 0 1 2 3 0 7 4 7 1 1 4 3 8 2 6 7 4 5 5 8 2 6 7 6 5 3 7 4 1 6 1 1 2 5 3 6 7 6 6 7 4 8 3 6 3 5 4 5 3 2 5 0 5 7 2 4 7 1 4 3 6 4 6 3 4 3 3 7 3 6 5 3 2 3 7 5 4 7 4 3 3 5 5 1 3 3 4 3 3 3 6 3 6 8 1 1 4 4 7 0 2 5 5 2 3 3 4 3 2 5 7 2 6 7 8 6 4 7 7 0 2 3 1 0 4 3 0 6 2 4 5 9 2 1 6 5 4 3 4 1 3 3 2 4 5 3 4 8 6 2 3 1 6 3 0 4 7 3 8 4 4 1 6 3 4 6 1 2 2 3 1 7 0 4 3 5 0 7 1 2 3 6 3 2 8 5 4 0 5 2 7 6 3 4 4 0 5 3 5 4 6 4 4 3 5 5 3 7 4 3 2 4 4 3 2 3 4 1 1 3 4 4 1 8 0 0 3 5 4 2 3 0 4 3 2 2 1 7 3 2 0 
0 6 3 0 4 5 3 3 4 3 6 2 7 2 3 6 2 5 2 3 4 2 2 1 3 6 5 7 0 5 6 4 2 0 3 4 2 5 6 3 8 4 3 0 6 5 1 1 1 5 4 6 5 6 1 3 2 2 3 5 5 4 1 4 4 3 2 5 3 6 7 3 4 4 3 4 2 4 6 1 2 5 2 3 6 3 6 5 3 5 1 4 2 6 1 2 1 2 4 8 4 4 6 1 5 0 1 2 6 3 5 0 2 3 8 2 5 4 4 4 5 1 6 8 0 3 2 4 2 3 1 2 2 5 0 0 2 7 0 1 0 1 5 0 4 8 4 6 4 6 6 1 3 4 5 0 1 6 5 6 2 2 5 2 0 7 3 3 3 5 5 1 5 3 2 6 4 5 5 5 0 3 5 3 6 3 1 6 5 1 4 6 1 0 4 6 7 0 5 3 2 5 2 6 6 0 4 3 1 0 6 3 0 5 6 3 6 6 8 7 3 3 1 1 1 3 3 3 0 6 5 4 2 2 0 4 2 1 2 0 3 6 3 3 0 0 4 6 0 4 2 2 2 7 4 0 5 4 6 1 5 5 5 3 0 4 3 4 4 6 0 3 3 2 7 1 6 5 0 0 1 3 3 4 5 7 4 6 5 0 5 5 1 5 6 4 6 3 5 5 
46 27 36 41 19 39 40 71 48 47 17 51 59 23 69 72 67 65 55 22 30 28 64 55 42 16 69 50 58 26 35 17 63 47 64 64 33 31 49 26 25 69 52 29 28 45 48 59 46 35 48 31 72 63 50 16 57 23 59 55 71 59 36 18 30 48 42 36 55 43 47 14 72 64 52 49 42 70 37 13 59 68 37 28 61 52 35 36 17 65 53 68 19 39 60 14 70 37 22 37 43 56 73 33 36 13 26 67 43 55 71 30 59 62 41 17 40 22 29 15 68 65 47 75 68 40 67 41 53 68 48 27 39 23 45 50 54 41 49 41 54 46 15 21 65 75 37 61 27 61 67 12 34 65 68 23 66 70 73 42 67 63 74 49 35 30 62 12 22 27 59 40 71 20 43 19 27 29 15 66 46 22 52 60 19 54 21 35 54 58 51 16 11 67 21 53 47 44 71 52 49 22 41 16 37 21 15 16 39 38 24 58 43 30 55 58 63 73 43 58 72 35 38 56 68 15 60 55 46 30 54 40 28 71 15 37 45 60 39 48 25 61 14 16 63 25 72 21 28 63 61 27 63 36 65 35 39 18 17 45 64 24 74 47 46 27 50 67 66 43 24 34 66 25 53 21 42 48 28 64 32 26 54 17 63 29 52 33 62 69 47 32 65 18 58 69 56 17 65 37 
4 9 6 3 2 1 0 4 2 1 3 1 6 2 0 3 4 2 2 6 4 3 4 3 6 5 4 5 4 2 4 1 2 3 6 3 4 5 3 6 6 1 6 3 2 5 3 3 4 5 0 4 2 3 3 6 5 1 4 5 5 3 4 5 1 0 3 7 4 3 6 6 6 0 6 1 1 1 3 4 1 2 2 0 8 3 9 7 1 5 2 3 0 8 4 4 4 2 2 7 3 7 3 5 2 3 5 5 7 0 6 3 2 5 6 5 7 0 2 0 8 3 4 6 1 6 5 2 2 0 3 5 2 2 3 4 4 5 3 5 3 4 5 3 2 6 7 8 1 2 4 4 6 4 6 3 2 2 5 5 0 0 7 2 3 4 6 3 0 2 4 4 2 6 5 9 2 1 4 7 4 5 6 0 4 4 3 5 8 2 7 6 2 3 1 8 5 4 5 2 5 7 1 2 4 3 2 1 2 1 7 1 3 6 9 2 8 3 6 4 5 1 3 4 4 4 5 3 4 7 2 5 1 5 3 5 5 3 4 4 0 4 6 3 3 3 5 3 4 1 2 5 1 5 5 4 4 0 8 2 8 8 8 0 4 1 3 1 1 8 4 6 6 5 6 3 5 7 4 2 1 5 6 5 6 6 0 9 7 3 5 8 5 4 7 4 2 2 4 6 
1 8 1 1 4 5 5 5 6 4 7 4 10 2 4 8 5 5 4 5 6 5 4 0 1 8 8 9 2 7 8 6 5 1 4 6 4 8 7 5 10 5 1 1 7 7 4 3 1 8 6 8 7 8 0 5 3 2 5 7 8 7 3 7 4 5 2 8 6 8 10 1 6 5 1 6 3 6 7 3 2 7 2 5 7 2 8 8 4 8 4 6 4 7 0 0 0 2 4 10 4 6 8 3 7 3 0 3 8 4 7 2 2 5 10 0 8 5 6 5 6 1 8 10 3 5 0 6 2 5 4 4 4 6 0 2 0 10 0 3 2 0 8 0 6 10 6 8 6 8 8 0 0 6 7 0 3 7 8 9 3 4 7 4 0 9 5 5 5 6 8 1 5 1 1 8 5 6 7 7 0 5 8 5 8 5 1 8 7 3 2 9 4 1 6 7 10 1 7 6 4 7 4 7 8 0 4 4 3 2 8 4 0 8 8 3 8 7 10 9 5 3 4 1 1 5 5 6 1 8 6 6 4 4 2 7 1 4 4 1 4 8 5 3 2 0 6 8 2 5 2 3 4 9 7 0 8 6 7 0 6 6 7 4 1 6 2 6 6 8 0 4 4 5 10 3 8 7 2 3 3 5 1 6 8 10 5 8 7 1 7 6 2 7 8 6 7 6 7 8 
1 4 5 0 5 6 3 1 3 4 7 2 6 4 4 6 0 6 2 2 2 1 0 3 4 4 4 6 0 5 5 4 2 2 2 3 0 4 7 1 6 5 5 2 6 3 0 0 2 3 4 6 5 5 3 1 0 4 1 3 4 3 0 2 5 3 4 3 1 5 6 4 2 4 4 4 3 4 7 0 4 6 4 4 4 5 5 3 4 4 0 3 3 4 3 4 3 3 5 7 5 3 6 0 5 1 2 1 4 3 3 2 4 1 6 4 3 4 3 5 3 3 5 6 1 1 4 3 3 4 0 0 1 6 2 1 4 6 0 0 2 2 4 0 3 7 3 4 4 6 5 2 4 2 3 0 1 6 3 5 3 3 3 2 0 6 1 2 4 6 4 3 6 5 3 5 5 6 3 3 0 1 4 3 5 1 3 4 4 2 5 5 0 2 4 4 6 1 3 3 0 3 2 6 4 1 6 4 0 0 4 4 0 3 5 4 4 7 7 6 1 4 0 1 3 1 1 2 0 4 6 2 2 0 1 2 4 0 0 0 4 5 1 5 2 1 2 5 0 6 3 1 2 6 2 1 4 4 4 3 4 3 4 3 2 3 4 4 3 4 1 2 1 1 6 0 4 3 0 2 2 1 4 2 4 6 4 5 3 0 3 3 1 4 4 2 6 3 4 3 
