60 
300 
90 1035
326 1859
332 1934
248 1727
228 1585
230 1644
266 1801
299 1730
348 1904
68 932
303 1826
97 1015
166 1409
286 1776
339 1969
301 1761
266 1832
71 911
303 1823
193 1534
159 1377
153 1255
290 1788
352 1937
119 1216
301 1791
308 1847
184 1464
339 1954
321 1855
166 1390
119 1179
88 953
352 1955
73 954
113 1100
93 1035
110 1143
210 1579
228 1683
190 1448
28 582
84 1063
275 1845
146 1380
259 1734
28 648
64 883
297 1805
110 1156
133 1288
55 816
62 843
195 1516
268 1828
99 1101
215 1556
119 1136
24 510
181 1383
13 25 11 27 17 21 29 9 25 5 30 27 20 22 19 25 5 9 21 9 15 18 5 23 30 14 21 6 7 24 29 31 29 30 31 29 12 5 26 15 8 32 16 24 29 21 28 22 33 20 25 24 34 27 32 18 6 13 19 17 21 19 24 7 6 11 19 25 6 18 24 30 27 31 6 17 8 24 12 8 14 14 10 8 17 13 21 8 15 19 28 19 24 15 22 33 25 31 23 5 10 18 13 26 28 11 29 22 10 29 26 11 21 19 17 22 10 5 26 14 16 34 14 15 5 18 31 32 27 9 6 15 27 26 18 22 26 13 17 21 18 19 15 30 27 28 30 21 32 19 22 11 16 15 26 23 27 12 6 7 24 5 34 14 13 10 12 21 8 17 22 27 19 32 26 26 17 25 32 9 12 30 27 9 19 22 30 17 34 31 13 10 19 14 11 26 32 27 31 26 19 13 28 19 33 10 12 32 14 25 15 5 11 26 18 8 29 13 31 22 30 27 34 9 7 10 29 20 14 9 32 9 17 28 7 11 23 31 28 24 26 5 17 7 24 32 6 33 24 13 17 19 5 32 5 15 16 32 22 12 33 16 17 30 18 25 12 22 8 31 34 32 32 22 21 29 26 14 25 9 13 30 11 20 7 6 19 27 5 7 14 10 20 22 8 12 26 31 29 14 
16 33 11 29 21 25 39 12 28 10 35 33 22 27 20 29 9 12 28 15 20 27 11 31 33 23 20 8 15 29 34 40 34 37 36 38 22 8 28 18 11 38 22 35 34 31 30 31 37 25 31 29 43 32 36 23 8 16 25 25 27 25 31 14 14 19 25 27 14 23 27 36 31 41 11 22 16 29 14 10 19 18 16 14 18 22 25 18 19 25 35 23 26 20 26 36 31 36 33 13 13 21 20 34 33 15 33 24 12 33 28 16 27 27 24 24 12 9 28 20 20 36 19 23 14 28 36 40 34 16 10 20 33 25 18 25 28 15 19 27 24 27 21 35 34 33 32 27 34 24 24 17 22 21 31 24 30 20 10 12 27 9 40 21 14 17 15 26 16 27 31 34 24 34 28 34 25 33 35 16 20 38 30 14 21 21 32 25 38 32 20 11 27 17 13 30 35 32 31 31 25 17 31 25 36 15 17 41 16 28 20 9 17 28 20 15 35 17 37 29 31 33 41 15 15 14 37 29 17 11 34 13 24 38 14 12 29 34 32 29 36 7 20 9 25 38 10 40 33 20 21 28 11 40 12 17 24 40 30 16 41 23 22 32 24 32 17 25 11 33 39 36 32 28 29 33 28 22 27 13 13 39 15 21 14 11 27 31 13 12 17 20 25 29 14 18 33 39 33 22 
5 5 1 3 4 1 8 4 4 5 3 4 5 4 3 3 4 4 6 6 3 9 3 7 1 9 1 1 6 4 5 9 3 6 5 9 8 5 1 1 5 4 3 9 5 8 4 8 2 3 5 3 9 3 1 2 5 1 5 7 4 3 5 5 7 6 6 0 8 2 4 3 3 9 4 3 6 4 3 2 3 2 4 4 0 8 2 10 3 3 5 1 5 5 2 1 3 4 10 7 0 3 5 5 6 2 2 0 1 1 1 4 4 7 7 3 4 2 5 6 2 2 3 5 7 8 5 6 5 7 2 3 3 1 1 6 3 4 0 3 4 6 4 4 6 3 2 5 0 2 1 6 6 3 2 3 1 7 4 6 5 3 3 5 3 7 1 3 8 7 9 6 3 3 0 7 7 8 5 7 7 6 1 3 0 0 3 6 2 3 6 2 6 1 4 5 0 5 1 5 6 3 4 5 1 4 3 7 5 4 2 2 4 2 4 7 6 4 5 5 4 4 6 4 9 1 5 7 1 0 0 4 5 8 6 3 3 1 2 6 8 1 1 4 3 5 2 5 7 4 1 8 6 6 5 0 8 6 5 1 5 7 3 1 5 5 3 4 1 4 4 1 1 5 6 2 4 6 4 2 0 8 4 2 4 3 6 2 7 6 2 8 4 4 4 6 6 7 2 5 
1 9 2 2 4 6 11 2 1 4 7 7 0 5 0 4 4 2 8 5 7 9 7 7 4 8 1 4 9 6 4 8 7 7 5 9 11 1 3 5 0 7 8 12 5 11 0 9 6 6 6 7 8 6 6 7 0 5 7 8 8 8 9 8 9 9 4 4 8 7 2 8 4 9 4 6 8 5 2 2 6 5 6 7 3 9 6 9 5 8 8 6 0 6 7 4 7 6 9 8 5 2 9 9 3 5 7 4 3 6 3 6 7 7 6 1 1 6 0 5 5 2 7 9 9 11 4 9 7 6 7 7 7 1 1 1 1 1 4 8 7 9 7 6 7 7 2 7 4 6 4 5 5 7 7 1 5 9 3 4 2 4 8 8 1 6 5 7 7 11 8 7 7 2 4 8 9 8 0 6 9 10 5 6 4 1 2 9 5 1 7 1 8 4 0 3 4 4 1 5 4 6 1 6 4 5 8 9 0 3 7 6 6 2 0 6 5 3 6 8 0 8 8 7 7 5 9 10 5 4 4 4 9 11 8 1 8 5 6 4 11 3 4 1 0 6 6 8 10 8 6 9 6 9 8 4 7 9 9 6 9 6 8 3 6 8 5 2 5 0 4 6 1 6 8 6 0 9 0 6 2 8 3 2 8 7 8 7 8 3 4 11 5 8 6 5 7 9 6 9 
6 7 4 2 0 7 8 0 4 0 9 6 5 3 5 3 0 3 4 0 8 3 7 1 5 2 5 6 6 3 0 3 6 2 1 3 9 2 5 6 6 4 8 8 2 8 4 4 9 5 3 7 2 5 7 9 5 7 4 4 7 7 8 6 5 6 0 6 2 8 1 8 4 3 2 5 5 2 2 2 5 5 4 4 7 3 9 3 4 9 6 9 5 2 9 4 6 2 3 4 7 1 7 6 0 5 9 7 3 8 5 3 5 2 0 4 1 9 6 0 4 3 6 7 5 7 0 7 4 1 9 6 6 5 4 5 0 4 5 7 5 6 5 5 4 6 2 4 7 6 5 0 0 6 9 5 6 6 0 0 0 4 9 6 5 0 8 6 1 8 2 3 7 4 7 3 4 3 6 0 5 8 7 4 7 5 2 6 5 5 2 5 4 5 5 0 5 0 4 2 0 5 4 4 4 3 9 6 6 1 9 8 2 2 5 0 0 0 3 5 6 9 5 6 2 5 7 7 5 7 6 2 7 8 5 6 9 5 7 0 8 5 4 5 5 2 8 6 7 7 7 3 2 6 6 7 1 7 8 8 6 0 10 3 3 6 4 3 7 5 0 7 4 2 3 6 1 5 1 6 5 3 0 3 7 6 4 8 3 0 5 8 1 7 3 0 2 6 6 7 
7 6 3 5 7 3 9 6 6 7 1 5 7 6 5 6 7 6 7 8 2 12 4 9 3 11 3 3 7 6 7 12 4 8 7 11 9 7 4 3 7 6 3 10 7 9 6 10 0 5 7 3 11 4 3 2 6 2 6 9 4 4 6 6 8 7 9 1 10 2 6 3 5 12 7 5 8 7 5 4 5 4 6 6 0 10 0 12 5 2 6 0 7 7 0 3 4 6 12 8 2 6 6 6 8 4 0 2 3 1 3 6 5 9 9 6 6 0 6 8 4 4 4 6 9 9 7 7 7 9 0 4 4 3 3 7 6 6 1 3 6 7 6 5 7 4 5 7 0 3 4 8 8 4 2 5 3 8 7 8 7 5 3 6 5 9 1 3 10 8 11 8 3 5 0 9 8 10 7 10 8 7 2 5 2 2 5 7 4 5 8 4 8 2 6 7 2 7 3 7 9 4 7 6 3 6 2 9 6 6 1 2 6 5 6 9 9 7 6 6 5 4 7 5 11 2 6 9 2 0 3 6 6 9 7 5 2 2 3 8 8 4 3 6 5 7 1 6 8 5 2 10 8 7 6 2 11 7 6 1 6 9 2 3 7 6 5 6 2 6 7 2 3 7 8 3 6 7 6 3 2 10 6 4 5 4 8 2 9 8 4 9 7 4 6 9 8 8 2 6 
10 1 5 6 6 3 2 6 8 5 5 1 9 5 8 5 5 7 3 7 3 8 0 7 5 8 6 5 2 4 5 9 2 4 6 7 2 8 5 4 10 3 2 3 6 3 8 6 5 3 4 1 8 3 4 4 9 4 3 4 0 0 0 1 2 2 8 3 7 3 6 2 4 8 6 3 3 5 6 5 3 3 3 3 6 7 5 9 4 4 0 6 10 4 4 3 0 3 9 4 5 6 0 0 8 4 5 6 4 5 6 4 2 6 7 8 7 4 10 7 4 5 0 0 4 2 5 1 3 7 5 0 0 6 6 10 6 8 3 0 2 1 2 3 3 2 5 3 5 1 5 7 7 0 4 7 4 2 6 7 7 4 3 1 8 7 5 0 6 2 9 5 1 7 5 6 3 6 10 8 3 0 4 3 6 6 6 1 4 8 5 7 3 2 9 6 3 5 5 5 8 3 9 3 3 4 4 3 10 6 4 4 3 5 9 7 7 6 3 2 9 2 3 1 9 2 0 3 2 5 5 6 0 3 2 8 4 2 3 8 2 6 2 8 8 3 4 0 2 0 4 6 4 0 0 5 8 0 0 5 0 7 5 4 4 1 4 7 4 9 5 4 6 3 3 1 7 1 7 3 5 6 6 5 0 2 3 4 5 8 5 3 5 0 3 7 4 2 1 0 
7 3 2 2 1 3 5 2 4 1 6 2 5 0 5 1 1 4 2 3 5 5 3 3 3 5 4 3 3 0 1 5 2 1 1 4 5 4 3 3 7 0 4 6 1 5 5 4 5 1 0 3 5 1 3 5 6 3 0 3 3 3 4 2 3 3 3 3 4 4 2 4 1 5 2 1 2 1 2 1 1 1 0 0 4 4 6 5 1 6 2 5 6 0 6 1 2 0 5 2 4 2 3 3 4 1 6 4 1 5 3 0 1 3 3 4 3 5 6 3 1 1 2 4 3 4 1 3 1 3 6 2 2 4 3 7 1 4 2 3 1 3 1 1 1 2 1 1 4 2 3 3 3 2 5 4 3 3 2 3 3 1 5 2 5 3 5 2 3 4 5 2 3 3 5 3 3 3 6 4 3 4 3 0 4 4 2 3 1 4 2 4 2 1 5 2 1 1 3 1 4 1 5 0 1 0 6 3 6 1 5 4 0 1 5 3 3 2 0 2 5 5 2 2 5 2 3 4 1 4 3 2 3 5 2 5 5 1 3 4 5 3 1 5 5 0 5 2 4 3 4 4 1 3 2 4 4 3 4 5 3 3 6 1 0 3 0 3 4 6 1 4 3 0 2 2 3 2 3 3 3 4 1 2 3 2 2 4 3 3 2 5 0 3 0 3 1 3 2 3 
9 1 5 4 3 4 2 4 7 3 7 2 8 3 8 4 3 6 0 5 5 5 2 4 5 5 6 5 0 2 3 6 3 1 3 4 3 6 5 5 9 1 4 3 3 3 7 3 6 2 2 3 5 3 4 6 8 5 1 1 3 3 3 1 0 1 5 4 4 5 5 5 3 5 4 2 0 3 4 4 2 3 2 1 6 4 7 6 3 6 1 7 9 1 7 3 1 0 6 1 5 4 2 1 5 3 7 6 3 6 5 2 2 3 4 7 5 6 9 5 3 4 2 2 1 2 3 1 1 4 7 2 1 6 5 9 4 7 4 3 1 1 1 2 1 3 4 1 6 2 5 5 5 2 6 7 5 0 4 5 5 3 5 1 7 5 7 2 3 2 6 2 3 6 6 2 0 3 9 5 0 2 5 2 6 6 4 1 3 7 3 7 0 3 8 4 3 3 5 3 5 3 7 1 2 2 6 1 9 4 6 5 0 4 8 4 5 4 0 1 8 5 0 2 6 3 2 2 3 6 5 4 2 2 0 7 6 3 4 5 2 5 3 7 8 0 6 1 1 3 5 3 1 1 1 6 5 1 3 6 1 4 7 3 2 1 3 6 5 8 2 5 5 1 0 2 5 0 5 4 5 3 3 4 3 3 0 5 2 5 4 2 2 3 0 5 1 0 3 1 
2 8 1 2 4 5 10 3 2 4 6 7 2 5 0 4 4 3 7 5 6 9 6 7 3 9 0 3 8 5 5 9 6 7 5 9 11 2 3 4 2 6 6 11 5 11 1 9 5 5 6 6 9 5 5 6 1 4 6 8 7 7 8 7 9 8 5 3 8 6 2 7 4 9 4 5 8 5 2 2 5 4 6 6 2 9 5 9 5 7 8 4 1 5 5 3 6 5 9 8 4 2 8 8 4 4 5 3 2 5 2 6 6 8 6 1 2 5 1 5 4 2 6 8 9 10 5 8 7 7 5 6 6 0 0 2 2 1 3 7 7 8 6 6 7 6 2 6 3 5 3 5 5 6 6 0 3 9 4 5 3 4 7 8 1 6 4 6 7 10 8 7 6 2 3 8 8 8 2 7 8 9 4 5 3 0 2 8 4 1 7 0 8 3 1 4 3 5 0 5 5 5 2 6 3 5 6 9 1 3 6 5 6 2 1 6 6 4 6 7 0 7 8 6 8 4 8 10 4 3 3 4 8 10 8 0 7 4 5 5 10 2 3 1 0 6 5 8 9 7 5 9 6 8 7 3 8 9 8 5 8 6 6 2 6 8 5 2 4 1 5 5 0 6 8 5 1 8 2 5 0 8 3 1 7 6 8 5 8 4 3 10 5 7 6 6 7 9 5 8 
34 54 26 57 35 47 63 20 55 10 68 57 46 46 44 53 11 22 44 20 37 39 14 47 65 31 47 17 17 49 58 65 62 60 63 60 30 14 57 35 24 66 38 54 60 47 62 45 74 43 51 53 71 57 69 43 19 32 40 35 47 43 53 18 14 25 40 55 13 42 51 66 57 65 14 37 18 50 27 19 31 32 22 18 40 28 50 19 33 46 59 46 55 29 52 69 53 62 49 12 26 38 30 56 59 25 66 51 23 65 57 24 45 39 35 49 23 17 59 30 35 71 32 35 12 40 62 68 55 19 20 34 58 57 41 51 53 32 38 47 39 41 33 63 55 60 62 43 71 42 49 24 34 34 60 52 59 27 14 16 51 13 75 32 32 22 31 46 17 39 47 54 43 69 59 53 36 51 71 20 26 65 60 21 44 49 63 38 72 68 26 26 39 31 28 54 68 54 66 53 41 30 62 39 69 22 32 67 35 52 37 16 22 54 42 17 60 28 62 47 67 61 70 22 17 24 62 44 32 25 70 21 39 61 16 28 54 66 61 51 57 15 37 20 54 64 19 69 52 31 40 40 9 67 13 36 34 68 50 31 69 33 42 63 37 54 26 48 22 69 68 70 68 43 43 62 55 30 53 23 31 61 23 43 19 16 39 60 11 17 32 25 40 49 16 26 51 65 62 32 
7 2 2 3 3 1 4 4 5 3 4 1 6 2 5 3 3 5 2 5 3 7 1 5 2 7 4 2 3 2 3 7 0 3 3 6 5 5 2 2 7 1 2 5 3 5 5 5 4 0 2 1 7 0 1 3 7 2 1 4 2 1 2 1 3 2 5 1 6 2 4 2 2 7 3 0 3 3 3 2 0 1 1 1 3 6 4 7 1 4 2 4 7 2 4 0 0 1 7 3 2 3 2 2 5 1 4 3 1 3 3 2 0 5 5 5 4 3 7 5 1 2 0 2 4 4 3 2 2 5 4 0 0 3 3 7 3 5 1 2 1 2 1 0 2 0 2 2 3 0 2 5 5 1 3 5 2 3 4 5 4 2 3 2 5 5 4 0 5 4 7 3 1 4 3 5 3 5 7 6 3 3 2 1 3 3 3 2 1 5 4 5 3 0 6 4 0 3 3 3 6 0 6 2 0 2 4 4 7 3 3 2 1 2 6 5 5 4 2 1 6 3 2 0 7 0 2 4 0 3 3 3 2 5 2 5 4 0 1 5 4 3 0 5 5 2 3 2 4 2 2 5 3 2 1 3 6 3 3 3 2 5 4 1 2 2 1 4 2 6 3 2 3 2 3 0 4 2 4 1 3 5 3 2 2 0 3 2 4 5 2 5 2 2 1 5 3 3 0 2 
22 32 17 31 19 29 37 12 31 7 41 34 27 27 27 30 7 15 26 12 25 18 13 24 38 14 29 14 13 28 31 31 37 32 35 30 20 9 33 23 17 37 25 32 33 29 35 24 44 26 29 32 34 34 40 29 14 22 24 20 29 27 33 14 11 17 21 33 5 28 28 40 33 31 10 24 13 28 16 13 20 21 15 13 26 15 32 8 21 30 34 30 32 17 33 39 32 34 23 9 19 22 21 33 31 18 40 31 16 39 34 16 27 21 17 29 13 16 35 17 22 39 21 23 10 25 33 39 32 9 17 22 34 33 25 30 28 20 25 30 24 26 21 36 31 35 34 26 41 26 29 14 19 23 37 31 35 18 9 9 26 11 44 21 21 12 22 28 7 24 22 30 27 39 36 28 21 27 40 11 17 38 36 15 28 30 34 24 41 39 16 18 23 21 18 28 39 29 37 30 21 20 35 24 39 15 23 37 23 28 25 15 14 31 26 8 32 16 34 28 38 37 39 16 7 17 37 27 21 18 40 14 25 35 12 19 34 38 37 26 34 13 23 14 32 35 16 39 31 21 26 21 7 38 11 24 16 39 31 22 40 16 29 36 22 32 17 28 17 39 36 41 38 25 24 36 30 19 29 17 20 31 14 25 15 13 23 37 8 10 21 17 22 30 11 15 28 37 36 21 
2 7 0 0 2 5 9 1 0 3 7 6 1 3 1 2 2 1 6 3 6 7 6 5 3 7 1 3 7 4 3 7 5 5 3 7 10 1 2 4 2 5 6 10 3 10 0 7 6 4 5 6 7 4 5 6 1 4 5 7 7 6 8 6 7 7 3 3 6 6 0 7 3 7 2 4 6 3 0 0 4 4 4 5 3 7 6 7 4 7 7 5 2 4 6 2 6 4 7 7 4 0 7 7 2 4 6 4 1 5 2 4 5 6 4 0 0 6 2 3 3 0 5 8 7 9 3 7 6 5 6 6 6 1 1 2 0 0 3 6 6 7 5 5 6 5 0 5 4 5 2 3 3 6 6 1 3 7 1 3 1 3 7 7 0 4 5 5 6 9 6 5 6 0 4 6 7 6 2 5 7 8 4 4 3 1 0 7 3 0 5 1 6 3 1 2 3 3 0 4 3 4 0 5 3 4 7 8 2 1 6 5 4 0 1 4 4 2 4 6 1 7 6 6 6 4 7 8 3 4 3 2 7 9 6 1 7 4 5 3 9 2 3 0 1 5 6 7 8 7 5 7 5 7 7 4 6 8 8 5 7 4 7 1 4 7 4 0 4 1 3 5 0 4 6 5 0 7 0 5 1 6 1 0 7 5 7 6 6 2 2 9 3 7 4 4 5 7 4 7 
7 2 3 2 2 3 4 3 5 2 6 1 6 1 6 2 2 4 1 4 4 5 2 3 3 5 4 3 2 1 2 6 2 1 2 4 5 5 3 3 7 0 4 5 2 4 6 3 5 1 1 2 5 1 3 5 7 3 0 2 3 2 3 1 2 2 4 3 4 4 3 4 2 5 3 1 1 2 3 2 1 2 0 0 5 4 6 6 1 5 2 6 7 0 6 1 1 0 6 2 4 2 2 2 4 1 6 5 1 5 4 0 1 3 3 5 4 5 7 3 2 2 1 3 2 4 2 2 1 3 6 2 1 4 3 7 2 5 2 3 1 2 0 0 1 2 2 0 5 2 3 4 4 2 5 5 3 2 3 4 4 2 5 2 5 4 5 1 3 4 6 2 2 4 5 3 2 3 7 4 2 3 3 1 4 4 3 2 2 5 2 5 2 1 6 3 2 2 3 2 4 1 6 0 1 1 6 3 7 2 5 4 0 2 6 4 4 3 0 1 6 4 1 2 5 1 2 3 1 5 4 3 3 4 1 6 5 1 3 4 4 4 1 5 6 0 5 2 3 3 4 4 1 2 1 4 5 3 4 5 2 4 6 2 1 2 1 4 4 7 1 4 3 0 2 1 4 2 4 3 4 4 2 2 3 2 2 4 2 4 3 4 1 3 0 4 1 2 2 2 
9 1 5 4 4 4 2 5 7 3 6 1 8 3 8 4 3 6 0 5 5 6 2 4 5 6 6 5 0 2 3 6 3 1 4 4 3 6 5 5 9 1 4 3 4 2 7 3 6 2 2 2 6 3 4 6 9 5 1 1 2 2 3 1 0 0 5 4 4 5 5 4 3 6 4 2 1 4 5 4 2 3 2 1 6 4 7 6 3 6 0 7 9 1 6 3 1 1 6 1 5 4 1 1 6 3 6 6 3 6 5 2 1 4 4 7 5 6 9 5 3 4 1 2 1 2 3 1 1 4 7 2 1 6 5 9 4 7 4 3 1 0 1 2 1 2 4 1 6 2 5 5 5 2 6 7 5 0 4 5 5 4 5 1 7 5 6 2 4 2 6 2 2 6 6 3 1 3 9 6 0 2 5 2 6 6 4 1 3 7 3 7 0 3 8 4 3 3 5 3 6 3 7 1 2 2 6 1 9 4 6 5 0 4 8 5 5 4 0 0 8 4 0 2 6 2 1 1 2 6 5 4 2 2 0 7 6 2 4 6 2 6 2 7 8 0 5 0 1 2 5 4 1 0 0 6 6 1 3 6 0 4 7 3 2 1 3 6 5 8 3 5 5 1 1 2 6 0 6 4 5 4 4 4 2 2 0 5 2 6 4 2 2 2 0 5 1 0 2 1 
12 2 7 7 7 6 0 8 10 6 8 4 11 6 11 7 6 9 3 8 6 8 3 7 7 8 9 7 2 5 6 8 5 3 7 6 0 9 8 7 12 4 5 0 7 0 10 5 7 5 5 3 8 5 6 7 11 7 4 3 2 3 3 3 1 2 8 6 6 6 8 5 6 8 7 5 3 7 8 7 5 6 5 4 8 6 8 8 6 7 0 8 12 4 7 5 2 4 8 3 7 7 2 0 9 6 8 8 6 7 8 5 4 6 7 10 8 7 12 8 6 7 3 2 3 0 6 2 4 6 8 3 2 9 8 12 7 10 6 3 4 2 4 4 4 5 7 4 8 3 8 8 8 3 7 10 7 2 7 8 8 6 6 2 10 8 8 3 6 0 9 5 3 9 8 5 2 5 12 8 2 2 7 5 8 8 7 2 6 10 6 10 2 5 11 7 5 6 8 6 9 5 10 4 5 5 7 2 12 7 7 7 3 7 11 7 8 7 3 3 11 5 3 4 9 4 2 1 5 8 8 7 3 0 3 10 7 5 6 9 0 8 5 10 11 3 7 1 1 3 7 6 4 0 1 8 8 0 3 8 0 7 8 6 5 2 6 9 7 11 6 7 8 4 3 4 9 0 9 6 8 6 7 7 3 5 2 7 5 9 7 0 5 2 3 8 4 2 4 0 
7 4 2 4 5 0 6 5 6 5 1 3 6 4 5 4 5 6 5 7 1 9 1 7 2 9 3 2 5 4 5 10 2 5 5 8 6 6 3 1 7 4 1 7 5 7 6 8 1 3 5 1 9 2 0 1 7 0 4 6 2 1 3 3 5 5 7 0 8 0 5 1 3 10 5 2 5 5 4 3 3 2 4 4 2 8 1 10 3 1 4 2 7 4 1 1 2 4 10 6 1 4 4 4 7 2 1 2 2 1 3 4 3 7 7 5 5 1 7 7 2 3 1 4 6 6 5 4 5 7 1 1 2 3 2 8 4 5 0 1 3 4 3 3 5 2 4 4 1 0 3 7 7 1 1 4 1 5 5 7 6 3 1 4 5 7 1 1 8 6 9 6 1 4 1 7 6 7 7 8 6 4 0 3 2 3 4 4 2 5 6 4 5 0 6 6 0 5 3 5 7 2 6 4 1 4 1 6 7 4 1 0 4 3 6 7 7 5 4 4 6 2 5 2 9 0 4 6 0 1 2 5 3 7 5 5 1 0 0 7 6 3 0 5 5 4 0 3 6 3 0 8 5 4 3 1 9 4 3 1 4 7 2 2 5 4 3 5 1 6 5 0 3 4 6 0 5 5 5 0 2 8 5 3 3 2 5 0 7 7 3 7 5 2 4 7 5 6 0 4 
32 57 27 56 35 49 67 19 54 11 70 60 45 48 44 54 11 22 47 19 39 38 17 48 66 30 48 18 21 52 58 64 65 63 64 61 33 12 58 37 23 69 41 57 61 51 61 48 75 45 54 56 70 60 71 45 18 33 43 38 50 46 57 21 18 29 37 57 14 45 50 69 59 64 15 40 21 51 26 19 34 34 25 21 41 29 52 18 35 48 63 47 54 32 54 71 56 65 48 15 28 38 34 59 56 27 68 52 24 67 58 26 48 40 33 49 21 19 58 29 37 72 34 38 16 44 63 71 59 18 22 37 61 58 41 50 52 31 40 50 42 45 35 65 59 63 63 46 72 45 50 23 33 37 62 52 61 30 13 14 48 15 78 35 32 21 33 49 17 42 45 57 45 69 60 55 39 53 70 18 30 68 61 23 45 50 62 41 73 67 28 26 42 34 27 52 70 55 67 55 37 32 61 42 71 24 34 70 34 51 39 19 25 55 41 16 59 27 65 50 66 63 73 25 15 26 66 47 34 26 71 21 42 64 20 28 56 68 63 48 60 16 39 19 54 67 21 73 55 34 42 41 12 71 17 38 33 72 53 33 73 32 44 64 40 57 28 48 24 68 69 72 69 47 46 64 53 34 51 25 32 63 23 44 22 19 43 63 14 14 33 28 41 52 19 25 54 68 65 35 
5 4 1 1 1 2 6 2 3 1 5 3 4 0 4 0 1 2 3 3 4 6 3 4 1 6 2 2 4 1 2 6 2 3 2 5 6 3 1 2 5 2 4 7 1 6 4 5 5 1 2 3 6 1 2 5 5 2 2 4 4 3 4 3 4 4 3 2 5 4 1 4 0 6 1 1 3 1 1 0 1 1 1 2 3 5 5 6 0 5 4 5 5 1 5 0 2 1 6 4 3 1 4 4 3 1 5 3 0 4 2 1 2 4 3 3 2 4 5 3 0 0 2 4 4 6 1 4 3 4 5 3 2 2 1 5 1 3 1 4 2 4 2 1 3 2 0 2 3 2 1 3 3 3 5 3 2 4 2 3 2 0 5 3 3 4 4 2 4 6 6 3 3 2 4 4 4 4 5 4 4 5 3 1 3 2 1 4 1 3 3 3 3 1 4 2 1 1 1 2 4 1 4 2 0 1 5 5 5 1 4 4 1 0 4 4 3 2 2 3 4 5 3 3 5 1 4 5 1 3 2 1 4 6 3 4 5 1 3 3 6 2 0 3 4 2 4 4 5 4 3 5 2 4 3 3 5 5 5 4 4 4 6 0 2 4 0 2 3 5 1 3 1 1 3 2 2 4 2 2 2 5 1 0 4 2 4 4 4 3 1 6 1 4 1 3 2 4 2 4 
5 5 2 0 0 4 6 0 3 0 7 4 4 1 4 0 0 2 3 2 6 4 4 2 3 4 3 3 4 1 0 5 4 2 0 4 7 2 2 3 5 2 5 7 0 7 4 4 6 2 1 4 4 2 4 6 5 4 2 3 5 5 6 4 4 4 2 3 3 5 1 6 1 5 0 3 3 0 0 0 2 2 2 2 4 4 6 5 2 7 4 6 5 1 7 2 3 1 5 3 4 0 5 5 2 2 7 5 1 6 3 1 3 3 2 3 1 6 5 1 2 1 3 5 4 6 0 5 2 2 7 4 4 3 2 5 0 3 3 5 3 4 3 2 3 4 0 2 5 3 3 2 1 4 6 4 3 4 0 2 1 1 6 4 4 2 6 4 3 6 4 2 4 2 5 3 4 3 5 3 4 6 4 2 4 3 0 4 2 3 2 4 3 2 4 0 2 0 2 0 2 3 3 2 1 1 7 5 5 0 6 5 1 0 4 2 2 0 1 3 4 6 3 4 4 3 5 6 2 5 4 0 5 6 3 4 7 3 4 2 6 3 2 4 4 1 5 4 5 5 5 4 1 4 4 4 3 5 6 6 4 2 7 1 1 4 1 2 5 5 0 5 2 1 3 3 1 4 1 4 3 3 0 1 5 3 3 5 3 2 2 6 0 5 1 2 2 4 3 5 
9 0 5 4 4 4 2 5 7 3 6 1 8 3 8 4 4 6 1 6 4 6 1 5 4 6 6 4 0 3 4 7 2 2 4 5 3 6 5 4 9 1 3 3 4 2 7 4 6 2 2 2 6 2 4 5 9 4 1 2 2 2 2 0 1 0 6 4 5 4 5 4 3 6 4 2 1 4 5 4 2 3 2 1 6 5 6 7 3 5 0 6 9 2 6 2 0 1 7 2 5 4 1 0 6 3 6 6 3 5 5 2 1 4 5 7 5 5 9 5 3 4 1 1 2 2 3 0 1 5 6 1 0 6 5 9 4 7 3 2 1 0 1 1 1 2 4 2 5 1 5 6 5 1 5 7 4 1 5 6 5 3 4 0 7 5 6 1 4 2 7 3 2 6 6 4 1 4 9 6 1 1 4 2 6 6 4 0 3 7 3 7 1 2 8 5 3 3 5 3 6 2 7 2 2 3 6 2 9 4 5 5 1 4 8 5 6 4 1 0 8 4 1 1 7 2 1 2 2 5 5 5 1 2 0 7 5 2 4 6 2 5 2 7 8 1 5 0 1 2 4 4 2 0 0 5 6 1 2 5 0 5 6 3 2 0 3 6 5 8 3 4 5 1 1 1 6 0 6 3 5 4 4 4 2 2 1 4 3 6 4 2 3 1 1 6 2 1 2 1 
21 31 15 33 24 24 37 16 32 12 31 32 27 28 25 31 12 16 28 18 17 30 8 33 34 26 24 9 14 31 36 43 33 38 39 40 20 12 30 18 16 38 19 33 36 30 35 32 32 25 32 27 45 31 35 19 13 15 25 26 25 22 29 13 14 18 28 26 16 20 31 33 32 43 13 22 16 31 18 13 19 18 16 14 18 24 21 20 20 21 34 19 31 22 21 36 29 37 35 13 12 24 19 32 37 15 28 24 13 30 30 17 26 28 26 28 17 4 33 23 21 38 18 21 14 26 38 38 34 18 5 18 31 30 21 30 32 20 18 24 24 26 21 35 34 32 35 28 32 22 26 20 25 18 27 28 30 20 13 16 31 10 36 20 19 20 13 24 18 25 33 35 22 38 26 35 25 35 40 19 20 36 29 14 21 25 36 24 38 37 22 15 27 16 18 33 34 34 35 33 28 17 35 26 36 16 13 41 21 31 16 7 17 31 25 18 38 20 37 28 36 30 41 14 18 12 35 28 16 9 35 16 22 37 14 16 24 33 31 33 34 9 20 13 30 39 7 39 32 18 19 29 13 38 10 17 27 38 27 13 39 26 18 34 25 31 18 28 10 38 41 34 36 29 29 32 33 21 32 12 16 40 18 24 12 10 27 29 14 16 18 19 27 26 14 21 34 39 31 20 
2 7 1 0 2 5 9 1 0 2 7 6 1 3 1 2 2 0 6 3 6 7 6 5 3 7 1 3 7 4 3 7 5 5 3 7 10 0 2 4 2 5 6 10 3 10 0 7 6 4 5 6 6 4 5 6 1 4 5 7 7 6 8 6 7 7 3 3 6 6 0 7 3 7 2 5 6 3 0 0 4 4 4 5 3 7 6 7 4 7 7 6 2 4 6 3 6 4 7 7 4 0 7 7 2 4 6 4 1 6 2 4 5 6 4 0 0 6 2 3 3 0 5 8 7 9 3 7 6 5 6 6 6 1 1 2 0 0 3 7 6 7 5 5 6 5 0 5 4 5 2 3 3 6 7 1 4 7 1 3 1 3 7 7 1 4 5 5 5 9 6 5 6 0 4 6 7 6 2 4 7 8 4 4 4 1 0 7 3 1 5 1 6 3 1 2 3 3 0 4 3 4 0 5 3 4 7 8 2 1 6 6 4 0 1 4 4 1 4 6 1 7 6 6 6 4 7 9 4 4 3 2 7 9 6 1 7 4 5 2 9 2 3 0 1 4 6 7 8 7 5 7 5 7 7 4 6 8 8 5 7 4 7 1 4 7 4 0 5 1 3 5 0 4 6 5 0 7 0 5 1 6 1 0 7 5 7 6 6 2 2 9 3 7 4 3 5 7 5 7 
8 8 7 4 2 9 8 3 6 2 12 7 7 5 8 5 2 6 5 3 10 0 8 2 8 0 8 8 7 5 2 0 8 3 4 2 9 4 7 8 9 6 10 9 4 8 7 3 11 7 5 9 0 7 9 11 8 9 6 3 9 9 9 7 6 7 1 8 0 10 4 10 6 0 4 7 5 4 4 5 7 7 6 6 9 2 11 0 6 11 7 11 8 3 11 6 7 4 0 5 9 4 8 7 3 7 11 10 6 11 8 5 7 2 0 7 3 11 9 3 7 5 7 9 5 8 2 8 5 0 11 8 7 8 7 8 2 7 8 9 7 7 6 7 5 8 5 5 10 8 8 3 3 8 11 8 8 6 3 2 2 6 11 7 8 2 10 8 0 8 0 4 8 7 10 3 4 3 8 2 6 9 9 6 9 8 5 7 7 8 3 8 4 7 7 2 7 2 7 4 2 7 7 5 6 5 12 6 9 3 11 10 4 5 8 0 3 3 4 6 8 11 6 8 0 7 8 7 7 10 9 5 9 8 6 8 11 7 9 2 8 8 7 7 8 4 10 7 7 9 9 2 2 7 7 9 0 8 10 10 7 0 12 6 4 7 6 6 9 8 2 10 7 3 3 8 4 6 4 9 8 2 3 6 9 8 4 10 3 3 7 8 2 9 4 3 3 6 8 8 
18 30 11 29 20 22 36 12 28 8 34 31 24 25 22 27 8 12 26 14 18 26 8 29 30 22 22 6 12 27 33 39 31 35 35 36 20 9 26 15 13 36 19 32 33 29 31 29 36 22 29 27 42 29 33 21 10 14 23 23 25 22 29 11 12 16 24 25 13 21 27 34 29 39 9 19 13 27 14 9 16 15 13 11 18 20 24 16 17 23 33 21 28 19 25 33 28 34 31 11 11 20 18 31 33 12 32 23 10 31 26 14 24 25 22 25 13 8 30 19 17 34 17 20 11 25 35 37 32 15 9 18 30 27 18 27 28 16 17 24 22 24 18 33 32 31 31 25 33 21 22 16 21 18 29 25 27 18 9 12 27 7 38 19 16 16 14 23 14 24 30 32 22 34 27 32 23 31 37 15 18 36 28 11 20 22 32 22 35 33 18 12 24 14 15 30 32 31 31 30 24 15 32 23 33 13 16 38 18 27 18 7 14 27 22 14 34 16 35 26 33 31 39 12 14 11 34 27 15 10 32 12 21 36 12 13 27 32 30 29 33 5 17 10 27 36 8 38 30 17 19 26 9 37 9 16 23 37 27 14 38 22 21 30 22 30 14 25 9 35 37 34 32 26 26 31 29 19 28 11 13 37 14 21 11 8 24 29 11 12 14 17 23 26 11 17 31 37 30 19 
12 2 7 7 6 6 0 7 10 6 7 3 10 6 10 7 6 9 3 8 6 7 2 6 7 8 8 7 2 5 6 8 4 3 6 6 0 9 7 7 12 4 5 0 6 0 10 5 7 5 4 3 8 5 6 7 11 6 4 2 2 3 3 3 0 2 8 6 6 6 7 5 6 7 7 4 3 6 7 6 4 5 4 4 8 6 8 8 5 7 0 8 11 4 7 5 2 3 8 3 7 7 2 0 8 5 7 8 6 7 8 5 4 6 7 9 8 7 11 7 6 6 2 2 2 0 5 2 3 6 8 3 2 8 8 12 6 10 5 3 3 2 4 4 3 4 6 4 8 3 7 8 7 2 7 9 7 2 7 8 8 6 6 2 10 7 8 3 6 0 8 5 3 8 8 5 1 5 11 8 2 2 6 5 8 8 7 2 6 9 5 9 2 5 10 7 5 5 7 6 8 5 10 4 5 5 7 2 11 6 7 7 3 6 10 7 8 7 3 3 10 5 2 4 8 4 2 0 4 8 7 7 3 0 2 10 7 4 6 8 0 8 4 10 10 3 7 0 0 3 6 5 3 0 0 8 8 0 3 7 0 7 8 6 5 2 5 8 7 11 5 6 8 3 2 3 8 0 8 6 8 6 6 7 3 4 1 6 4 8 7 0 5 2 3 8 3 1 4 0 
9 5 6 4 2 7 5 4 7 2 10 5 8 4 8 5 2 6 3 4 8 2 5 1 7 2 7 7 4 3 2 3 6 0 3 0 6 5 6 7 9 3 7 6 3 5 8 0 9 5 3 6 2 5 7 9 9 7 3 0 6 6 6 5 2 4 3 7 0 8 4 8 5 2 4 5 2 4 4 4 5 5 4 4 8 0 9 2 5 9 4 9 9 1 9 5 4 1 2 2 8 4 5 4 4 5 10 8 5 9 7 3 4 1 2 7 4 9 9 3 5 5 5 6 2 5 2 5 2 1 10 5 5 7 6 9 3 7 6 6 4 4 4 4 2 6 4 3 8 5 6 4 3 5 9 8 7 3 3 3 4 5 8 4 8 3 9 5 0 5 3 1 6 6 9 0 1 0 9 3 3 6 7 4 8 7 4 4 5 8 1 8 1 5 8 3 5 2 6 3 3 5 7 3 5 3 9 3 9 3 9 8 1 4 8 1 3 3 1 4 8 8 3 5 3 5 5 4 5 8 7 4 6 5 3 8 9 5 7 4 5 7 5 8 8 1 8 4 4 6 8 0 0 4 4 8 2 5 7 9 4 1 10 5 3 5 4 6 8 9 2 8 6 1 0 5 5 3 5 7 7 0 3 5 6 5 1 8 0 4 6 5 1 6 1 3 0 3 6 5 
8 2 4 3 3 4 3 4 6 2 6 1 7 2 7 3 2 5 0 4 5 5 2 3 4 5 5 4 1 1 2 6 2 1 3 4 4 5 4 4 8 0 4 4 3 3 6 3 6 2 1 2 5 2 4 5 8 4 0 2 2 2 3 1 1 1 5 3 4 4 4 4 2 5 3 2 1 3 4 3 1 2 1 0 5 4 6 6 2 6 1 6 8 0 6 2 1 0 6 1 5 3 2 1 5 2 6 5 2 5 4 1 1 3 4 6 4 5 8 4 2 3 1 2 2 3 2 2 0 3 6 2 1 5 4 8 3 6 3 3 1 1 1 1 0 2 3 0 5 2 4 4 4 2 6 6 4 1 3 4 4 3 5 1 6 4 6 2 3 3 6 2 2 5 6 3 1 3 8 5 1 3 4 1 5 5 3 1 2 6 2 6 1 2 7 3 2 2 4 2 5 2 6 0 1 1 6 2 8 3 5 5 0 3 7 4 4 3 0 0 7 4 0 2 5 2 2 2 2 5 4 3 2 3 0 6 6 2 4 5 3 5 2 6 7 0 5 1 2 2 4 3 1 1 1 5 5 2 3 5 1 4 6 2 1 1 2 5 5 7 2 4 4 0 1 2 5 1 5 3 4 4 3 3 2 2 1 5 2 5 4 3 2 2 0 4 1 1 2 2 
7 2 2 2 3 2 4 3 5 2 4 1 6 2 5 2 3 4 2 4 3 7 1 4 2 6 4 2 2 1 3 7 1 2 3 5 5 5 2 2 7 1 3 5 3 5 5 5 4 0 2 1 6 0 2 4 6 2 1 3 2 2 3 1 3 2 5 2 5 3 3 3 1 7 3 0 2 2 3 2 0 1 1 1 4 5 4 7 1 4 2 4 7 1 4 0 1 1 7 3 3 3 2 2 5 1 4 4 1 4 3 1 0 4 4 5 4 4 7 4 1 2 0 3 3 4 2 2 2 4 5 1 1 3 3 7 3 5 1 2 1 2 0 0 2 1 2 1 3 1 2 4 4 1 4 5 2 3 3 5 4 1 3 2 5 5 4 1 5 4 7 3 1 4 4 4 3 4 7 5 3 3 2 0 3 3 3 2 1 5 3 5 3 0 6 3 0 2 3 2 5 0 5 1 0 1 4 4 7 2 4 3 1 2 6 5 5 3 1 1 6 3 2 1 6 0 2 4 0 3 3 3 2 5 2 5 4 0 2 5 4 3 0 5 5 1 3 2 4 2 2 5 2 2 1 3 6 3 3 4 2 5 5 1 2 2 1 4 3 6 2 3 3 1 3 0 4 2 4 2 3 5 3 2 2 0 3 3 4 5 2 5 2 2 1 5 2 3 1 2 
5 5 0 2 4 1 7 4 4 4 3 4 4 3 3 3 4 4 5 6 3 9 3 7 1 9 1 0 6 4 4 9 3 5 5 8 8 4 1 0 5 4 3 8 4 8 4 8 2 3 4 3 8 2 1 3 4 1 4 7 4 3 5 4 6 6 6 0 8 2 3 4 2 9 4 3 6 4 3 1 3 2 4 4 0 8 2 9 3 3 5 2 5 4 3 0 3 4 9 6 0 3 5 5 5 2 2 0 0 2 1 4 4 7 6 3 3 2 5 5 2 1 3 5 7 7 4 5 5 7 2 3 3 1 0 5 3 3 0 3 4 5 4 3 5 3 2 5 0 2 1 6 6 3 3 2 0 6 4 6 4 2 4 5 3 7 1 2 7 7 8 6 3 3 1 7 6 7 5 7 6 6 1 3 0 0 2 5 2 3 6 2 6 0 4 4 0 4 1 4 6 2 4 4 1 4 3 7 4 3 2 2 4 2 4 7 6 4 4 5 3 4 5 3 8 1 5 7 1 0 0 4 5 8 5 3 3 1 1 6 7 1 1 3 3 4 2 5 7 4 1 8 5 5 5 0 8 6 5 1 5 7 3 0 5 5 3 3 1 4 4 2 1 4 6 2 3 6 4 2 0 8 3 1 4 3 6 2 7 5 1 8 4 4 4 6 5 6 1 5 
9 4 4 5 6 2 6 6 7 6 1 3 8 5 7 5 6 7 5 8 0 10 1 8 3 10 4 3 5 5 6 11 2 6 6 9 6 7 4 3 9 4 0 6 6 6 7 8 1 3 5 0 10 3 2 1 8 2 5 7 1 1 2 3 5 4 8 1 9 0 6 0 4 10 6 3 6 6 6 4 3 3 4 4 3 9 2 11 4 0 3 2 8 5 1 2 2 4 11 6 2 6 3 3 8 3 1 3 3 1 4 5 3 8 8 7 6 1 8 8 4 4 1 3 6 6 6 4 5 8 1 1 1 4 4 9 6 7 1 0 3 4 4 3 5 2 5 5 2 0 4 8 8 1 1 6 3 5 7 8 7 4 0 4 6 8 2 1 8 5 10 7 0 6 2 8 6 8 8 9 6 4 2 4 3 4 5 4 3 6 7 6 6 1 8 7 1 6 4 6 8 3 8 5 2 5 1 6 8 6 1 1 4 5 7 8 8 6 5 4 7 0 5 2 10 1 3 6 1 2 3 6 3 6 5 6 0 1 1 8 5 4 1 7 7 5 1 3 5 2 1 8 6 4 3 3 10 4 2 2 3 8 1 3 5 4 4 6 2 8 6 1 4 5 6 1 7 4 7 1 3 8 6 4 2 2 6 1 7 8 4 6 6 1 4 8 6 5 0 3 
19 31 15 29 17 27 36 10 29 4 39 32 25 24 24 27 5 12 24 10 23 21 11 24 35 16 26 11 12 26 28 34 34 31 32 31 19 8 30 20 15 35 23 31 30 28 33 25 41 24 27 30 36 31 38 26 12 19 22 20 27 25 31 12 10 16 20 30 7 25 25 37 30 34 7 21 11 25 14 10 18 18 13 11 23 15 29 11 18 28 33 27 30 16 30 36 30 32 26 8 16 19 19 31 29 15 37 29 13 37 31 14 25 20 17 26 11 13 32 15 20 37 19 21 9 24 30 37 30 9 14 20 32 31 22 28 26 18 22 27 22 24 19 34 30 33 32 24 39 24 27 12 17 20 34 28 32 17 6 8 25 8 42 19 18 10 20 26 9 23 24 29 25 36 33 28 20 27 38 10 16 37 33 12 25 27 32 22 38 36 14 15 22 18 16 26 36 26 35 27 20 17 32 22 36 12 21 36 20 26 23 12 12 28 23 8 30 13 33 26 36 35 38 14 9 15 35 26 18 16 38 11 23 34 11 17 31 35 34 25 33 10 21 12 30 33 13 38 30 19 23 21 6 37 10 21 18 38 29 19 38 16 26 33 20 30 15 25 14 37 33 39 36 23 23 34 28 18 27 15 18 32 11 23 13 11 22 34 7 8 18 16 20 28 9 13 27 36 34 20 
34 52 26 57 36 46 62 21 56 12 67 56 47 46 45 53 12 23 42 22 36 40 13 49 64 32 47 17 16 49 60 67 61 60 64 61 28 15 56 35 24 65 37 52 60 46 62 46 73 42 51 51 72 57 68 42 20 31 39 35 45 41 52 16 13 24 42 54 15 41 52 65 57 66 15 36 16 50 28 19 30 31 21 17 40 29 49 21 32 45 58 45 56 30 51 68 52 61 51 10 25 39 29 54 60 25 65 50 23 64 57 23 44 40 37 50 24 16 60 31 35 71 30 33 11 39 64 66 54 21 19 33 56 57 41 52 55 32 38 46 38 40 32 62 54 59 63 42 70 41 48 26 36 33 59 52 58 25 15 18 52 13 74 30 32 23 31 45 18 37 49 55 41 69 58 54 35 52 72 22 25 63 59 20 44 49 63 36 71 68 28 26 38 31 29 55 67 56 66 54 42 29 62 39 68 22 31 65 36 53 36 16 21 55 43 19 62 29 61 45 67 59 68 21 19 23 61 42 31 24 69 21 37 59 15 29 53 65 60 52 55 15 36 20 55 63 18 68 50 29 39 40 10 66 12 36 36 67 48 30 68 35 41 63 37 52 26 49 21 70 69 69 69 43 42 61 56 29 54 22 31 63 24 43 17 15 38 60 11 18 32 23 41 47 15 28 52 63 61 30 
7 5 2 4 6 1 7 6 6 6 1 4 6 5 5 5 6 6 6 7 1 10 2 8 2 10 3 2 6 5 6 10 3 6 6 9 7 6 3 1 7 5 2 8 6 8 6 9 0 3 5 2 10 3 1 1 6 1 5 7 3 2 4 4 7 6 8 0 9 1 5 2 4 10 6 3 6 5 4 3 4 3 5 5 1 9 0 10 4 2 5 1 6 5 1 1 3 5 10 7 1 5 5 5 7 3 1 1 2 0 3 5 4 8 8 5 5 0 6 7 3 3 2 5 7 7 6 5 6 8 1 2 3 3 2 7 5 5 0 2 4 5 4 4 6 3 4 5 0 2 3 7 7 2 1 4 2 6 6 7 6 4 2 5 5 8 0 2 8 7 10 7 2 4 0 8 7 8 7 8 7 5 1 4 1 2 4 5 3 5 7 4 6 1 6 6 1 6 3 6 8 3 6 5 2 5 1 7 6 5 0 0 5 4 6 8 8 6 5 5 5 2 6 3 10 1 5 7 1 0 2 5 4 8 6 4 1 1 1 7 7 3 1 5 5 5 0 5 7 4 0 9 6 5 4 1 9 5 4 0 5 8 1 2 6 5 4 5 0 6 5 0 3 5 7 1 5 6 5 1 2 9 5 3 4 3 6 0 8 7 3 8 5 3 5 7 6 7 1 5 
34 54 25 59 40 43 64 24 57 16 61 58 47 49 44 55 16 25 48 26 30 46 12 54 63 38 46 15 19 53 64 73 60 66 68 67 31 17 56 32 24 69 33 55 64 49 63 53 66 43 56 49 78 57 65 36 19 27 43 41 44 39 51 18 18 27 46 50 21 36 54 61 58 73 18 37 22 54 29 20 32 31 25 21 36 35 43 27 34 38 60 39 56 35 44 68 52 67 57 17 22 41 30 56 64 25 59 46 23 58 55 27 46 46 42 50 26 10 59 36 35 72 30 34 17 43 68 69 60 26 13 32 56 56 39 52 57 32 35 43 40 43 34 64 60 58 65 47 65 39 47 30 40 32 52 51 56 30 18 22 55 14 69 32 32 28 26 43 25 40 54 61 39 69 53 60 40 58 72 27 30 64 55 22 40 47 65 39 71 68 33 25 44 29 29 59 65 60 66 58 46 29 63 43 68 25 24 71 35 55 30 10 27 56 43 24 66 32 67 49 66 55 74 21 24 21 62 47 29 19 67 24 37 63 19 28 46 63 57 56 58 14 35 20 54 69 12 70 54 29 35 47 16 69 14 32 42 68 47 25 70 40 35 63 42 54 28 50 17 69 74 65 68 49 48 59 58 33 56 19 29 69 28 44 17 15 44 54 18 22 32 27 46 46 21 32 58 68 59 32 
19 32 15 29 17 28 37 10 29 5 40 33 25 25 25 28 5 13 25 10 24 20 12 24 36 16 27 12 13 27 29 33 35 32 33 31 20 7 31 21 15 36 24 32 31 29 33 25 42 25 28 31 35 32 39 27 12 20 23 20 28 26 32 13 11 17 19 31 7 26 26 39 31 33 8 22 12 26 14 11 19 19 14 12 24 15 30 10 19 29 34 28 30 17 31 37 31 33 25 9 17 20 20 32 29 16 38 30 14 38 32 15 26 21 16 27 11 14 33 15 21 37 20 22 10 25 31 39 31 9 16 21 33 31 23 28 26 18 23 29 23 25 20 35 31 34 32 25 40 25 27 12 17 22 35 29 33 18 7 7 25 9 43 20 19 10 20 27 9 24 23 30 26 37 34 29 21 28 38 9 17 38 34 13 26 28 32 23 39 36 15 16 23 19 16 26 37 27 35 28 19 18 33 23 37 13 22 37 21 26 24 13 13 29 24 7 29 14 34 27 36 36 39 15 8 16 36 27 19 17 39 12 24 35 12 17 33 36 35 25 34 11 22 12 30 34 14 39 31 20 25 22 7 38 11 22 17 39 30 21 39 15 27 34 21 31 16 26 15 37 35 40 36 24 24 35 28 19 27 16 19 32 12 23 14 12 23 35 8 8 19 17 21 29 11 13 28 37 35 21 
21 31 17 30 19 28 36 12 31 6 40 33 27 26 26 29 6 14 25 11 24 19 12 23 37 15 28 13 12 27 30 32 36 31 34 30 20 9 32 22 16 36 24 31 32 28 35 24 43 25 28 31 35 33 39 28 14 21 23 19 28 26 32 13 10 16 20 32 5 27 27 39 32 32 9 23 12 27 16 12 19 20 14 12 25 14 31 9 20 29 33 29 32 16 32 38 31 33 24 9 18 21 20 32 30 17 39 31 15 38 33 15 26 20 17 28 13 15 34 16 21 38 20 22 9 24 32 38 31 8 16 21 33 33 24 30 28 19 24 29 23 25 20 35 30 34 34 25 40 25 28 13 18 22 36 30 34 17 8 9 26 10 43 20 20 11 21 27 7 24 23 29 26 38 35 27 20 26 40 10 16 37 35 14 27 29 34 23 40 38 15 17 22 20 18 28 38 28 37 29 21 19 34 23 38 14 22 36 22 28 24 14 13 30 25 8 31 15 33 27 38 36 38 15 8 16 36 26 20 17 39 13 24 34 11 19 33 37 36 26 33 12 22 14 31 34 15 38 30 20 25 20 6 37 10 23 16 38 30 21 39 16 28 35 21 31 16 27 16 39 35 40 38 24 23 35 29 18 28 16 20 31 13 25 14 12 22 36 7 9 20 16 21 29 10 14 27 36 35 20 
21 29 15 30 18 26 34 12 30 6 38 31 26 24 26 28 6 14 23 12 22 21 9 24 35 17 27 11 10 26 30 34 34 29 33 31 18 9 31 20 16 34 22 30 31 26 34 23 41 23 26 29 37 31 38 26 13 19 21 18 26 24 30 11 8 14 21 30 7 25 27 37 30 34 8 21 10 26 15 11 17 18 12 10 24 14 29 11 18 27 31 27 31 14 30 36 28 31 26 7 16 21 17 30 31 15 37 29 13 36 31 13 24 19 18 27 13 13 34 16 20 37 18 20 7 22 31 36 28 10 14 19 31 32 23 30 28 19 22 26 21 23 18 33 28 32 33 22 39 23 27 14 18 19 34 29 32 15 8 9 27 8 41 18 19 12 20 25 9 22 25 27 24 37 33 26 19 26 40 11 14 35 33 12 26 28 33 21 38 37 13 16 20 18 18 28 36 27 35 27 22 17 34 21 36 12 20 35 22 27 23 12 11 29 25 9 31 15 31 25 37 34 36 13 10 14 33 24 18 16 38 12 22 33 9 18 31 35 34 27 31 10 20 13 31 32 13 36 28 18 23 20 4 35 8 21 18 36 28 19 37 17 26 33 19 29 15 26 14 38 34 38 37 21 22 33 29 16 28 14 18 31 13 23 12 10 20 34 5 10 18 15 20 27 8 14 25 34 33 18 
9 2 5 4 3 5 2 5 7 3 7 2 8 3 8 4 3 6 0 5 6 5 2 4 5 5 6 5 1 2 3 6 3 0 4 4 3 6 5 5 10 2 5 3 4 2 8 2 7 3 2 3 5 3 5 6 9 5 1 1 3 3 3 2 0 1 5 5 3 5 5 5 4 5 4 3 0 4 5 4 3 4 2 2 7 3 7 6 3 7 1 7 9 1 7 3 1 1 6 0 6 4 2 1 6 4 7 7 4 6 6 2 2 3 4 7 5 7 9 5 4 4 2 2 0 2 3 2 1 3 7 2 2 6 6 9 4 7 4 4 2 1 2 2 1 3 4 1 6 3 5 5 5 2 7 7 5 0 4 5 5 4 6 1 7 5 7 2 3 2 6 2 3 6 7 2 0 2 9 5 0 3 5 3 6 6 4 1 4 7 3 7 0 3 8 4 4 3 5 3 5 3 8 2 3 3 7 0 9 4 6 6 0 4 8 4 5 4 0 1 8 5 0 3 6 3 2 1 3 6 6 5 3 2 0 8 7 3 5 6 2 6 3 8 8 0 6 1 1 3 5 3 1 1 1 6 5 1 4 7 1 4 7 4 2 1 3 6 6 9 2 6 6 1 0 3 6 0 6 5 6 3 4 5 3 3 0 6 2 6 5 2 2 3 0 5 1 0 3 1 
0 10 2 3 4 7 12 3 2 5 8 8 1 6 1 5 5 3 9 5 8 9 8 8 5 9 2 5 10 7 5 9 8 8 6 9 12 2 4 6 0 8 8 13 6 12 1 10 7 7 7 8 9 7 7 8 0 6 8 9 9 9 10 9 10 10 5 5 8 8 3 9 5 9 5 7 9 5 2 3 7 6 7 7 4 9 7 9 6 9 9 7 0 6 8 5 8 6 9 9 6 3 10 10 4 6 7 5 4 7 4 7 8 8 6 2 1 7 0 6 6 3 8 10 10 12 5 10 8 7 7 8 8 2 2 0 2 2 5 9 8 10 8 7 8 8 3 8 5 7 4 5 6 8 8 2 5 10 4 4 2 5 9 9 2 7 6 7 8 11 8 8 8 3 5 9 10 9 0 7 10 11 6 6 5 2 3 10 6 2 7 2 9 5 1 4 5 5 2 6 5 7 2 7 5 6 8 10 0 3 8 7 7 3 1 7 6 4 7 9 1 9 9 8 8 6 10 11 6 5 5 5 10 12 9 2 9 6 7 4 12 4 5 1 1 7 7 9 11 9 7 9 7 10 9 5 8 10 10 7 10 7 9 4 7 9 6 3 6 0 5 7 2 7 9 7 1 10 1 7 3 9 4 3 9 7 9 7 9 4 5 12 5 9 7 6 7 10 7 10 
8 1 3 3 3 2 3 4 6 3 4 0 7 2 6 3 3 5 2 5 3 7 1 5 3 7 4 3 2 2 3 7 1 2 4 6 4 6 3 3 8 1 2 4 3 4 6 5 4 1 2 1 7 1 2 4 7 3 1 3 1 1 2 0 2 2 6 2 5 3 4 3 2 7 4 1 2 3 4 3 1 1 1 1 4 5 5 7 1 4 1 5 7 2 4 1 0 1 7 3 3 4 1 1 6 1 5 4 2 4 4 1 0 4 5 5 5 4 8 5 2 3 0 2 3 3 3 1 2 5 5 0 0 4 4 8 3 6 2 1 0 1 0 0 2 1 3 2 4 0 3 5 5 0 4 5 3 2 4 5 5 2 3 1 6 5 4 0 5 3 7 3 1 5 4 4 3 4 8 6 2 2 3 1 4 4 3 1 2 6 4 5 2 1 7 4 1 3 3 3 6 1 6 1 1 2 4 3 7 3 4 3 1 3 7 5 5 4 1 1 7 3 2 0 7 0 1 3 0 4 3 4 1 4 1 6 4 1 2 6 3 4 1 6 6 1 3 1 3 1 3 5 2 1 1 4 6 2 2 4 1 5 5 2 2 1 2 5 3 7 3 3 4 2 2 0 5 1 5 2 4 5 3 3 1 0 2 3 4 5 3 4 2 1 1 5 2 2 0 1 
61 101 48 112 72 86 119 41 106 24 124 108 87 91 83 104 24 42 86 42 63 79 20 97 123 63 89 27 29 99 120 132 117 122 128 122 51 26 108 63 41 129 66 100 120 87 119 93 136 81 102 97 143 109 130 76 32 55 77 71 85 77 97 28 26 45 82 102 30 75 101 122 111 131 28 69 34 100 52 35 57 58 42 33 72 58 89 40 62 80 112 81 104 62 92 133 99 125 100 23 44 76 53 105 118 46 121 93 42 120 108 46 84 81 73 94 45 24 112 61 66 139 55 61 23 75 128 129 110 41 29 60 107 109 76 97 108 58 70 85 72 77 61 121 110 113 123 86 132 76 92 50 70 60 108 98 111 50 29 34 101 23 139 57 58 46 53 84 37 71 95 111 77 133 109 108 71 105 136 42 50 122 111 38 80 93 124 69 138 130 56 46 78 57 51 109 129 112 128 108 82 53 119 78 133 42 52 131 64 104 64 23 45 107 79 38 122 56 125 89 127 111 138 36 35 41 117 83 57 40 132 40 69 115 30 50 96 125 114 102 107 24 69 35 103 130 28 132 98 53 71 81 23 129 20 64 71 129 90 52 133 69 73 122 75 101 50 93 35 132 139 131 132 90 87 116 109 57 106 38 56 125 48 83 29 25 78 111 24 34 59 43 83 89 33 54 107 126 116 57 
23 26 16 32 23 24 32 15 33 10 34 28 29 26 27 30 10 16 24 16 18 27 4 30 34 23 27 10 9 28 34 40 31 34 37 36 15 13 31 19 18 35 18 28 34 24 36 28 37 23 29 24 43 30 35 21 15 16 22 21 20 18 24 8 9 13 27 28 13 20 30 31 31 40 12 19 12 29 18 13 17 17 13 11 22 20 26 17 18 22 29 24 33 19 26 35 25 34 32 9 14 24 14 27 36 14 33 27 13 33 31 15 23 25 24 29 17 8 35 21 20 38 14 16 9 21 36 33 31 16 10 14 26 32 23 32 31 21 19 21 20 21 17 32 31 30 35 25 36 19 27 18 23 14 30 30 31 15 12 14 31 9 36 15 20 17 17 21 15 20 31 32 19 38 31 32 20 31 41 17 15 31 30 12 24 27 35 19 37 38 19 17 22 16 20 32 34 32 36 31 27 16 36 22 35 14 16 36 23 30 19 8 14 31 26 15 37 19 34 24 38 29 37 10 16 11 30 23 15 13 37 15 17 32 10 18 26 32 31 32 29 10 19 15 32 35 9 33 27 13 20 26 9 33 5 20 24 33 22 16 34 23 21 34 22 26 16 29 12 40 39 35 37 26 25 29 33 16 32 12 18 37 16 25 7 8 22 30 10 15 19 14 25 21 11 19 30 34 30 14 
7 5 4 2 1 6 6 2 5 0 8 4 6 2 6 3 0 4 2 2 7 3 5 0 5 3 5 5 4 2 0 3 5 0 1 2 6 4 5 5 7 2 6 6 1 6 6 2 8 3 1 5 2 4 6 8 7 6 2 2 5 5 6 4 3 4 2 5 1 7 2 7 3 3 2 4 2 2 2 3 3 4 2 2 6 2 8 3 3 8 4 8 7 0 8 3 4 0 3 2 6 2 5 4 2 4 8 7 3 7 5 2 4 0 1 5 2 8 7 2 4 3 4 5 3 5 0 4 2 1 8 4 4 5 5 7 1 5 5 6 3 4 3 3 2 5 2 2 7 4 5 2 2 5 8 6 5 3 1 2 2 3 7 4 6 1 7 4 1 5 3 0 5 5 7 1 2 1 7 2 3 6 6 3 6 5 2 4 4 6 0 6 2 4 6 1 4 0 4 1 2 4 5 2 3 2 8 3 7 1 8 7 0 2 6 1 2 1 0 3 7 7 3 5 2 4 5 4 4 7 6 2 5 5 3 6 8 4 6 2 6 5 3 6 6 0 7 4 5 5 6 2 0 4 4 6 2 5 6 7 4 1 9 3 1 4 3 4 6 7 0 6 4 0 1 4 3 3 3 5 5 1 1 3 5 4 2 7 1 2 4 5 0 5 0 2 0 4 4 5 
5 5 0 2 3 1 7 3 3 3 4 3 4 3 3 2 3 3 5 5 3 8 3 6 0 8 1 0 5 3 4 8 2 5 4 7 8 4 0 0 5 3 3 8 4 8 3 7 3 2 4 3 8 2 1 3 4 1 4 6 4 3 5 4 6 5 5 0 7 3 3 4 1 8 3 2 5 3 2 1 2 1 3 3 1 7 3 8 2 4 5 3 4 3 3 0 3 3 8 6 1 2 5 5 5 1 3 1 0 2 0 3 3 6 5 3 3 3 4 5 1 0 3 5 6 7 3 5 4 6 3 3 3 1 0 5 2 3 0 3 4 5 3 3 5 3 1 4 1 2 0 5 5 3 3 2 0 6 3 5 3 1 4 5 3 6 2 2 6 7 8 5 3 2 1 6 6 6 5 6 6 6 1 2 1 0 2 5 1 3 5 2 5 0 4 4 0 3 0 4 5 2 4 4 0 3 4 6 4 2 3 2 3 1 4 6 5 3 4 4 3 4 5 3 7 1 5 7 1 1 0 3 4 7 5 3 4 1 2 5 7 0 0 3 3 4 2 4 6 4 2 7 4 5 4 1 7 5 5 2 5 6 4 0 4 5 2 3 1 4 3 2 1 4 5 2 3 5 3 2 0 7 3 1 4 2 5 2 6 5 0 7 3 4 3 5 5 6 1 5 
8 4 3 5 6 1 6 6 7 6 0 4 7 5 6 5 6 7 6 8 0 11 2 8 3 10 4 3 5 5 6 11 2 6 7 9 6 7 4 2 8 5 1 7 6 7 7 9 0 4 6 1 10 3 1 0 8 2 5 7 2 1 3 4 6 5 8 1 9 0 6 1 4 11 6 3 6 6 5 4 4 3 5 5 2 9 1 11 4 0 4 2 8 5 0 2 2 5 11 7 2 5 4 4 8 3 1 3 3 1 4 5 4 8 8 6 6 0 8 8 4 4 2 4 7 7 6 5 6 8 1 2 2 4 3 9 5 7 1 1 4 5 4 4 6 3 5 5 1 1 4 8 8 2 0 5 2 6 7 8 7 4 1 4 6 9 2 1 9 6 10 7 1 6 2 8 6 8 8 9 6 4 2 4 3 3 5 5 3 6 7 5 6 1 7 7 1 6 4 6 9 3 7 5 2 5 0 7 7 6 0 0 5 5 7 9 8 6 5 5 6 1 6 3 10 1 4 7 1 1 3 6 3 7 5 6 0 1 1 8 6 4 2 6 6 5 0 4 6 3 1 9 6 4 4 2 10 4 3 1 4 8 1 3 6 4 4 6 1 7 6 1 4 5 7 1 6 5 7 2 3 9 6 4 3 3 6 0 8 8 4 7 6 2 5 8 6 6 1 4 
58 104 45 111 72 84 122 40 105 24 122 111 85 91 80 103 24 40 88 42 62 81 22 98 121 65 86 25 33 100 120 133 117 125 128 124 55 25 106 60 38 131 66 103 120 91 117 95 134 82 104 97 144 109 128 74 30 52 79 74 87 78 100 31 29 49 82 99 31 73 100 122 110 133 28 70 37 100 51 34 58 57 43 35 69 60 86 41 62 79 116 78 102 64 90 132 102 127 101 25 40 75 56 108 118 45 118 89 41 117 105 47 87 82 74 92 44 22 110 62 65 138 58 64 26 78 128 132 112 42 26 62 110 106 73 94 107 56 67 86 75 80 63 122 112 114 122 88 129 77 89 50 70 62 106 95 108 53 28 34 101 22 138 60 56 46 49 85 39 74 96 113 77 131 105 110 74 107 134 43 53 125 108 38 77 90 123 72 137 128 57 43 81 55 49 108 127 112 126 108 82 53 117 80 132 43 51 134 62 103 62 21 47 106 77 38 122 56 128 92 125 111 141 38 36 40 120 86 56 37 129 40 71 119 32 48 94 124 112 102 110 22 68 32 100 132 25 136 102 55 68 83 25 132 23 61 72 133 92 49 136 70 71 121 76 104 50 92 32 129 140 129 130 92 89 117 108 60 104 36 53 127 48 82 31 26 81 109 26 34 57 47 84 91 35 54 109 129 116 60 
31 54 23 55 35 45 64 20 53 11 65 57 44 44 42 50 11 20 45 21 34 42 13 50 62 34 44 14 18 49 59 68 60 62 64 63 31 13 53 32 21 66 36 55 59 48 59 49 71 41 52 51 73 55 67 41 17 29 40 38 46 41 53 17 16 26 41 52 16 40 49 64 54 68 13 35 19 49 25 16 29 29 21 18 37 31 47 22 30 43 60 43 53 31 49 66 52 63 52 14 23 37 30 56 59 23 63 47 20 62 54 23 44 42 37 47 22 15 57 31 32 68 30 34 14 42 63 68 56 22 17 33 57 54 38 49 53 29 35 46 38 42 32 62 57 58 60 44 67 40 45 25 35 33 57 49 56 28 14 17 50 10 73 31 29 24 28 44 20 40 50 57 41 66 56 56 38 54 69 22 28 65 57 19 41 46 61 38 69 65 29 23 41 29 26 54 65 55 63 53 41 27 60 40 66 21 29 69 33 51 35 14 23 52 40 20 61 27 64 47 64 59 71 21 19 21 62 45 29 21 66 19 38 62 17 26 51 63 59 51 58 12 34 17 52 66 16 70 53 30 37 43 12 68 13 33 37 69 49 28 70 36 40 60 38 54 24 46 19 67 69 67 65 45 45 60 54 32 52 21 28 64 23 40 18 14 42 58 14 17 29 26 41 48 17 27 54 66 60 32 
5 5 0 2 4 1 7 4 4 4 3 4 4 3 3 3 4 4 5 6 3 9 3 7 0 9 1 0 6 4 4 9 3 5 4 8 8 4 1 0 5 4 3 8 4 8 4 8 2 3 4 3 8 2 1 3 4 1 4 7 4 3 5 4 6 6 6 0 7 2 3 4 2 9 4 3 6 4 3 1 3 2 4 4 0 8 2 9 2 3 5 2 5 4 3 0 3 4 9 6 0 3 5 5 5 2 3 0 0 2 1 4 4 7 6 3 3 2 5 5 2 1 3 5 7 7 4 5 5 7 2 3 3 1 0 5 3 3 0 3 4 5 4 3 5 3 2 5 0 2 1 6 6 3 3 2 0 6 4 5 4 2 4 5 3 6 1 2 7 7 8 6 3 2 1 7 6 7 5 7 6 6 1 3 0 0 2 5 2 3 6 2 6 0 4 4 0 4 1 4 6 2 4 4 1 4 3 7 4 3 2 2 4 2 4 7 6 4 4 5 3 4 5 3 8 1 5 7 1 0 0 4 5 8 5 3 3 1 2 6 7 1 1 3 3 4 2 5 7 4 1 8 5 5 5 0 8 6 5 2 5 6 3 0 4 5 3 3 1 4 4 2 1 4 6 2 3 6 3 2 0 7 3 1 4 3 6 2 7 5 1 8 4 4 4 6 5 6 1 5 
21 31 15 33 24 23 36 16 32 12 30 32 28 28 26 31 12 16 28 18 16 30 8 32 34 25 25 9 14 30 36 43 32 37 38 40 20 13 30 18 16 38 18 32 36 29 35 32 32 25 32 26 45 31 34 18 14 15 25 25 24 21 28 12 13 17 28 26 16 19 31 32 32 43 13 21 15 31 18 13 19 18 16 14 19 23 22 20 20 20 33 20 32 21 21 36 28 37 35 13 12 24 18 31 37 15 28 25 14 30 30 17 26 28 26 29 17 4 34 23 20 38 17 20 13 26 38 38 34 18 6 18 30 30 22 31 32 20 18 23 23 25 20 35 34 32 35 28 33 21 26 20 25 18 26 29 30 19 13 16 32 10 36 20 19 19 14 23 18 24 33 35 21 38 27 35 25 34 40 19 19 36 29 14 22 26 36 23 38 37 21 16 26 16 19 33 34 34 35 33 28 17 36 25 36 16 12 40 22 31 15 6 17 31 25 17 38 20 37 28 37 29 41 13 18 12 34 28 16 10 35 16 21 36 14 17 24 33 30 33 33 9 20 14 31 38 7 38 31 17 19 29 12 38 10 18 27 38 26 13 38 25 17 34 25 31 17 29 10 38 41 34 36 29 29 31 33 20 32 12 16 40 18 25 11 10 26 28 14 16 18 18 27 25 14 21 33 38 31 19 
18 31 12 30 22 23 37 14 30 10 32 32 25 26 23 29 10 14 27 16 18 28 9 31 31 24 22 7 13 29 34 41 32 36 36 38 20 10 28 16 13 37 19 33 34 29 32 31 34 23 30 27 43 30 34 20 11 14 24 24 25 23 29 12 13 17 26 25 14 20 28 34 30 41 11 20 15 29 15 10 18 17 15 13 16 22 22 18 18 22 33 20 29 20 24 34 29 36 33 12 11 22 19 32 34 14 31 22 11 30 27 16 25 27 24 26 14 7 31 20 19 36 17 21 13 26 36 38 33 17 8 18 31 27 19 28 30 17 17 25 23 25 19 34 33 31 33 26 31 22 24 18 23 18 28 26 28 19 11 13 29 8 38 20 16 17 12 24 16 25 31 34 22 35 26 34 24 33 37 17 19 36 28 13 19 23 33 23 37 34 20 13 26 15 16 31 33 32 32 31 26 16 33 24 34 15 15 40 19 29 17 7 16 29 22 15 36 18 36 27 34 31 40 13 16 12 35 28 15 8 33 14 22 37 13 14 26 32 30 30 34 7 18 11 28 37 8 38 32 18 18 28 11 38 10 15 25 38 27 13 39 23 20 31 23 31 16 26 9 36 39 34 33 27 28 31 30 20 29 11 13 38 15 22 12 9 26 29 13 13 16 18 25 26 13 19 32 38 31 20 
33 52 25 57 37 44 62 21 55 12 65 55 46 46 44 52 12 23 43 22 34 42 11 50 63 34 46 15 16 49 61 68 59 62 65 63 28 15 55 33 23 64 35 53 61 46 62 48 71 40 51 50 74 55 66 40 19 29 38 37 44 40 51 15 14 24 43 52 17 39 51 63 56 68 15 34 18 50 27 18 28 29 20 16 38 31 47 22 31 43 57 43 55 31 49 67 50 62 52 12 23 39 28 54 61 23 63 48 21 62 55 23 42 42 38 49 24 14 59 32 33 70 29 32 13 40 64 66 55 22 17 31 55 56 39 51 55 31 36 44 36 40 30 60 55 57 62 43 68 39 47 26 36 31 56 51 57 26 15 19 52 12 72 29 31 25 29 43 20 38 50 56 39 68 56 56 36 54 71 23 26 63 57 18 42 48 63 36 69 67 29 25 40 29 28 55 65 56 65 54 43 27 62 39 66 21 29 67 35 52 34 13 22 54 42 20 63 29 63 45 66 58 70 19 20 21 60 43 29 22 67 21 36 60 15 27 51 63 58 53 56 13 34 19 54 65 16 67 51 28 37 42 12 66 11 34 38 66 47 28 68 36 39 61 37 51 25 48 19 69 70 67 67 45 44 59 56 30 54 20 29 64 25 42 16 13 40 57 13 19 30 24 42 46 16 28 54 64 59 30 
34 52 25 57 37 45 62 21 56 12 65 55 46 46 44 53 12 23 43 22 34 42 12 50 63 34 46 15 15 49 60 68 60 61 65 63 28 15 55 33 24 64 35 52 60 46 62 48 71 41 51 50 74 55 67 41 19 29 38 36 44 40 51 15 14 23 43 53 16 40 51 64 56 68 15 35 17 50 27 18 29 30 20 16 39 30 47 22 31 43 57 43 55 31 49 67 51 62 52 12 24 39 28 54 61 24 63 49 22 63 56 23 42 41 38 49 24 15 59 32 34 70 29 32 12 39 64 66 55 22 18 31 55 56 40 52 55 32 36 45 36 39 30 60 55 57 62 43 69 39 47 26 36 31 57 51 57 26 15 18 52 12 72 29 32 24 29 43 20 37 50 56 40 68 57 55 36 53 71 23 26 63 57 19 42 48 63 35 70 68 29 25 39 29 28 55 66 56 65 54 43 27 62 38 67 21 29 66 35 53 35 14 22 54 42 20 62 29 62 44 66 58 69 19 20 21 60 43 29 23 68 21 36 60 15 28 51 63 59 53 55 14 35 20 54 64 16 67 51 28 38 42 11 66 11 34 37 66 47 29 67 36 40 62 37 51 25 48 20 69 70 68 68 45 44 59 56 29 54 21 30 64 25 43 16 13 40 58 13 19 31 24 42 46 16 28 53 64 59 30 
9 3 4 5 6 1 5 6 7 6 1 3 8 5 7 5 6 7 5 8 0 10 1 8 3 10 4 3 4 5 6 10 2 5 6 9 5 7 4 3 9 4 0 6 6 6 7 8 1 3 5 0 10 3 2 1 8 2 4 6 1 0 2 3 5 4 8 1 8 0 6 0 4 10 6 3 5 6 5 4 3 3 4 4 3 9 2 10 4 1 3 2 8 5 1 2 1 4 10 6 2 5 3 3 8 3 2 3 3 1 4 4 3 8 8 6 6 1 8 7 3 4 1 3 6 6 6 4 5 8 2 1 1 4 4 9 5 7 1 0 3 4 3 3 5 2 5 5 2 0 4 8 8 1 1 6 3 5 6 8 7 4 0 3 6 8 3 0 8 5 10 6 0 6 2 7 6 8 8 9 5 3 2 4 3 4 5 4 3 6 7 6 5 1 8 6 1 6 4 6 8 3 7 5 2 5 1 6 8 5 1 1 4 5 7 8 8 6 4 4 7 0 5 2 10 0 3 6 1 2 3 6 2 6 5 6 1 1 1 8 5 4 1 7 7 5 1 3 5 2 1 8 6 3 3 3 9 3 2 2 3 8 2 3 5 3 4 6 2 8 6 1 4 5 6 0 7 4 7 1 3 8 6 4 2 2 5 1 7 8 4 6 5 1 4 8 6 5 0 3 
9 0 4 4 4 3 3 5 7 3 5 0 8 3 7 4 4 6 1 5 4 7 1 5 4 7 5 4 1 2 4 7 1 2 4 5 3 6 4 4 9 1 3 3 4 3 7 4 5 2 2 1 7 2 3 4 8 3 1 2 1 1 2 0 1 1 6 3 5 3 5 3 3 7 4 1 2 4 4 3 1 2 1 1 5 5 5 7 2 5 0 6 8 2 5 2 0 1 7 2 4 4 1 1 6 2 5 5 3 5 4 2 0 4 5 6 5 5 8 5 3 3 0 1 2 2 3 1 2 5 5 0 0 5 4 9 4 7 3 2 0 0 1 1 2 1 4 2 5 1 4 5 5 1 5 6 4 1 4 6 5 3 4 0 7 5 5 0 5 2 7 3 1 5 5 4 2 4 8 6 2 1 4 2 5 5 4 0 2 6 4 6 2 1 7 4 2 3 4 3 6 2 7 2 1 2 5 2 8 4 5 4 1 4 7 5 6 4 1 0 7 3 1 1 7 1 1 2 1 5 4 4 1 3 1 7 5 1 3 6 2 5 1 7 7 1 4 0 2 1 4 5 2 1 0 5 6 1 2 5 0 5 5 3 2 0 2 5 4 8 3 4 5 2 2 1 5 1 6 3 5 5 4 4 1 1 2 4 3 6 4 3 3 1 1 5 2 2 1 1 
25 26 18 34 23 26 29 16 34 11 36 30 30 28 29 32 11 18 24 17 20 26 6 30 36 22 29 12 9 29 35 40 33 34 38 36 12 14 33 21 20 36 20 25 35 22 38 28 39 24 30 26 43 31 37 24 17 19 23 20 22 21 26 9 7 13 27 30 13 23 31 34 33 39 13 21 11 30 19 14 18 19 14 12 24 19 28 17 20 25 28 26 35 19 28 37 26 35 32 8 16 25 14 25 37 16 35 29 15 35 33 16 24 25 24 31 18 11 37 22 21 40 16 16 8 19 37 33 31 16 13 17 28 34 25 34 33 22 22 23 21 21 19 34 31 32 36 25 39 21 29 19 24 17 32 32 33 14 13 15 32 11 38 16 22 18 19 23 14 18 31 32 21 40 33 31 19 31 43 17 15 31 33 14 26 30 37 18 39 40 19 19 21 18 21 33 36 33 38 32 27 18 38 23 37 15 18 35 25 32 21 11 14 32 28 15 37 20 34 25 40 31 37 12 16 13 30 21 18 16 39 16 19 29 10 21 29 35 33 33 26 12 21 17 34 35 12 33 25 15 23 25 9 32 5 22 24 31 24 19 32 23 24 36 23 27 17 30 14 42 39 38 39 26 24 32 34 15 33 14 20 36 17 27 9 10 21 33 10 16 21 11 25 23 11 20 30 33 32 13 
7 3 2 2 2 2 5 3 4 2 5 1 5 1 5 2 2 4 2 4 4 6 2 4 2 6 3 2 3 1 2 6 1 2 2 5 5 4 2 2 7 1 3 6 2 5 5 5 4 0 1 2 6 0 2 4 6 2 1 3 3 2 3 2 3 3 4 2 5 3 3 3 1 6 2 0 3 2 2 1 0 0 1 1 3 5 4 7 0 5 2 4 6 1 5 0 1 1 7 3 3 2 3 3 4 0 5 4 0 4 2 1 1 4 4 4 3 4 6 4 0 1 1 3 4 5 2 3 2 4 5 1 1 3 2 7 2 4 1 3 1 3 1 0 2 1 1 1 3 1 2 4 4 2 4 4 2 3 3 4 3 1 4 2 4 4 4 1 4 4 6 3 2 3 4 4 3 4 6 5 3 4 2 0 3 3 2 3 0 4 3 4 3 0 5 3 0 2 2 2 4 0 5 1 0 1 5 4 6 2 4 3 1 1 5 4 4 3 1 2 5 4 2 1 6 1 3 4 0 3 2 2 3 5 2 5 4 0 2 4 5 3 0 5 5 1 3 2 4 3 3 5 2 3 2 3 5 3 4 4 3 4 5 1 2 2 0 3 3 6 2 3 2 1 3 1 3 3 3 2 2 5 2 1 3 1 3 3 4 4 2 5 1 3 1 4 2 3 1 3 
17 32 14 27 17 27 37 8 27 5 39 33 23 25 23 27 5 10 26 9 23 22 11 26 34 18 25 11 13 27 29 35 35 33 33 34 21 5 30 20 13 36 23 33 31 30 31 27 41 24 28 30 38 32 38 26 10 19 23 22 28 26 32 13 12 17 19 30 9 25 24 38 30 35 7 22 13 26 12 9 19 18 14 12 22 17 29 12 19 28 34 27 28 17 30 36 31 34 27 10 16 18 20 33 28 15 37 28 13 36 30 15 26 22 18 25 9 13 30 15 20 36 20 22 11 26 31 39 31 11 14 21 33 29 21 26 24 16 22 28 23 26 20 35 31 34 31 25 38 25 26 11 17 21 34 27 32 18 5 7 23 8 42 20 16 12 19 27 11 25 25 30 25 35 32 30 22 29 36 11 18 38 33 13 25 26 30 24 38 34 16 14 24 18 14 25 36 27 34 28 19 18 30 23 36 13 21 38 18 25 23 12 14 27 21 10 30 12 34 27 34 35 39 15 10 15 36 27 18 15 37 10 24 36 12 15 32 36 34 24 34 9 21 10 28 35 13 39 31 20 23 24 8 39 11 21 19 39 30 19 40 18 26 32 21 31 15 24 14 35 35 39 35 25 25 34 26 20 25 15 17 34 11 22 14 12 24 34 9 7 18 18 21 29 11 13 29 37 34 21 
73 127 58 138 87 109 149 48 130 26 156 137 106 112 101 128 27 50 105 49 80 95 28 118 154 75 110 34 37 121 147 160 148 150 157 149 64 30 134 79 48 160 84 125 147 109 146 113 171 102 125 123 175 137 164 96 37 69 95 86 108 98 124 37 32 57 99 128 33 95 123 155 137 160 33 87 41 122 63 42 71 72 50 40 90 68 111 45 77 101 142 101 127 75 116 167 126 154 120 26 55 93 68 132 144 57 151 116 52 151 134 56 106 97 88 115 54 31 137 73 82 173 72 78 27 93 156 162 135 48 36 77 137 135 94 118 132 71 88 108 91 97 76 151 135 142 152 105 165 97 114 59 83 77 136 121 139 62 33 39 124 27 175 72 71 54 66 107 43 88 115 136 98 165 136 132 86 127 167 49 61 153 139 46 100 115 153 87 172 161 67 56 96 72 61 133 162 136 159 132 99 67 146 95 167 51 66 162 77 127 81 30 54 132 96 43 149 68 154 111 157 140 171 47 40 52 148 103 72 50 164 48 88 144 36 61 121 157 144 124 134 29 87 41 126 159 35 167 123 68 89 98 25 162 27 80 84 163 114 66 167 83 92 152 90 127 61 114 45 162 171 165 164 110 106 147 134 71 129 49 69 153 57 103 38 32 96 140 27 39 73 54 101 113 39 64 130 157 147 72 
9 5 4 6 7 2 7 7 8 7 0 4 8 6 7 6 7 7 6 9 1 11 2 9 4 11 4 4 6 6 7 11 3 7 7 10 7 8 4 3 9 5 1 8 7 7 7 9 0 4 6 1 11 4 2 0 8 2 6 8 2 2 4 4 6 6 9 1 10 1 7 1 5 11 7 4 7 7 6 5 4 4 5 5 2 10 1 12 5 0 4 2 8 6 0 3 3 5 12 7 2 6 4 4 9 4 0 3 3 1 4 6 4 9 9 7 7 0 8 8 4 4 2 4 8 7 7 5 6 9 0 2 3 4 4 9 6 7 1 1 5 5 5 5 6 3 5 6 2 2 4 9 9 2 0 6 3 7 7 9 8 5 1 5 7 9 2 2 9 7 11 8 1 6 2 9 7 9 9 10 7 5 2 5 3 4 6 5 4 7 8 6 7 2 8 7 2 7 4 7 9 4 8 6 3 6 0 7 8 6 0 1 6 5 8 9 9 7 6 5 7 1 6 3 11 1 5 7 2 1 3 7 4 7 6 6 0 2 2 9 7 5 2 7 7 6 1 4 7 3 2 10 7 5 4 3 10 5 3 1 5 9 0 4 6 5 5 7 2 8 7 1 5 6 7 2 7 6 7 2 4 9 7 5 3 3 7 1 8 9 4 7 6 2 6 9 7 7 1 4 
