60 
300 
252 1673
221 1660
305 1825
35 704
148 1387
318 1991
260 1716
163 1370
119 1218
325 1974
192 1473
265 1733
123 1175
24 506
331 1986
258 1724
22 483
154 1418
260 1688
298 1816
148 1343
276 1783
232 1615
249 1685
320 1903
302 1861
236 1682
311 1840
267 1689
119 1211
66 890
30 589
106 1127
232 1585
95 1050
110 1190
101 1116
265 1764
338 1984
55 809
174 1452
318 1794
126 1259
84 1047
152 1276
192 1542
309 1932
172 1461
234 1638
112 1138
75 922
128 1177
59 812
108 1102
234 1603
95 1093
276 1819
139 1281
181 1385
28 637
17 20 11 9 10 17 30 32 23 32 25 14 13 28 24 10 19 20 13 12 24 11 30 14 11 8 24 17 14 22 34 25 22 29 11 28 14 23 31 19 18 25 16 22 6 14 17 16 14 9 10 6 18 5 10 17 28 24 23 11 28 22 6 28 32 9 14 27 11 17 21 23 11 21 14 7 15 22 20 12 27 10 28 23 33 15 5 6 6 25 16 28 17 34 8 24 15 21 9 6 17 16 12 12 14 16 28 19 19 5 22 17 32 13 17 19 17 18 5 25 11 20 15 10 20 12 30 32 16 7 25 31 10 16 6 18 8 11 20 7 12 10 21 5 7 13 11 22 24 15 34 34 5 17 6 18 26 10 29 31 17 9 22 27 34 23 14 22 32 10 25 23 23 26 33 25 27 6 10 7 34 22 22 20 7 25 8 22 9 12 14 31 8 15 12 34 19 33 9 34 23 30 16 5 6 21 19 23 23 34 26 6 11 8 13 26 7 5 10 10 17 8 26 31 22 29 34 32 23 18 16 32 20 22 22 18 19 24 25 16 22 25 7 20 23 30 27 16 18 27 28 13 20 9 11 34 23 11 19 6 14 9 30 22 6 5 28 34 10 6 34 29 25 25 22 21 30 7 29 29 8 29 24 27 16 13 17 8 10 13 33 30 16 18 15 9 18 24 19 11 
5 5 3 5 5 1 5 2 4 7 1 6 6 4 5 5 7 5 6 0 3 4 3 5 2 5 5 0 5 6 0 2 1 0 8 6 6 1 2 1 5 5 3 5 4 1 5 4 3 6 6 8 5 5 7 5 7 2 5 1 6 3 3 1 3 5 2 0 7 0 7 6 7 2 6 5 4 6 2 1 2 6 7 1 5 3 7 4 2 6 2 6 6 3 1 6 4 7 0 7 1 1 1 0 7 3 9 2 7 7 4 3 2 2 1 3 2 7 6 0 7 6 3 1 3 2 2 0 6 4 3 3 2 2 2 4 3 3 1 5 4 6 7 1 3 1 1 8 2 4 4 3 3 6 5 3 4 2 6 2 6 1 8 8 2 4 1 3 3 3 2 5 2 4 2 2 3 1 3 6 2 6 5 6 6 3 5 7 4 7 8 7 5 1 1 2 6 0 2 7 6 3 6 3 4 7 6 3 5 6 3 4 6 1 3 2 7 8 6 2 0 6 3 3 1 7 4 1 7 5 7 2 3 5 3 2 5 3 2 6 6 3 5 5 2 4 1 2 7 1 5 1 2 3 0 3 6 1 5 3 5 0 4 3 1 1 1 3 8 5 7 8 2 2 7 3 2 3 6 2 3 5 7 6 7 4 6 2 1 3 5 7 4 6 7 5 0 2 5 8 
4 1 7 1 4 6 5 2 6 5 5 10 0 3 4 6 3 6 1 5 6 7 1 1 6 0 6 5 7 9 4 3 5 4 7 4 6 6 6 3 6 0 2 0 2 2 6 1 1 9 5 5 7 7 4 5 2 2 1 4 0 2 6 5 7 0 7 4 4 4 2 1 2 6 6 8 6 6 6 5 3 4 5 3 4 1 2 6 2 4 3 10 9 2 6 1 8 6 5 4 6 5 3 5 6 6 7 3 3 4 6 2 3 6 3 1 2 6 6 6 6 9 3 6 0 5 6 5 7 0 2 2 3 7 6 7 2 1 4 6 2 6 2 2 0 3 4 6 2 1 7 7 1 9 7 7 4 7 8 6 5 4 5 6 7 7 4 2 2 3 6 0 7 8 7 2 7 7 2 3 6 6 3 6 3 2 3 5 1 5 6 2 7 2 4 2 9 4 4 2 6 5 9 7 7 7 4 2 0 5 7 0 1 4 2 6 6 7 5 7 5 3 7 2 6 2 1 4 4 7 3 5 2 7 2 3 5 7 7 3 4 7 8 1 2 0 4 2 6 4 1 7 7 1 5 7 6 3 0 7 0 6 1 1 7 6 3 7 7 6 3 5 5 3 7 2 3 6 2 6 7 9 4 5 4 7 6 6 4 1 6 3 6 8 6 6 5 2 0 7 
4 7 1 8 4 6 3 7 2 7 7 1 9 6 4 2 9 4 10 4 2 2 6 10 8 8 2 3 0 0 6 8 7 3 5 6 2 5 1 7 3 8 7 8 9 2 0 9 8 0 4 8 1 1 8 5 11 6 10 5 9 6 2 7 3 8 6 3 7 6 9 9 11 3 3 1 2 2 3 7 6 6 7 7 4 8 9 2 5 5 7 1 0 9 6 10 1 4 5 8 6 7 3 6 6 8 6 8 9 7 2 8 6 3 7 8 7 5 4 5 5 0 3 5 8 8 8 6 1 8 7 8 7 7 3 1 8 7 5 3 9 4 11 4 8 3 5 7 7 7 1 1 6 0 1 0 5 7 0 3 4 5 7 6 7 1 7 7 6 3 8 7 5 1 6 4 2 5 6 7 3 3 6 4 7 6 6 7 6 7 6 9 2 4 6 4 0 3 2 11 3 1 0 1 0 4 6 8 7 4 3 9 10 6 8 3 4 6 4 6 5 8 1 5 4 9 7 6 7 1 9 8 5 2 5 3 5 0 3 7 6 2 0 9 8 9 5 6 4 6 9 6 3 8 3 2 4 7 8 0 9 4 6 8 5 6 7 1 6 2 9 7 8 5 3 8 5 2 8 3 2 1 8 4 7 2 4 2 2 7 3 9 2 0 5 0 6 6 9 6 
57 68 34 36 36 57 95 104 73 104 82 42 49 91 77 34 67 65 51 40 76 36 97 53 42 34 75 55 43 68 109 83 74 91 40 91 46 74 94 65 58 85 56 76 28 45 52 58 51 27 36 27 56 18 40 57 96 79 80 39 95 73 21 92 99 36 48 85 41 57 73 79 45 67 47 23 48 69 64 44 88 38 92 77 105 54 26 21 24 82 56 84 52 112 31 83 47 69 33 27 57 56 41 42 49 57 92 66 67 24 69 60 103 43 59 66 59 61 20 81 40 61 50 35 69 44 98 102 51 30 83 102 38 55 22 56 33 42 65 25 46 36 75 20 30 43 39 75 80 54 104 103 22 50 20 55 84 37 89 97 56 33 75 89 109 71 50 74 103 35 84 78 75 79 105 80 84 23 38 30 105 70 73 65 30 82 31 74 35 45 49 103 27 50 43 107 56 103 30 114 73 93 47 16 18 68 65 78 78 107 81 28 44 31 48 82 27 22 35 36 57 33 79 99 70 98 110 102 78 57 58 104 66 69 72 58 63 72 78 57 74 78 22 70 78 100 86 55 59 88 94 45 63 36 37 105 74 41 66 19 52 31 98 75 23 21 92 103 38 21 112 96 84 81 71 72 96 24 97 91 27 88 82 87 57 41 56 26 33 47 103 100 51 56 52 28 61 79 67 40 
4 4 3 4 4 2 4 1 4 6 2 6 5 3 3 4 6 5 5 0 3 4 2 4 3 4 4 1 4 6 0 2 2 0 7 5 5 2 3 1 4 4 2 4 3 0 4 3 2 6 5 6 4 4 6 4 6 1 5 0 5 2 3 2 3 4 3 0 5 0 6 5 6 2 5 4 3 5 2 2 1 5 6 1 4 3 6 3 1 5 2 6 5 3 2 5 4 6 1 6 2 2 0 1 6 4 8 2 6 5 4 3 1 2 1 3 2 6 5 1 6 6 2 2 2 2 3 1 5 3 2 2 1 3 2 4 2 2 0 4 3 5 6 0 3 0 0 7 1 3 4 3 2 5 5 3 3 3 6 2 5 0 6 7 3 4 1 2 2 2 3 4 3 4 3 1 3 2 2 5 2 5 4 5 5 2 4 6 3 6 7 5 4 0 0 1 6 0 2 6 5 2 5 3 4 6 5 2 4 5 3 3 5 0 2 2 6 7 5 3 0 5 3 2 1 6 3 0 6 4 6 3 2 4 2 1 4 3 2 5 5 3 5 4 2 3 0 1 6 0 4 3 2 2 1 3 5 1 4 3 4 1 3 3 2 2 1 4 7 4 6 6 3 1 6 3 0 3 5 2 3 5 6 5 6 3 5 2 1 2 4 6 3 5 6 4 1 1 4 7 
4 5 0 6 4 2 3 4 3 7 3 3 7 5 4 3 8 4 8 0 2 2 4 7 5 6 3 0 3 4 3 4 4 0 7 6 4 1 0 4 3 6 4 6 6 0 2 6 5 3 5 8 2 3 8 5 9 4 7 2 7 4 0 4 0 6 3 0 6 2 8 7 9 0 4 2 2 4 0 4 3 6 7 4 4 5 8 1 3 5 4 3 3 6 3 8 2 5 2 7 2 4 2 2 6 5 8 4 8 7 2 5 3 0 4 5 4 6 5 2 6 4 3 2 5 4 4 2 4 6 4 5 4 4 0 1 5 5 2 3 6 5 9 1 6 1 2 8 4 5 2 1 4 3 3 0 4 4 4 0 5 2 7 7 3 2 4 4 4 3 5 6 2 1 2 2 1 2 4 6 0 4 5 5 6 4 5 7 5 7 7 8 3 2 3 2 3 0 1 9 5 1 3 0 1 6 6 5 6 5 0 6 8 3 5 0 6 7 5 2 2 7 0 3 0 8 5 3 7 3 8 4 3 3 3 2 4 1 0 7 6 1 2 7 5 6 2 4 5 3 7 2 0 5 0 0 5 4 6 0 7 0 5 5 2 2 4 1 8 3 8 7 5 3 5 5 3 1 7 0 1 2 8 5 7 1 5 0 0 5 3 8 2 3 6 2 3 3 6 7 
2 4 1 6 2 5 1 5 0 4 6 3 7 3 2 0 7 2 8 3 1 0 3 8 7 6 0 3 0 2 4 6 6 2 4 4 1 4 1 6 0 6 5 6 7 0 0 7 6 2 2 6 1 0 6 3 9 5 8 3 7 4 2 6 3 5 6 2 4 4 7 7 9 3 2 1 0 1 2 6 5 4 5 6 2 6 7 1 3 3 6 3 2 7 6 8 2 3 5 6 5 6 2 5 4 8 5 6 6 5 0 7 4 2 6 6 6 4 2 5 4 2 1 5 6 7 7 5 1 6 5 6 5 7 2 1 7 5 3 1 7 2 9 2 6 1 3 5 5 5 1 2 4 2 0 1 3 7 1 3 2 4 5 5 6 1 6 5 4 1 7 5 5 2 6 2 1 5 4 5 2 1 3 2 5 4 4 4 4 5 4 7 0 2 4 2 3 2 0 9 2 0 2 2 2 3 4 7 5 2 3 7 8 4 6 2 3 4 2 5 4 5 2 2 3 7 5 4 5 0 7 7 2 0 3 1 2 2 3 5 4 2 2 7 6 7 3 4 2 5 7 5 3 6 3 2 2 6 6 1 7 3 4 6 5 5 6 2 5 0 7 5 7 3 2 7 4 1 6 3 1 3 6 2 5 1 2 2 1 5 0 6 0 1 4 0 5 4 6 4 
5 4 6 4 6 4 6 2 6 7 2 9 4 5 5 7 6 7 3 3 6 7 3 2 3 3 7 3 7 9 2 1 2 3 9 6 7 4 6 1 7 3 3 3 0 2 7 1 2 9 7 7 7 7 7 6 5 2 2 3 3 3 6 2 6 3 4 3 7 3 5 4 5 5 8 7 6 8 5 2 2 6 8 0 6 1 5 6 3 6 1 9 8 1 4 3 7 8 4 6 4 2 3 3 8 3 9 1 6 6 7 0 2 5 0 0 1 8 8 4 8 9 4 4 1 2 3 3 8 2 3 1 1 4 5 7 0 2 3 6 1 8 4 2 0 3 3 8 1 3 7 6 2 9 8 6 5 4 9 5 7 3 7 8 4 7 2 3 3 5 3 3 5 7 5 3 6 5 2 5 6 7 5 8 6 3 5 7 3 7 8 5 7 2 2 3 9 3 5 4 8 5 9 6 7 8 6 0 3 7 6 1 3 2 1 5 8 9 7 5 3 6 6 3 4 5 3 2 7 7 6 3 3 7 3 4 6 7 5 6 6 6 8 2 1 1 4 2 8 2 2 4 5 1 4 6 8 0 3 6 3 4 4 1 5 4 0 7 9 7 6 8 2 3 8 1 3 6 5 5 6 8 7 6 7 7 7 5 4 2 6 6 6 8 8 7 3 3 3 9 
20 20 19 10 13 25 35 36 29 36 32 24 14 31 27 16 20 25 15 18 30 18 31 17 19 8 30 23 21 31 39 30 29 34 17 31 20 31 38 24 24 26 19 22 10 17 23 20 17 19 14 9 26 12 12 21 29 28 26 16 29 25 13 35 40 8 23 33 14 23 21 24 13 29 20 15 22 28 27 19 31 13 32 28 36 18 5 13 8 29 21 38 26 38 16 27 23 27 16 8 25 23 16 19 19 24 34 24 20 7 29 22 36 20 22 22 21 23 11 32 16 29 18 18 22 19 38 39 23 10 28 35 15 25 13 26 12 14 26 13 16 15 23 9 9 17 16 26 28 17 42 42 6 26 13 26 30 19 38 38 22 15 25 31 43 31 20 25 35 13 33 22 32 35 42 28 34 14 13 8 42 28 25 26 9 28 11 25 9 15 19 31 15 18 17 37 29 38 14 37 29 35 25 13 14 27 22 28 22 38 34 8 13 13 17 33 13 11 14 19 23 10 34 33 29 29 36 37 26 25 17 40 22 29 24 22 23 32 33 18 25 33 16 23 27 32 32 20 23 32 31 21 28 12 18 42 29 16 20 14 16 16 30 25 14 13 33 42 15 13 34 32 32 29 28 25 34 14 30 36 16 38 26 31 19 21 23 16 15 16 39 31 23 26 20 15 24 28 21 16 
4 3 4 3 4 2 4 0 5 6 1 7 4 3 4 5 6 5 5 1 4 5 2 3 3 3 5 2 5 7 0 1 2 1 8 5 6 3 4 0 5 3 2 3 2 0 5 2 2 7 5 7 5 5 6 5 6 1 4 1 4 2 4 1 4 3 3 1 6 1 5 4 6 3 6 5 4 6 3 2 0 5 7 1 4 2 5 4 1 5 0 7 6 2 3 4 5 6 2 6 3 2 1 1 7 3 8 1 6 6 5 2 1 3 0 1 1 7 6 2 7 7 3 3 1 2 3 2 6 2 2 1 0 3 3 5 1 2 1 5 2 6 6 0 2 1 1 8 0 2 5 4 2 7 6 4 4 3 7 3 5 1 7 7 3 5 1 2 2 3 3 3 3 5 3 1 4 3 1 5 4 6 4 6 5 2 4 6 3 6 7 5 5 1 0 2 7 1 3 5 6 3 7 4 5 7 5 1 3 5 4 2 4 0 1 3 7 8 5 3 1 5 4 2 2 5 3 0 6 5 6 2 2 5 2 2 5 5 3 5 5 4 6 3 1 3 2 1 6 0 3 3 3 2 2 4 6 1 3 4 3 2 3 2 3 3 0 5 8 5 6 7 2 1 7 2 1 4 5 3 4 6 6 5 6 4 6 3 2 2 5 6 4 6 7 5 1 1 3 8 
2 2 4 2 3 4 3 1 4 4 3 7 3 2 2 4 4 4 4 2 3 4 0 3 5 2 4 2 5 6 2 2 4 1 6 3 4 4 4 2 4 2 0 2 3 0 4 2 1 7 4 5 5 5 4 3 4 0 3 1 3 0 4 3 5 2 5 2 4 2 4 3 4 4 5 5 4 5 3 3 1 3 5 2 3 2 4 4 0 3 2 7 6 2 4 4 5 5 3 4 4 3 0 3 5 5 6 2 4 4 4 2 0 3 2 2 1 5 5 3 5 7 1 4 1 4 5 3 5 1 0 1 1 5 3 5 2 1 2 4 3 5 5 0 2 1 1 6 1 1 5 5 0 6 5 4 2 5 6 3 4 2 5 5 5 5 2 0 0 1 4 2 5 5 5 0 4 4 0 3 4 4 2 5 3 0 2 4 1 4 5 3 5 0 1 0 7 1 2 4 5 2 6 4 5 5 4 2 2 4 4 2 3 1 1 3 5 6 4 5 2 3 4 0 3 4 1 1 4 5 4 4 0 4 0 1 3 5 4 3 3 4 6 3 1 2 2 0 5 2 3 5 4 1 3 4 5 2 2 4 3 3 1 1 4 4 2 5 6 4 4 5 4 0 5 2 1 3 3 3 4 6 4 3 4 4 4 4 1 0 4 4 4 6 5 4 3 0 2 6 
0 1 6 4 0 9 4 6 4 0 8 9 5 3 1 5 2 3 6 7 5 6 2 6 10 4 3 6 5 7 7 7 9 5 2 1 2 8 7 7 4 4 4 3 7 3 3 7 5 8 0 0 6 5 1 2 5 5 6 6 5 4 7 8 8 3 9 6 0 7 3 5 6 7 3 7 5 3 6 8 6 1 0 8 0 6 3 6 3 1 7 9 7 7 9 6 7 2 8 1 9 9 4 8 1 10 2 7 2 1 5 7 5 6 7 6 6 2 3 8 2 7 2 8 5 9 10 8 4 5 4 6 6 10 7 7 7 5 6 4 7 2 6 4 5 4 6 1 6 4 6 7 3 7 4 6 3 10 6 7 1 6 0 0 10 6 8 4 4 2 10 2 9 8 9 3 6 9 5 2 7 2 2 3 1 4 2 0 2 0 2 3 5 4 6 3 8 5 4 7 2 4 7 7 7 2 1 7 2 1 7 6 6 6 6 7 2 2 1 9 7 2 7 2 7 3 4 6 0 5 3 9 2 5 2 3 2 7 8 1 1 7 7 6 7 6 6 5 2 7 6 9 8 6 7 7 3 7 4 6 5 7 1 6 9 9 7 7 1 5 3 0 9 5 2 7 5 6 2 7 6 8 1 0 0 7 3 7 5 4 4 2 5 6 2 4 8 5 5 1 
24 27 14 16 17 18 36 36 29 41 27 19 21 35 30 16 28 27 21 12 28 16 35 21 13 15 30 18 20 29 37 29 24 31 21 36 21 24 33 23 24 32 21 29 12 16 23 22 20 15 17 16 23 11 20 24 38 29 31 14 36 27 9 30 35 16 14 28 20 19 30 31 20 23 21 12 20 29 23 14 31 18 37 25 40 21 14 10 11 33 20 34 23 39 8 32 19 29 10 15 17 18 15 14 23 18 38 23 28 14 27 22 36 16 20 24 21 27 13 26 20 27 20 11 25 14 32 33 23 13 30 36 14 17 9 22 13 17 23 13 18 18 30 8 12 16 14 32 28 21 39 37 10 22 12 21 32 11 35 33 24 12 32 37 35 28 17 27 37 15 28 30 23 29 33 29 31 6 15 15 37 29 29 28 15 31 15 31 15 21 23 40 14 18 15 38 24 35 13 43 31 34 21 7 9 29 27 28 30 41 29 12 19 11 18 29 16 15 17 10 19 17 28 36 22 38 40 35 32 24 25 34 25 28 27 22 26 27 26 24 30 29 12 27 27 36 30 21 26 30 35 13 21 14 11 37 31 14 26 9 21 9 37 28 6 5 30 37 20 12 43 39 28 29 30 26 34 11 38 32 12 33 33 34 25 17 25 9 13 19 39 39 21 24 24 14 20 29 26 21 
89 101 63 46 54 92 156 164 122 165 132 81 65 144 124 57 97 106 66 66 127 63 152 72 62 39 127 91 78 120 175 130 117 150 62 144 77 123 163 100 97 126 83 109 33 73 92 83 72 55 55 34 99 33 53 90 141 124 117 60 140 114 38 146 169 45 78 141 59 91 106 115 56 113 77 44 82 117 107 67 139 54 145 120 169 78 26 38 33 130 84 151 95 173 48 121 84 112 52 33 93 87 64 66 76 88 147 100 97 29 117 89 164 72 89 97 89 96 32 132 62 110 79 58 101 67 158 167 88 37 128 158 54 88 37 99 44 58 106 42 63 57 106 29 36 70 60 116 124 77 178 179 27 95 38 98 135 58 154 162 91 51 115 140 178 124 76 113 163 54 132 115 124 139 174 128 143 38 53 38 178 117 114 107 38 128 44 115 46 64 77 156 48 78 65 173 105 170 51 171 122 156 90 33 39 112 99 119 115 176 138 31 56 45 68 137 42 33 55 58 91 43 138 158 117 146 172 165 119 98 82 167 103 118 113 94 100 129 133 83 114 133 45 102 119 151 141 84 97 140 142 73 108 48 62 178 122 59 96 38 71 52 151 113 38 33 145 179 57 37 172 150 131 129 117 108 155 42 147 152 48 155 123 140 84 73 92 48 55 68 172 152 87 99 82 52 96 124 96 62 
6 6 3 6 6 0 6 3 5 8 1 6 7 6 6 5 9 7 8 0 4 5 4 6 2 6 6 0 5 7 2 3 1 1 9 7 7 0 2 3 6 6 5 6 5 2 5 5 5 6 7 9 5 6 9 7 9 4 7 3 7 5 3 2 3 6 0 1 8 1 8 7 9 2 7 5 5 7 3 1 3 7 9 1 6 5 8 4 4 7 3 6 6 5 0 7 4 8 0 8 0 1 3 1 8 2 10 3 8 8 5 4 3 2 2 4 4 8 7 0 9 7 4 0 4 2 2 0 6 5 5 4 3 1 3 4 4 5 2 5 5 7 9 2 5 2 3 10 3 5 4 3 4 6 6 3 6 1 6 2 7 2 9 9 1 5 2 5 5 5 2 6 0 3 0 3 4 0 4 7 3 7 6 7 8 5 6 8 5 9 9 8 6 3 2 4 5 1 3 8 7 3 6 3 3 8 7 4 6 7 3 5 7 2 4 2 8 9 7 0 1 8 3 4 0 8 6 2 9 5 9 2 4 5 4 3 6 3 1 8 7 3 5 6 4 5 3 4 8 2 6 0 1 5 0 3 7 2 6 3 6 0 6 5 0 0 1 3 10 6 8 9 2 4 8 4 3 4 8 2 4 4 9 7 8 4 7 1 2 5 5 8 5 6 8 5 1 4 6 9 
3 0 7 0 3 6 5 3 6 4 5 9 0 2 3 6 2 5 2 5 5 6 0 2 6 0 5 5 7 8 4 3 5 4 6 3 5 6 6 3 6 0 1 0 3 2 5 2 1 9 4 4 7 7 3 4 2 2 2 4 1 2 6 5 7 0 7 4 4 4 2 0 2 6 6 7 6 6 6 5 3 3 4 4 3 2 2 6 1 4 3 9 8 2 7 2 7 6 5 3 6 5 2 5 5 7 7 3 2 3 6 3 3 5 3 1 2 5 6 6 6 9 3 6 0 6 7 5 6 1 1 2 3 7 6 7 3 1 4 5 2 5 2 2 1 3 4 5 3 1 7 7 0 9 6 7 3 7 8 6 5 4 4 5 7 7 4 1 2 3 6 0 7 8 7 2 6 7 2 2 6 5 3 6 2 2 2 4 0 4 6 1 6 2 4 2 9 4 4 2 6 5 9 7 7 6 4 3 0 5 7 1 1 4 2 6 6 7 4 7 5 2 7 1 6 2 1 4 4 6 2 6 1 6 1 3 4 7 7 3 3 7 8 1 3 1 4 2 6 4 1 7 6 1 5 7 6 3 0 6 1 6 0 1 7 6 4 7 6 6 2 4 5 3 6 2 3 6 2 6 7 8 3 4 4 7 6 6 4 1 5 2 6 8 6 6 5 2 0 6 
104 123 68 58 62 105 182 194 140 196 154 89 83 170 146 62 119 123 84 73 145 68 182 89 71 52 146 103 87 136 206 153 136 174 71 171 87 141 188 117 110 154 98 136 41 82 104 100 87 58 63 41 111 33 65 105 175 146 144 67 173 134 38 172 194 58 88 162 70 104 131 143 73 128 87 45 91 135 121 76 164 64 173 141 200 94 35 38 37 153 99 173 106 208 52 150 93 130 57 41 106 100 71 75 88 101 174 118 119 34 134 106 194 79 105 118 105 112 33 153 71 124 90 63 123 76 185 195 99 46 152 189 63 101 37 110 52 69 121 44 77 64 133 30 46 77 67 138 146 93 206 207 32 106 39 110 158 65 178 188 105 55 137 167 209 141 87 134 194 61 155 141 142 159 202 150 164 39 62 46 206 135 134 124 46 152 51 136 56 77 89 191 50 90 74 204 118 198 54 211 141 180 100 32 39 130 118 142 141 207 158 40 72 50 81 157 46 36 63 64 104 52 158 187 134 179 207 194 143 110 102 197 121 134 133 108 116 146 152 100 136 152 46 125 141 185 163 98 112 164 173 82 122 57 67 206 142 69 118 38 89 56 183 136 39 33 171 207 66 38 209 179 155 151 136 130 181 43 179 175 50 178 149 165 101 80 105 50 59 81 200 185 97 111 94 56 111 145 118 71 
1 0 7 2 1 8 4 5 5 2 7 9 3 2 2 5 0 4 4 6 6 6 1 5 9 2 4 6 6 8 6 6 8 5 4 2 4 8 7 6 5 3 3 1 5 2 4 5 4 9 2 1 7 6 0 3 3 4 4 5 3 3 7 7 8 1 9 6 1 6 1 2 3 7 5 7 6 5 6 8 5 1 2 6 2 4 1 6 2 2 5 10 8 5 9 4 8 4 7 0 8 8 3 7 3 9 4 6 0 1 6 6 4 6 6 4 5 3 4 7 4 8 2 8 3 8 9 7 5 4 3 5 5 9 7 7 5 4 6 5 5 4 4 4 4 4 5 3 5 3 7 8 1 8 5 7 3 9 8 7 3 6 1 2 9 7 7 3 3 2 8 0 9 8 9 3 7 8 4 0 7 4 2 4 0 3 2 2 0 1 4 1 6 3 5 2 9 5 4 4 4 5 8 7 8 4 2 6 0 3 8 4 4 6 5 7 4 4 3 9 6 0 7 2 7 1 2 5 1 6 1 8 2 6 1 3 3 7 8 0 1 7 8 4 5 4 5 4 4 6 4 9 8 4 7 7 4 6 2 7 3 7 0 4 8 8 6 8 3 6 1 1 8 4 4 5 5 6 0 7 7 9 0 2 1 7 4 7 5 3 5 0 6 7 4 5 7 4 3 4 
1 3 2 5 1 5 0 4 0 3 6 4 6 2 0 0 5 1 7 3 1 1 2 7 7 5 0 3 1 3 4 5 6 2 3 2 1 5 2 5 0 5 4 5 6 0 0 6 5 4 1 4 2 1 5 1 7 4 7 3 6 3 3 6 3 4 6 2 3 4 5 6 7 3 1 3 1 1 3 6 4 3 4 5 1 5 6 2 1 2 5 5 3 6 6 7 3 2 5 4 6 6 1 5 3 8 4 6 5 4 1 6 3 3 5 6 5 3 1 5 3 3 0 5 5 7 7 5 1 5 4 5 5 7 3 2 6 4 3 0 6 1 8 2 5 1 3 4 4 4 2 3 2 3 1 2 1 7 3 3 1 4 4 3 7 2 5 4 3 0 7 4 6 3 6 1 2 5 3 4 3 1 2 1 4 3 2 3 3 4 3 5 1 1 4 1 4 2 0 8 1 0 3 3 3 2 3 6 4 1 3 6 7 4 5 3 2 3 1 6 4 4 3 1 4 6 4 4 4 1 5 7 1 1 1 0 1 3 4 4 3 3 3 6 5 6 3 3 2 4 6 6 4 5 3 3 1 5 5 2 6 4 3 5 5 6 5 3 4 1 5 4 7 3 2 6 3 1 5 3 2 4 5 1 4 2 1 3 1 4 0 5 1 2 3 0 5 3 5 3 
7 6 5 6 7 1 7 3 7 9 0 7 7 6 7 7 9 8 7 1 5 6 5 6 0 6 7 2 7 8 2 2 0 3 10 8 8 2 4 2 7 6 5 6 4 3 7 4 5 8 8 10 7 7 9 8 8 4 6 3 7 5 5 1 4 6 1 2 9 2 8 7 8 4 8 6 6 8 4 0 3 8 9 0 7 4 8 6 4 8 3 8 7 4 1 6 6 9 2 9 1 0 4 1 9 0 11 2 9 9 6 3 4 4 1 3 3 9 8 2 10 8 5 2 4 0 0 1 8 5 5 4 3 1 4 6 3 5 3 7 4 8 8 3 4 3 4 10 3 5 6 5 4 7 8 5 7 1 8 4 8 3 9 10 1 6 1 5 5 6 1 6 2 5 2 4 5 2 4 8 4 8 7 9 8 5 7 9 6 9 10 8 7 3 3 4 7 2 4 7 8 5 7 4 5 9 8 3 6 8 4 4 6 2 4 4 9 10 8 2 2 8 4 5 1 8 6 3 9 7 9 0 5 7 5 4 7 5 3 8 8 5 7 5 3 5 3 4 9 2 5 1 3 4 2 5 9 1 6 5 6 1 6 4 2 1 0 5 11 7 9 10 1 4 9 4 4 5 8 4 5 6 9 8 9 5 8 3 3 5 7 8 6 7 9 7 1 4 6 10 
4 2 6 2 4 4 5 1 5 5 3 8 2 3 4 5 4 5 3 3 5 6 1 2 4 1 6 3 6 8 2 2 3 3 7 4 6 5 5 2 6 1 1 1 1 1 5 1 0 8 5 5 6 6 5 5 4 1 2 3 2 2 5 3 6 1 5 3 5 3 3 2 3 5 6 7 5 6 4 3 1 4 6 2 4 0 3 5 1 4 1 9 8 1 5 2 7 6 4 5 5 3 2 3 6 5 8 2 4 4 5 1 1 4 1 0 1 6 6 4 7 8 3 5 0 4 5 4 6 0 1 0 1 5 5 6 1 0 3 5 1 6 4 1 0 2 3 7 1 1 6 6 0 8 6 6 3 5 8 5 5 3 5 6 5 6 2 1 1 3 4 1 5 7 5 1 5 5 1 3 5 6 3 6 4 2 3 5 1 5 7 3 6 1 2 2 8 3 4 3 6 4 8 6 6 7 5 1 1 5 6 1 2 2 0 5 7 8 5 5 3 4 5 1 4 4 1 2 5 6 4 4 1 6 1 2 4 6 5 4 4 6 7 1 1 1 3 1 6 2 1 5 5 0 4 6 6 1 1 6 1 4 2 0 5 5 2 6 7 6 4 6 3 2 6 1 2 5 3 4 6 7 5 5 5 6 6 5 3 1 5 4 5 7 6 6 3 1 1 7 
5 2 9 2 5 8 7 5 8 6 7 12 1 5 5 8 3 7 0 7 8 9 3 2 8 0 8 7 9 11 6 5 7 6 8 5 8 8 9 5 8 2 4 0 3 4 8 3 3 11 6 5 10 9 4 6 0 4 1 6 1 4 9 6 9 1 9 7 5 6 2 1 0 8 8 10 8 8 8 7 5 5 6 5 5 3 2 9 3 6 5 12 11 3 8 1 10 8 7 4 8 7 5 7 7 8 8 5 3 5 8 4 5 8 4 2 4 7 8 8 8 11 5 8 1 7 8 7 9 3 4 4 5 9 8 9 4 3 6 8 3 8 0 5 1 5 6 7 4 3 9 10 3 11 9 9 6 9 10 8 7 6 5 6 9 9 6 4 4 5 7 1 9 10 9 4 9 9 4 4 9 8 5 8 4 4 5 6 2 5 8 2 9 4 6 4 11 6 7 0 8 7 11 9 10 8 5 4 1 7 9 1 1 6 4 8 8 8 6 9 7 4 9 4 8 2 3 6 5 9 3 7 4 9 4 5 6 9 9 4 5 9 11 2 4 1 6 4 8 6 2 9 9 3 7 9 8 4 2 9 1 8 2 3 9 8 5 10 7 8 3 6 7 5 8 3 5 8 3 8 9 11 4 6 5 9 8 9 6 3 8 3 8 10 8 8 7 5 2 8 
5 7 0 8 5 5 4 7 3 7 7 0 10 6 5 3 9 5 11 3 3 2 6 10 8 9 3 3 1 2 6 7 7 3 6 7 3 4 1 7 3 9 7 9 9 2 1 9 8 0 5 9 1 2 9 6 11 7 10 5 10 6 2 7 2 8 5 3 7 5 10 10 11 3 4 1 3 3 3 7 6 7 8 7 5 8 10 2 5 6 7 0 0 9 6 10 1 5 5 9 5 7 4 6 7 8 7 8 9 8 3 8 6 3 7 8 7 6 5 5 6 1 4 5 8 7 7 5 2 8 7 8 7 6 3 1 8 8 5 3 9 5 12 4 8 3 5 8 7 8 2 0 6 0 2 0 6 7 2 3 5 5 8 7 6 1 7 7 7 4 8 8 5 0 5 4 2 5 7 8 2 4 6 5 8 6 7 7 7 8 7 10 2 4 6 4 0 3 2 11 4 2 0 0 0 5 7 8 8 5 2 9 10 6 8 3 5 7 5 5 5 8 0 5 3 10 8 6 8 2 10 7 5 2 5 4 5 0 2 8 7 2 0 10 8 9 5 6 5 6 10 5 2 8 3 2 5 7 8 0 9 3 7 8 5 5 7 0 7 3 10 8 8 6 5 8 6 3 9 3 2 0 9 5 8 2 5 2 3 7 3 9 3 1 6 1 6 6 9 7 
1 3 3 5 1 6 0 5 1 3 7 5 6 3 0 1 5 0 8 4 2 2 3 7 8 5 0 4 1 3 5 6 7 2 2 2 0 5 3 6 0 6 4 5 7 0 0 7 5 4 1 4 2 1 4 1 8 4 7 4 7 3 3 7 4 5 7 3 3 5 6 6 8 4 0 3 1 0 3 7 5 3 3 6 1 6 6 2 2 2 6 5 3 7 7 8 3 1 5 4 6 7 2 6 2 8 3 6 5 4 1 7 4 3 6 6 6 2 1 5 2 3 0 6 5 7 8 6 0 6 4 6 5 7 3 3 7 5 4 0 7 1 8 2 6 2 3 4 5 5 2 4 3 3 0 3 2 8 3 4 0 4 4 3 7 3 6 4 4 0 8 4 6 4 7 2 3 6 4 4 4 0 2 1 4 3 3 3 3 4 2 6 1 2 5 1 4 3 1 8 0 1 3 3 3 1 2 7 4 0 4 6 7 5 6 3 1 3 0 7 5 4 3 2 4 6 4 5 4 1 6 7 2 1 2 1 1 3 4 4 3 3 3 7 6 7 4 4 1 5 7 7 4 6 4 3 1 6 5 3 6 4 3 6 6 6 6 3 3 1 5 4 8 3 1 6 4 2 5 4 3 4 5 1 3 3 0 4 2 4 0 5 1 2 2 0 6 4 6 3 
0 0 5 2 0 7 3 4 4 1 7 8 3 1 0 4 2 2 5 5 4 5 1 5 8 2 3 5 4 6 5 6 7 4 3 0 3 7 5 5 3 3 3 2 6 1 3 5 4 7 1 1 5 5 1 1 4 3 5 4 4 2 5 7 6 1 8 4 0 5 2 3 5 6 3 6 4 3 5 7 4 0 1 6 0 4 2 5 1 1 5 8 7 5 8 5 6 2 6 1 7 7 2 6 2 9 3 6 2 0 4 6 4 5 5 4 5 2 3 6 3 7 1 7 3 7 8 6 4 4 3 4 5 8 5 6 5 3 4 3 5 2 5 3 4 3 4 2 4 3 5 6 1 7 4 5 1 8 6 6 2 5 1 2 8 6 6 3 3 1 8 1 8 7 8 1 5 7 3 1 6 3 1 3 0 2 1 1 0 1 3 2 4 2 5 1 7 4 3 5 3 3 7 6 6 3 0 5 1 1 6 4 4 5 4 5 3 3 1 8 5 1 6 1 6 2 2 5 1 5 2 8 1 4 0 2 2 6 6 0 0 6 7 5 5 4 4 3 3 5 5 8 6 4 5 6 3 6 3 5 4 6 0 4 7 7 6 6 3 4 2 1 7 3 3 5 4 4 1 5 5 7 1 1 1 6 3 6 3 3 3 2 4 6 2 3 6 3 3 3 
0 3 3 4 0 7 1 5 1 2 7 5 6 2 0 1 5 0 7 5 2 2 2 7 8 5 0 4 2 3 5 6 7 3 2 2 0 6 4 6 1 5 4 5 7 1 0 7 5 5 0 3 3 2 4 0 7 4 7 4 6 3 4 7 5 4 7 4 2 5 5 6 7 5 0 4 2 0 4 7 5 2 2 6 0 6 5 3 2 1 6 5 4 6 7 7 4 0 6 3 7 7 2 6 1 9 3 6 4 3 2 7 4 4 6 6 6 1 0 6 1 4 0 6 5 8 8 6 1 5 4 6 6 8 4 3 6 5 4 1 7 0 8 3 6 2 4 3 5 4 3 4 3 4 1 3 1 8 3 4 0 5 3 2 8 3 6 4 4 0 8 3 7 5 7 1 3 6 4 3 4 0 2 0 3 3 2 2 3 3 2 5 2 2 5 1 5 3 1 8 0 1 4 4 4 1 2 7 4 0 5 6 7 5 5 4 1 2 0 7 5 3 4 1 5 5 4 5 3 2 5 8 1 2 1 1 0 4 5 3 2 4 4 7 6 6 4 4 1 5 7 7 5 5 4 4 0 6 5 3 6 5 2 6 6 7 6 4 3 2 5 3 8 3 1 6 4 3 4 4 3 5 4 0 3 4 0 4 2 4 1 5 2 3 1 1 6 4 5 2 
5 2 9 2 5 8 7 5 8 6 7 12 1 5 5 8 3 7 0 7 8 9 3 2 8 0 8 7 9 11 6 5 7 6 8 5 7 8 9 5 8 2 4 0 3 4 8 3 3 11 6 5 9 9 4 6 0 4 1 6 1 4 9 6 9 1 9 7 5 6 2 1 0 8 8 10 8 8 8 7 5 5 6 5 5 3 2 8 3 6 5 12 11 3 8 1 10 7 8 4 8 7 5 7 7 8 8 5 3 4 8 4 5 8 4 2 4 7 8 8 8 11 5 8 1 7 8 7 8 3 4 4 5 9 8 9 4 3 6 8 3 7 0 5 1 5 6 6 4 3 9 10 2 11 9 9 5 9 10 8 7 6 5 6 9 9 6 4 4 5 7 1 9 10 9 4 9 9 4 3 9 8 5 8 4 4 5 6 2 5 7 2 9 4 6 4 11 6 7 1 8 7 11 9 10 8 5 4 1 6 9 1 1 6 4 8 8 8 6 9 7 4 9 4 8 2 3 6 5 9 3 7 4 9 3 5 6 9 9 4 5 9 10 2 4 1 6 4 8 6 2 9 9 3 7 9 8 4 2 9 1 8 2 3 9 8 5 10 7 8 2 5 7 5 8 3 5 8 3 8 9 11 4 6 5 9 8 9 6 3 8 3 8 10 7 8 7 5 2 8 
0 1 7 4 0 9 4 6 4 0 9 9 5 3 1 5 2 3 6 7 5 6 3 7 10 4 3 7 5 6 7 7 9 5 2 1 2 8 7 7 4 5 5 4 7 3 3 7 5 8 0 0 6 5 1 2 6 5 7 6 5 4 7 8 8 3 9 6 1 7 3 5 6 7 3 7 5 3 7 9 6 1 0 8 0 6 3 6 3 1 7 9 7 7 9 7 7 2 8 1 9 9 4 8 1 10 2 8 2 1 5 7 6 6 7 6 6 1 3 8 2 7 2 8 5 9 10 8 4 6 5 6 7 10 7 7 7 5 6 4 7 2 6 4 6 4 6 0 6 5 6 7 3 7 4 6 3 10 6 7 1 7 0 0 10 6 8 5 4 2 10 2 9 8 10 3 6 9 5 2 7 2 2 3 2 4 2 0 2 0 1 3 5 4 6 3 8 5 4 7 2 4 7 7 7 2 1 7 2 1 8 6 6 7 6 7 2 2 1 9 7 2 7 2 8 3 4 6 0 5 3 9 2 5 2 3 2 7 8 1 1 7 7 6 7 6 6 5 2 7 6 9 8 6 7 7 3 7 4 6 5 7 1 6 9 9 8 7 1 5 3 0 9 5 2 7 5 6 2 7 7 8 1 0 0 7 3 7 5 5 4 3 5 6 2 4 8 5 5 1 
7 6 5 6 7 2 7 3 7 9 1 8 6 7 7 7 9 8 7 2 6 7 5 5 0 6 8 3 8 9 3 2 1 3 11 8 8 3 5 2 8 6 5 6 3 3 7 4 4 9 8 10 7 8 9 8 8 4 6 4 6 5 5 1 5 6 2 3 9 3 8 7 8 4 9 7 7 8 5 1 3 8 10 0 7 4 8 6 5 8 3 9 8 4 2 6 7 9 3 9 2 1 4 2 10 0 11 2 9 9 7 3 4 5 1 3 3 10 9 3 10 9 6 3 3 0 1 2 8 5 5 3 3 2 5 7 3 4 4 7 4 9 7 3 3 4 4 11 3 5 7 6 5 8 8 6 7 1 9 4 8 3 10 10 2 7 2 5 5 6 0 6 3 6 3 4 6 3 4 8 5 9 7 9 8 5 7 9 6 9 10 8 8 4 3 5 8 3 5 7 9 5 8 5 6 10 8 3 6 8 5 4 6 3 4 5 10 11 8 3 3 8 5 5 2 8 6 3 9 7 9 0 5 7 5 5 8 6 4 8 8 6 8 5 3 4 4 4 9 2 5 2 4 4 3 6 9 0 6 6 6 2 6 4 3 2 0 6 11 8 8 10 0 5 9 3 4 6 8 4 6 7 9 8 9 6 9 4 4 5 7 8 7 8 10 7 2 4 6 11 
20 22 16 11 14 21 35 33 28 37 28 22 15 31 28 15 23 25 16 15 29 16 31 16 15 9 29 20 20 30 36 27 25 31 18 32 19 27 36 20 23 26 17 23 7 15 22 17 14 17 15 11 24 11 15 21 32 25 25 13 30 23 11 31 38 11 19 30 16 20 25 25 15 26 20 13 20 28 24 15 28 14 34 25 37 15 9 11 7 29 17 36 24 35 13 26 21 27 13 11 22 19 13 15 20 21 35 21 23 9 27 18 33 17 18 19 17 24 11 29 17 28 17 14 20 16 35 35 22 7 26 31 11 21 10 24 9 11 23 12 13 16 25 6 7 15 13 28 25 16 40 40 5 25 12 23 29 15 36 35 22 12 27 33 39 29 16 23 33 13 29 25 28 32 38 26 32 11 11 10 39 28 25 26 11 27 11 27 10 17 21 34 14 16 14 36 27 35 12 37 29 34 24 10 12 27 23 24 25 39 31 7 13 10 13 30 13 12 15 15 20 12 31 32 26 33 35 34 28 24 20 36 21 28 23 20 23 30 30 20 26 30 14 21 24 31 30 17 24 29 29 18 25 9 14 40 29 12 20 11 16 13 32 22 11 9 30 40 17 12 38 35 28 27 28 22 32 12 32 33 13 36 29 31 21 19 23 13 13 14 38 34 21 25 21 15 21 25 20 18 
37 42 27 20 24 38 65 65 51 69 53 36 28 59 51 25 42 45 29 27 52 27 61 30 26 17 53 37 34 52 70 52 47 60 29 60 33 50 67 39 41 51 33 45 13 29 39 33 28 26 25 17 42 16 25 38 60 48 48 24 58 45 17 59 70 20 33 57 27 37 46 48 26 47 34 20 35 50 44 27 55 24 61 48 70 30 14 17 13 54 33 64 41 69 21 50 36 48 22 16 39 35 25 27 34 37 63 40 42 14 49 35 65 30 35 39 35 42 16 54 28 48 32 24 40 28 65 67 38 14 51 62 21 37 16 42 17 22 43 19 25 26 46 11 14 28 24 50 49 31 74 74 10 42 18 41 55 25 65 66 39 20 49 60 73 52 30 44 65 23 54 48 51 58 71 51 59 17 21 17 73 50 47 46 18 51 19 49 19 29 34 65 22 31 26 69 46 68 21 71 52 64 40 15 18 48 42 47 48 73 57 13 24 18 26 56 20 17 25 25 37 20 57 63 48 62 69 66 51 42 36 68 41 50 45 38 42 54 55 36 48 55 21 41 47 61 57 33 42 56 57 31 45 18 25 73 52 23 39 17 30 22 62 44 17 14 58 74 27 17 72 63 53 52 50 43 62 19 61 62 21 65 53 58 37 32 40 21 23 26 71 64 37 43 36 23 39 49 39 29 
74 84 50 40 46 71 126 130 99 135 102 65 56 117 102 47 82 87 56 51 102 51 123 58 46 35 103 71 63 97 138 100 90 119 53 118 63 96 129 77 79 103 67 91 25 58 75 65 58 45 47 32 79 27 47 75 117 98 95 47 116 91 30 113 134 40 60 111 51 70 90 96 49 89 64 35 66 96 85 50 110 46 120 92 138 61 26 30 27 106 65 121 76 137 35 99 67 92 39 31 72 66 51 51 64 67 122 76 82 27 95 68 130 57 67 76 69 80 28 103 53 89 64 44 81 50 123 131 72 30 103 125 41 68 29 79 32 46 83 34 49 48 89 22 29 55 47 97 98 63 143 142 23 76 32 78 109 44 125 129 75 39 96 116 140 99 57 91 131 45 102 96 97 111 136 103 114 28 43 34 141 96 93 88 34 104 37 95 40 55 65 130 39 62 50 139 85 135 41 140 100 125 73 26 31 92 83 92 96 143 110 25 47 34 53 109 36 30 47 44 71 38 110 127 92 122 139 130 99 79 70 130 83 95 91 76 82 102 105 70 94 106 36 82 93 121 111 66 80 110 114 56 85 38 47 142 100 43 80 30 59 39 124 90 28 24 112 142 49 31 142 124 101 103 96 85 123 34 122 121 38 124 103 115 71 58 76 37 44 55 139 126 70 80 68 43 74 99 79 53 
23 25 16 14 16 19 36 34 29 40 25 22 18 33 30 16 27 27 19 13 29 17 34 18 12 13 31 19 21 30 36 26 22 31 20 35 21 26 35 20 25 30 20 27 9 16 23 19 17 17 17 14 25 12 18 24 35 27 28 14 33 26 11 28 37 14 16 29 19 19 28 29 18 25 22 13 21 29 24 12 29 17 36 22 39 18 12 12 9 32 17 36 24 37 10 29 21 29 11 14 19 16 15 13 22 17 38 20 26 12 28 19 35 17 17 21 19 27 13 27 20 28 19 12 23 12 31 33 23 11 29 33 12 18 10 24 10 14 23 13 15 18 28 7 10 16 14 31 26 19 40 39 8 24 13 23 32 12 37 35 24 11 30 36 36 29 14 26 36 15 26 28 26 31 36 28 32 9 13 14 38 29 28 28 14 29 14 30 13 20 23 38 15 17 14 38 26 35 13 40 31 34 23 10 11 30 26 25 28 41 30 9 16 10 15 30 16 15 17 13 19 15 31 35 24 36 38 34 31 25 24 32 24 28 26 22 26 29 28 23 29 30 14 24 25 33 30 19 26 28 32 15 23 12 13 39 31 11 24 11 19 11 35 25 9 7 27 39 20 13 41 38 25 28 30 23 33 12 36 33 13 36 32 34 24 18 25 12 13 17 39 37 22 25 24 15 19 27 24 20 
5 3 6 3 5 4 6 1 6 6 3 9 3 4 5 6 5 6 3 3 5 6 2 1 4 2 7 4 7 9 2 1 3 3 8 5 7 4 6 1 6 2 2 2 0 2 6 0 1 9 6 6 7 7 6 6 4 2 2 3 3 3 6 2 6 2 5 3 6 3 4 3 4 5 7 7 6 7 5 3 2 5 7 1 5 0 4 6 2 6 1 9 8 0 4 2 7 7 4 6 4 3 2 3 7 4 9 1 5 6 6 0 2 5 0 0 0 7 7 4 8 9 4 4 0 3 4 3 7 1 2 0 1 5 5 7 0 1 3 6 0 7 4 2 0 3 3 8 1 2 7 6 1 8 7 6 5 5 8 5 6 3 7 7 5 7 2 2 2 4 3 3 5 7 5 2 6 5 2 4 5 7 4 7 5 3 4 6 2 6 8 4 7 2 2 3 9 3 4 3 7 5 8 6 7 8 6 0 3 6 6 0 2 2 0 5 8 9 6 5 3 5 6 2 4 5 2 2 6 7 5 3 2 7 2 3 6 6 5 5 5 6 8 1 0 1 3 2 7 2 1 5 5 0 4 6 7 0 2 6 2 4 3 0 5 4 1 7 8 7 5 7 3 3 7 0 2 5 4 5 6 8 6 6 6 6 7 5 3 2 6 5 6 8 7 7 3 2 2 8 
22 23 19 11 15 23 37 35 30 38 30 25 14 32 29 18 23 27 14 17 31 19 32 14 17 8 31 23 22 32 39 28 27 34 20 34 21 30 38 22 26 26 19 23 8 17 24 17 16 19 16 12 27 13 15 23 30 27 23 16 29 26 14 33 40 10 21 32 17 22 24 24 13 28 22 16 22 30 27 17 31 15 35 26 38 16 8 14 9 31 19 39 27 36 15 24 24 29 15 11 24 21 16 17 21 22 37 22 23 10 30 19 36 20 19 19 20 26 13 31 19 30 19 17 20 17 36 38 24 8 28 33 13 23 13 26 10 13 25 14 13 18 22 9 7 18 16 29 27 17 42 42 7 27 14 26 31 17 39 38 24 14 28 34 41 32 18 25 35 15 30 25 31 35 41 29 35 13 13 11 41 30 27 28 11 29 12 28 11 18 22 34 16 18 16 38 29 38 15 35 31 36 26 13 15 29 25 25 25 41 34 5 11 12 15 33 15 14 17 17 22 12 34 34 28 32 36 36 29 26 20 38 23 30 25 22 25 32 32 21 27 33 17 20 26 29 32 19 26 31 28 20 27 11 17 42 31 14 21 14 15 15 33 23 13 12 31 42 18 14 38 35 30 29 30 23 34 14 33 36 16 39 29 33 22 21 25 15 15 16 40 34 23 27 23 17 23 28 20 19 
20 26 12 16 13 23 32 38 24 37 32 16 21 33 27 11 27 23 23 16 26 12 35 23 19 15 25 20 13 22 39 32 29 31 15 33 15 28 32 26 19 32 22 29 14 15 16 24 21 10 13 13 18 5 17 21 38 30 32 15 37 27 8 35 35 16 20 30 16 22 29 31 21 24 16 8 16 23 23 19 33 15 34 30 36 22 13 7 10 29 23 30 18 42 14 33 16 24 14 13 23 23 15 18 18 24 33 26 27 11 23 25 37 16 24 27 24 22 8 30 15 21 17 15 27 20 38 37 16 14 31 38 16 23 9 19 16 18 24 9 20 13 31 8 14 15 15 28 30 21 35 36 10 18 6 19 30 17 29 34 19 14 28 32 41 24 21 28 37 12 33 29 29 28 39 28 29 11 16 13 37 24 27 23 13 30 13 27 14 18 18 39 8 18 17 37 20 36 10 44 25 31 17 6 7 24 24 31 29 37 29 14 20 13 20 29 10 10 13 16 22 14 27 35 26 37 40 37 29 18 24 40 24 23 26 20 22 25 28 22 27 27 8 28 30 38 31 21 21 33 36 19 23 16 14 36 26 18 26 7 22 13 35 29 11 11 35 35 15 7 42 35 33 30 24 29 35 9 36 32 10 31 31 30 22 14 20 10 12 19 35 38 17 18 19 8 24 29 27 16 
21 23 16 12 14 20 35 32 28 38 27 22 17 32 28 15 25 26 17 14 28 16 32 17 14 11 30 19 20 29 35 25 24 31 19 33 20 26 35 19 24 28 18 25 7 15 22 17 15 17 15 13 24 11 16 22 33 25 26 13 31 24 10 29 37 12 18 29 17 18 26 27 16 25 20 13 20 28 24 14 28 15 35 23 38 16 10 11 8 30 16 36 24 35 11 27 21 27 11 12 20 18 14 14 21 19 36 19 24 11 27 18 33 16 17 20 17 25 11 28 18 28 18 13 21 14 33 34 22 9 27 31 10 20 10 24 9 12 22 12 14 16 26 6 8 15 13 30 24 17 39 39 6 24 12 23 30 14 36 35 23 11 29 34 38 29 15 24 34 13 28 26 27 32 37 27 32 10 11 12 38 28 26 27 12 27 12 28 11 18 21 36 14 16 13 36 26 35 12 39 29 34 23 10 11 28 24 24 26 40 31 8 14 9 13 30 14 13 16 14 19 13 31 33 25 34 36 33 29 24 22 34 22 28 24 20 24 29 29 21 27 30 14 22 23 32 29 17 25 28 30 17 24 10 13 39 30 11 22 11 17 12 33 23 10 8 28 39 18 12 39 36 27 27 29 22 31 11 34 32 13 36 30 32 22 18 23 12 12 15 38 35 21 25 22 15 20 25 22 19 
0 0 5 2 0 6 2 4 3 2 6 7 4 0 0 3 3 2 5 4 3 4 0 5 7 3 2 4 4 5 4 5 6 3 3 0 2 6 4 5 3 3 2 2 5 0 2 5 3 6 1 2 5 4 2 1 5 3 5 3 4 2 5 6 5 2 7 4 1 5 3 4 5 5 2 5 3 3 4 6 3 0 2 5 0 4 3 4 0 0 4 7 6 5 7 5 5 2 5 2 6 6 1 5 2 8 4 5 3 1 3 5 3 4 5 4 4 2 2 5 3 6 0 6 3 7 8 5 3 3 2 4 4 7 4 5 5 3 4 2 5 2 6 2 4 2 3 3 4 2 4 5 1 6 3 5 0 8 5 5 1 4 2 2 7 5 5 2 2 0 7 1 7 6 7 0 4 6 2 1 5 2 0 2 1 1 0 1 0 2 3 3 4 1 4 0 6 3 2 6 2 2 6 5 5 3 1 5 1 1 5 4 5 4 4 4 3 4 1 7 4 1 5 0 5 3 2 4 2 4 3 7 0 3 0 1 1 5 5 1 1 5 6 5 4 4 3 3 2 4 5 7 5 4 5 5 3 5 3 4 4 5 0 4 6 6 5 5 3 3 3 2 7 2 3 5 3 4 2 4 4 6 2 1 2 5 2 5 2 2 3 3 3 5 2 3 5 2 3 3 
4 3 5 2 4 4 5 0 5 6 3 8 3 3 4 5 5 5 3 3 5 6 1 2 4 2 6 3 6 8 2 1 3 2 7 5 6 4 5 1 6 2 1 2 1 1 5 1 1 8 5 6 6 6 5 5 4 1 2 2 3 2 5 2 5 2 5 2 5 2 4 3 4 4 6 6 5 6 4 3 1 5 6 1 4 0 4 5 1 5 0 8 7 1 4 3 6 6 3 5 4 3 2 3 6 4 8 1 5 5 5 1 1 4 1 0 0 7 6 3 7 8 3 4 0 3 4 3 6 1 1 0 0 4 4 6 0 1 3 5 1 6 4 1 0 2 2 7 0 1 6 6 1 8 6 5 4 5 8 4 6 2 6 7 4 6 2 1 1 3 3 2 5 6 5 2 5 5 1 4 5 6 4 6 4 2 3 6 2 6 7 4 6 1 2 2 8 2 3 4 6 4 8 5 6 7 5 1 2 5 5 1 3 2 0 4 7 8 5 5 3 4 5 2 3 4 2 2 6 6 5 3 2 6 2 2 5 6 5 4 5 5 7 2 0 1 3 1 7 1 2 4 5 0 3 5 6 1 2 5 2 3 2 0 5 4 1 6 8 6 5 6 3 2 7 0 2 5 4 4 5 7 5 5 6 6 6 5 3 1 5 5 5 7 7 6 2 1 2 7 
37 44 23 23 23 37 63 67 48 70 53 32 32 59 51 22 45 43 33 24 49 24 63 34 27 21 51 34 31 48 70 54 48 57 28 61 31 48 63 41 39 55 35 49 17 27 36 37 32 22 24 18 38 13 26 38 64 51 52 23 62 47 13 60 65 23 31 53 27 36 49 52 30 43 32 16 31 47 40 27 56 25 62 49 69 35 17 13 14 54 36 60 37 73 19 55 32 47 20 18 37 35 24 26 33 37 63 42 45 16 46 39 66 26 37 43 38 41 14 52 28 44 32 22 44 28 64 66 35 19 53 66 23 36 12 38 20 26 41 16 29 24 50 10 19 26 23 51 51 34 70 70 13 37 15 37 55 24 62 62 38 19 50 60 72 48 31 47 67 22 55 50 49 54 69 51 55 14 23 19 69 48 48 44 19 53 20 49 22 30 34 68 19 31 26 69 42 65 18 76 50 60 35 11 14 47 43 50 51 72 53 17 29 18 30 52 19 16 24 23 35 22 53 64 45 65 72 66 52 38 39 68 42 46 46 37 41 50 51 37 49 51 17 46 50 65 55 35 41 56 62 29 41 22 22 69 50 25 43 13 34 19 64 48 14 13 59 70 27 14 75 64 54 52 49 47 62 15 64 58 17 61 54 58 38 27 38 17 19 30 68 66 34 39 35 20 38 50 43 28 
4 2 8 2 5 6 6 3 7 6 5 10 1 4 5 7 4 7 1 5 7 8 2 0 6 0 7 6 8 10 4 3 5 5 8 5 7 7 7 3 7 1 2 0 2 3 7 1 1 10 6 5 8 8 5 6 2 3 0 5 0 3 7 5 8 1 7 5 5 5 3 1 1 7 7 9 7 7 7 5 3 5 6 3 5 1 3 7 2 5 3 11 9 2 7 0 8 7 6 4 7 5 4 5 7 7 8 3 3 5 7 2 3 6 3 1 3 7 7 6 7 10 4 7 0 5 6 6 8 1 2 2 3 7 7 8 2 2 5 7 2 7 1 3 0 4 5 7 3 2 8 8 1 10 8 8 5 7 9 7 6 5 6 6 7 8 4 2 3 4 6 1 7 9 7 3 7 7 3 3 7 7 4 7 4 3 4 5 2 5 7 2 8 3 4 3 10 5 5 1 7 6 10 8 8 7 5 2 1 6 8 0 0 4 2 7 7 8 6 7 5 4 8 3 6 3 2 4 5 8 3 6 3 8 3 4 6 8 7 4 5 8 9 0 3 0 5 3 7 4 0 7 7 2 6 8 7 3 1 8 0 6 2 1 7 7 3 8 7 7 3 6 5 4 7 2 4 7 3 7 8 9 4 5 5 8 7 7 5 2 7 3 7 9 7 7 5 3 1 8 
1 3 6 5 1 9 3 7 4 1 9 8 6 3 1 4 4 2 8 7 5 5 4 8 11 5 2 7 4 5 7 8 9 5 0 2 1 8 6 8 3 6 6 5 9 3 2 8 6 7 0 2 5 4 3 2 7 6 8 6 7 5 6 9 7 4 10 6 2 8 5 6 7 7 2 6 5 2 6 9 7 2 1 8 0 7 5 5 3 2 8 8 6 8 10 8 6 1 8 3 9 9 4 8 0 11 0 8 4 2 4 8 6 6 8 8 7 0 2 8 0 6 2 8 6 10 11 8 2 7 5 7 7 10 7 6 8 6 6 4 8 1 8 5 7 4 6 1 7 6 6 7 4 6 3 6 3 11 5 7 0 7 2 0 10 6 8 6 5 2 10 4 9 7 10 3 6 9 6 4 7 1 3 2 3 5 3 1 3 2 0 5 4 4 7 3 7 6 4 8 1 4 6 6 6 0 2 8 4 0 7 7 8 7 7 7 0 0 0 10 7 3 6 3 8 5 5 7 2 5 5 10 3 4 3 3 2 6 8 3 2 6 7 8 8 7 6 6 0 8 8 9 8 7 7 7 2 8 6 6 7 8 3 7 9 9 8 7 0 4 5 2 10 5 0 8 6 5 4 7 6 7 3 0 2 6 2 7 5 6 4 4 5 5 0 2 8 6 6 0 
24 26 17 15 17 19 37 35 30 41 26 22 19 34 31 17 27 28 19 14 30 18 35 19 11 13 32 20 22 31 37 27 23 32 21 36 22 26 36 21 26 31 21 27 9 17 24 19 18 18 18 15 26 13 19 25 35 28 28 15 34 27 12 29 38 15 17 30 20 20 29 29 18 26 23 14 22 30 25 13 30 18 37 22 40 19 13 13 10 33 18 37 25 37 10 29 22 30 12 15 19 17 16 14 24 17 39 21 27 13 29 19 36 18 17 21 20 28 14 28 21 29 21 13 23 12 31 34 24 11 30 34 13 18 11 25 11 15 24 14 15 19 28 8 10 17 15 32 27 20 41 40 9 25 14 24 33 12 38 35 25 12 31 37 36 30 15 27 37 16 25 29 26 32 36 29 33 9 14 15 39 31 29 29 15 30 15 31 14 21 24 39 16 18 15 39 27 36 14 41 32 35 24 10 12 31 27 25 29 42 31 9 17 11 16 31 17 16 18 13 20 16 31 36 25 37 39 35 32 26 24 32 25 30 27 23 27 30 29 24 30 31 15 24 26 34 31 20 27 29 33 16 24 13 14 40 32 11 25 12 19 12 36 26 9 7 28 40 21 14 42 39 25 29 31 24 34 13 37 34 14 36 33 35 25 19 26 12 14 18 40 38 23 26 25 16 20 28 24 22 
19 24 13 15 12 23 31 38 24 36 32 18 20 31 25 11 25 21 22 16 26 13 34 22 20 14 23 21 14 24 39 32 29 32 14 31 14 29 34 25 18 31 21 28 14 15 16 24 20 12 11 11 20 6 15 19 37 29 31 15 35 26 9 35 36 14 21 30 15 22 28 30 20 25 14 9 17 22 23 19 32 14 32 30 34 22 12 8 9 28 23 32 20 41 15 32 18 22 15 11 24 23 14 18 17 25 31 26 25 9 23 25 37 17 24 26 23 20 6 31 14 22 16 16 26 20 38 38 16 14 30 37 16 24 10 20 15 17 24 8 20 11 30 8 14 15 15 26 30 21 36 37 9 20 5 20 29 18 31 35 18 14 27 30 42 25 21 27 37 11 33 28 30 29 40 27 30 12 15 12 38 22 25 21 12 29 12 26 13 16 17 38 9 18 17 36 22 36 10 43 23 31 19 8 9 22 22 30 28 35 30 13 19 13 19 30 9 8 11 17 22 13 29 34 27 36 39 37 27 19 22 40 23 23 25 20 21 27 29 21 25 28 10 28 30 37 31 21 19 33 36 20 24 15 15 37 24 18 25 8 21 14 34 29 12 12 35 37 13 7 40 34 33 29 23 28 34 9 35 33 11 33 29 28 20 16 18 12 12 18 34 36 17 20 17 8 24 29 26 14 
20 25 12 15 13 22 32 37 24 37 31 17 21 32 26 10 26 22 22 15 25 11 34 22 19 15 25 20 14 23 39 31 29 31 15 32 15 27 32 25 19 32 21 29 14 15 16 23 20 11 13 12 18 5 16 20 37 29 31 15 36 26 8 34 34 15 20 29 16 22 28 31 20 24 16 8 16 23 22 18 32 15 33 29 36 22 12 7 9 29 22 31 18 41 14 33 16 24 14 12 22 22 14 17 18 24 33 25 26 11 22 24 36 15 23 26 23 22 7 30 15 22 17 15 26 19 37 37 17 14 30 37 16 23 8 19 15 17 23 8 20 13 31 8 14 15 14 28 29 21 35 36 9 18 6 19 29 17 30 34 19 13 28 32 40 24 20 27 37 12 33 28 28 28 38 27 28 11 15 13 36 23 26 22 13 29 12 27 14 18 18 38 8 18 16 36 21 35 9 43 25 30 17 6 7 24 23 30 29 36 29 13 19 13 19 28 10 10 12 15 21 14 27 34 25 36 40 36 29 18 23 39 23 22 25 20 22 25 28 22 26 27 8 28 29 37 30 21 21 32 36 18 23 15 14 36 25 17 25 7 22 12 35 29 11 10 34 35 15 6 41 35 32 29 24 28 34 8 35 32 9 31 30 30 21 14 19 10 11 18 34 37 17 19 19 8 23 28 26 15 
2 0 8 2 2 8 5 5 6 3 8 10 2 3 3 6 0 5 3 7 6 7 2 4 9 1 5 7 7 9 6 6 8 6 5 3 5 8 8 6 6 2 3 1 5 3 6 5 4 10 3 2 8 7 1 4 2 4 4 6 2 4 8 7 8 0 9 6 2 7 0 2 2 8 6 8 7 6 7 8 5 2 3 6 3 4 0 7 2 3 5 10 9 5 9 4 8 5 8 1 9 8 4 7 4 9 5 6 0 2 7 6 5 7 6 4 5 4 5 8 5 9 3 8 3 8 9 8 6 3 3 5 5 9 7 8 5 4 6 6 5 5 3 4 3 5 6 3 5 3 8 9 2 9 6 8 4 10 9 8 4 6 2 3 9 8 7 3 4 3 8 0 9 9 9 3 7 9 4 1 8 5 3 5 1 3 3 3 1 2 5 0 7 4 6 3 10 6 5 4 5 5 9 8 8 5 3 5 0 4 8 3 3 6 4 7 5 6 4 9 7 1 8 2 8 0 2 6 2 7 0 8 2 7 2 4 4 8 8 1 3 8 9 4 5 3 6 4 5 6 4 9 8 4 7 8 5 6 2 8 3 8 0 4 9 9 6 8 4 7 0 2 8 5 5 5 5 7 0 7 8 10 1 3 2 8 5 8 5 3 6 0 7 8 5 6 7 4 2 5 
7 6 4 6 7 1 7 3 6 9 1 7 7 6 6 6 9 7 7 1 5 6 5 6 1 6 7 1 7 8 2 2 1 2 10 8 7 2 4 2 7 6 5 6 4 2 6 4 5 7 8 9 6 7 9 7 8 4 6 3 7 5 4 1 4 6 1 2 8 2 8 7 8 3 8 6 6 8 4 0 3 8 9 1 7 4 8 5 4 8 3 7 7 4 0 7 6 8 1 9 1 0 3 1 9 1 11 2 9 8 6 3 3 4 1 4 3 9 8 1 9 8 5 2 4 1 0 1 7 5 5 4 3 0 4 6 4 5 3 6 4 8 8 3 4 3 3 10 3 5 6 4 4 7 7 4 6 0 8 3 8 2 9 10 0 6 1 5 5 5 1 6 2 5 1 4 5 2 4 8 4 8 7 8 8 5 7 9 6 9 10 8 7 3 3 4 7 2 4 8 8 4 7 4 5 9 8 3 6 8 4 5 7 2 4 4 9 10 8 1 2 8 4 5 1 8 6 3 9 6 9 0 5 6 5 4 7 4 2 8 8 5 6 5 3 5 3 4 9 2 6 1 2 4 1 5 8 1 6 4 6 1 6 4 2 1 1 4 10 7 9 9 1 4 9 4 3 5 8 3 5 6 9 8 9 5 8 3 3 5 6 8 6 7 9 6 1 4 6 10 
3 5 0 7 4 5 2 5 1 6 5 2 8 5 3 1 8 3 9 2 1 0 4 8 7 7 2 2 0 2 4 6 6 1 5 5 2 4 0 6 2 7 5 7 8 1 0 7 6 2 4 7 0 1 7 4 9 5 9 3 8 4 1 6 1 6 5 2 6 4 8 8 9 2 3 0 1 2 2 6 5 5 6 6 4 7 8 0 3 5 6 2 1 7 5 9 0 4 4 7 5 6 2 4 5 7 6 6 8 6 1 7 4 2 6 7 6 5 3 4 5 2 2 4 6 6 6 4 2 7 5 6 6 6 2 0 7 6 3 2 8 4 10 2 7 1 3 7 5 6 0 0 4 1 1 0 4 6 1 2 3 4 7 6 6 0 5 5 5 2 7 6 4 1 5 3 0 4 5 6 1 3 5 4 6 5 5 6 5 7 5 8 1 3 4 3 1 1 0 10 3 0 1 0 0 4 5 7 6 3 2 7 9 4 6 2 4 6 3 5 4 7 0 3 2 8 6 4 6 1 8 6 3 1 3 2 4 0 2 6 5 1 1 8 6 8 3 5 4 5 8 5 2 6 2 1 4 6 7 0 8 2 5 7 4 5 5 0 6 1 8 7 7 4 4 7 4 1 7 2 0 1 7 4 6 0 3 1 1 5 2 8 1 1 5 0 4 4 7 6 
5 4 4 4 5 2 5 1 5 7 1 7 5 4 5 6 7 6 5 1 4 5 3 4 2 4 6 2 6 7 1 0 1 2 8 6 6 2 4 0 6 4 3 4 2 1 6 2 2 7 6 7 6 6 7 6 6 2 4 2 5 3 4 0 4 4 3 2 7 1 6 5 6 3 7 6 5 7 3 1 1 6 7 0 5 2 6 5 2 6 1 8 7 2 2 4 6 7 2 7 2 1 2 1 8 2 9 0 7 6 5 1 2 3 0 2 1 8 7 2 8 8 4 2 2 1 2 1 7 3 3 1 1 3 4 5 1 2 2 5 2 7 6 1 2 2 2 8 1 3 5 5 2 7 6 5 5 3 7 3 6 1 7 8 3 6 0 3 3 4 2 4 3 5 3 2 5 3 2 6 4 7 5 7 6 3 5 7 4 7 8 6 6 1 1 3 7 2 3 6 7 4 7 4 5 8 6 1 4 6 4 2 4 1 2 3 8 9 6 3 1 6 4 3 2 6 4 1 7 6 7 1 3 6 3 3 6 5 3 6 6 5 6 3 1 3 2 2 7 0 3 3 3 2 2 5 7 0 4 4 4 2 4 2 3 2 0 5 9 6 6 8 1 2 7 2 2 4 6 3 5 6 7 6 7 5 7 3 2 3 5 6 5 7 8 6 1 2 4 9 
18 23 17 14 11 26 33 39 27 33 34 22 20 32 25 14 23 23 21 19 29 16 34 22 22 14 26 24 18 28 41 34 32 35 11 30 15 32 37 27 22 31 22 27 15 17 19 24 21 16 10 8 24 10 13 19 35 30 31 17 35 27 13 37 40 14 24 33 13 25 26 29 19 29 16 13 20 24 27 21 34 13 29 32 34 23 10 12 10 27 24 36 23 42 18 32 22 23 17 9 27 26 16 20 15 27 28 28 23 8 27 26 38 20 25 27 25 19 7 34 11 26 18 19 27 22 41 41 19 14 31 39 18 27 13 24 16 18 27 11 21 12 29 10 14 18 17 23 31 21 40 41 9 23 9 24 29 21 34 38 17 16 24 27 44 29 23 28 38 12 36 27 33 33 43 29 33 15 16 11 41 23 25 22 10 30 12 24 13 14 14 36 12 20 19 38 26 39 13 43 24 34 22 12 13 21 21 32 27 34 34 14 19 15 20 33 7 5 10 20 25 12 33 34 30 34 39 39 25 23 21 42 23 27 25 21 22 31 33 19 24 32 14 28 31 38 33 22 18 35 36 23 28 16 18 41 25 20 25 12 21 17 33 29 15 14 37 41 10 10 39 31 35 31 23 29 36 13 33 36 14 37 27 27 18 19 19 15 15 19 37 34 21 23 16 11 26 30 26 10 
38 46 21 25 24 38 63 69 48 70 55 30 34 61 52 22 46 44 35 25 49 23 64 36 28 23 51 35 29 47 71 55 49 59 28 61 31 48 61 43 39 57 37 51 19 28 36 39 34 20 24 19 37 12 28 38 65 52 54 25 64 48 12 61 64 24 32 55 28 37 50 54 31 43 32 15 31 47 41 29 58 26 63 51 70 36 18 13 15 55 37 58 36 75 20 56 30 47 21 19 38 37 26 27 34 38 63 43 46 17 46 40 68 27 39 44 39 42 14 53 28 43 33 23 46 29 65 67 35 20 55 68 25 37 13 36 22 28 42 16 31 25 52 12 20 27 25 51 53 36 69 68 14 36 14 35 56 25 60 63 38 21 51 61 73 47 33 49 69 23 56 52 49 52 69 52 54 15 25 20 68 47 49 44 20 54 21 50 23 31 34 70 18 32 27 71 40 67 18 77 50 60 34 10 12 47 44 52 52 72 52 19 30 20 31 53 19 16 24 23 37 23 51 65 45 66 74 67 53 38 40 69 43 46 47 38 42 48 51 39 50 50 15 47 51 67 56 36 41 58 63 30 41 24 23 68 50 27 44 11 35 19 65 50 15 13 61 68 27 14 76 65 56 53 48 48 63 15 65 59 16 59 56 58 39 26 38 16 20 31 68 68 33 38 36 19 40 52 45 28 
21 24 14 13 14 18 34 33 27 38 26 20 18 32 28 14 25 25 19 12 27 15 32 18 14 12 29 17 19 28 34 27 24 29 18 33 19 24 33 20 22 29 18 26 9 14 21 19 17 15 15 13 22 10 17 22 35 26 28 12 33 24 9 30 35 13 16 27 17 17 27 28 18 23 19 11 18 27 22 13 28 15 35 24 37 18 11 9 8 30 18 34 22 37 10 29 19 27 10 12 19 18 13 13 20 19 36 21 25 11 26 20 33 15 18 22 19 24 11 26 18 26 17 12 22 14 33 33 21 10 27 33 11 19 8 22 11 14 21 11 15 16 28 5 10 14 12 30 25 18 38 37 7 22 11 21 30 13 35 33 22 9 29 34 37 27 15 24 34 13 28 27 25 30 36 26 30 8 12 12 36 27 26 26 12 28 12 28 12 18 21 37 13 15 12 36 25 33 11 40 29 32 21 8 10 27 24 25 27 39 29 9 16 8 15 28 14 13 15 12 17 14 29 33 23 35 37 32 29 22 22 34 22 26 24 20 23 27 27 21 27 28 12 24 25 34 28 18 24 27 32 15 22 12 12 37 29 12 23 9 18 10 34 25 8 7 29 37 18 10 40 36 27 26 28 24 31 10 35 31 11 34 31 32 22 16 22 10 11 16 37 36 19 23 22 13 18 26 23 18 
40 45 27 23 26 36 67 66 53 72 51 36 31 62 54 27 46 47 31 26 54 29 64 32 23 20 55 37 35 53 70 51 45 61 32 63 36 49 67 39 43 55 36 49 14 30 41 35 31 27 27 21 43 17 28 41 63 51 50 25 61 48 17 56 69 23 31 57 30 36 49 51 28 46 36 21 36 52 45 25 56 27 65 45 73 33 17 18 16 57 33 65 42 70 18 53 37 50 20 20 37 33 27 26 37 34 66 39 45 18 51 35 67 30 33 40 36 45 18 53 31 49 35 23 42 25 62 66 40 17 54 64 22 34 17 43 18 25 43 21 26 28 48 12 16 29 25 54 50 34 75 74 13 42 20 42 58 22 66 66 42 21 53 63 70 53 29 48 68 25 51 51 49 58 69 54 60 15 23 21 73 52 50 48 21 54 22 52 22 32 37 69 23 33 26 72 46 69 23 74 54 65 40 15 18 51 45 47 51 76 57 15 27 18 28 56 23 20 28 23 37 23 57 66 47 65 72 66 54 43 39 65 44 51 48 40 45 54 54 39 51 56 22 44 48 63 57 35 45 56 60 29 44 21 25 74 54 21 43 17 32 21 65 47 15 13 55 74 30 19 75 67 50 54 53 44 63 20 65 62 22 65 56 61 40 32 42 20 23 30 73 67 38 44 39 25 38 51 42 32 
16 21 15 12 9 23 31 36 25 33 31 21 17 29 23 13 22 21 19 17 27 15 31 20 19 11 26 21 17 27 38 30 29 32 14 28 15 29 35 24 20 29 19 25 12 14 19 21 18 15 10 8 22 8 12 17 33 27 29 14 33 24 10 34 37 11 21 31 12 22 24 27 17 26 16 12 18 24 24 18 31 11 30 29 32 20 9 10 7 25 21 35 22 39 15 30 20 23 15 8 24 22 13 17 16 24 31 25 22 6 25 23 35 17 22 24 22 20 7 31 13 25 15 16 24 19 38 38 19 11 28 36 15 24 10 22 13 15 24 9 18 11 27 7 11 15 14 25 28 18 38 39 6 22 9 22 26 18 34 36 18 13 24 29 42 27 20 25 34 9 33 25 30 32 40 26 31 12 13 9 39 24 22 22 8 27 9 23 10 14 16 34 11 17 16 34 25 36 11 40 25 32 21 10 11 23 20 28 25 35 31 11 16 12 17 30 9 8 11 17 22 10 31 31 27 32 37 36 25 21 19 39 20 25 22 19 19 29 30 18 22 29 12 25 28 35 31 19 20 32 33 20 25 13 16 39 25 16 22 10 18 14 31 26 12 12 33 39 13 9 37 31 32 28 24 26 33 10 31 33 12 35 26 27 18 17 19 13 12 16 35 33 19 23 17 11 23 27 23 14 
3 1 6 0 3 5 5 2 5 4 5 9 1 2 3 5 3 5 2 4 5 6 0 2 6 0 5 4 6 8 3 3 5 3 6 3 5 6 6 3 5 0 1 0 2 1 5 2 1 9 4 4 7 6 4 4 3 2 2 3 1 2 6 4 7 0 6 4 4 4 2 1 2 6 6 7 5 6 5 5 2 3 5 3 3 1 2 6 1 4 2 9 8 2 6 2 7 5 5 3 6 5 2 4 5 6 7 3 3 3 6 3 2 5 3 1 2 5 6 5 6 8 2 6 0 5 6 5 6 0 1 2 2 6 5 7 2 1 4 5 2 5 3 2 0 3 3 5 2 0 6 7 0 8 6 6 3 7 8 5 5 4 4 5 6 7 4 1 1 3 5 0 7 7 7 2 6 6 1 2 6 5 3 6 3 2 2 4 0 4 6 2 6 1 3 2 9 3 4 3 6 4 8 6 7 6 4 2 0 5 6 1 2 3 1 5 6 7 4 7 4 2 6 1 5 2 0 3 4 6 3 5 1 6 1 2 4 7 6 3 3 6 8 1 2 1 4 2 6 3 1 6 6 1 5 6 6 3 0 6 1 5 1 1 6 6 3 7 6 6 2 4 5 2 6 2 3 5 2 5 6 8 3 4 4 6 5 6 3 1 5 2 5 7 6 6 4 2 0 6 
22 25 14 14 15 18 35 34 28 39 26 20 18 32 29 15 26 26 19 12 28 15 33 19 13 13 29 17 19 28 34 26 23 30 19 34 20 24 34 20 23 30 19 27 9 15 22 19 17 15 16 14 23 10 17 23 35 26 28 12 33 25 9 29 35 14 16 27 18 17 28 29 18 23 20 12 19 28 22 13 28 16 35 24 38 18 12 10 9 31 18 34 23 37 9 29 20 28 9 13 18 17 14 12 21 18 37 21 26 12 27 20 34 15 18 22 19 25 11 26 19 27 18 11 23 13 32 32 22 11 28 33 12 18 8 22 11 14 21 12 16 17 28 6 10 14 13 30 26 19 38 37 8 23 12 22 31 12 35 33 23 10 30 35 36 28 15 25 35 14 27 28 25 30 35 27 31 8 13 13 37 28 27 27 13 28 13 29 13 19 22 38 13 16 13 36 25 34 12 41 29 33 22 8 10 28 25 25 28 40 29 10 17 9 15 28 14 14 16 12 17 14 29 34 23 36 38 33 30 23 23 33 23 27 25 20 24 28 27 22 28 28 12 24 25 34 28 18 25 27 32 15 22 12 11 37 30 12 24 9 19 10 34 25 8 6 28 38 19 11 41 37 27 27 29 24 32 10 35 31 12 34 31 33 23 17 23 10 11 16 38 37 20 24 22 14 18 26 24 19 
3 5 0 6 3 3 2 4 2 6 4 3 7 4 3 2 7 3 8 1 0 1 3 7 6 6 2 1 1 3 3 5 5 0 6 5 3 2 0 4 2 6 4 6 6 0 1 6 5 3 4 7 1 2 7 4 9 4 7 2 7 3 0 5 1 6 4 0 6 3 7 7 9 1 3 1 1 3 0 4 4 5 6 4 3 6 7 0 2 4 5 3 2 6 4 8 1 4 3 6 3 4 1 3 5 6 6 5 7 6 1 6 3 1 4 6 5 5 4 3 5 3 2 3 5 5 5 3 2 6 4 5 4 5 0 1 6 5 2 2 6 4 9 1 6 0 2 7 4 5 1 1 3 2 2 0 3 5 3 1 3 2 6 6 5 1 4 4 4 2 6 5 3 1 4 2 0 3 4 6 0 3 4 4 6 4 4 6 4 6 5 7 2 2 3 2 3 0 0 9 3 0 2 0 1 4 5 6 5 3 1 6 7 3 5 1 5 6 4 4 2 6 0 2 1 7 5 3 6 1 7 5 3 1 3 1 3 1 1 6 5 0 2 7 5 6 2 4 4 4 7 4 1 5 1 0 4 5 6 0 7 1 4 5 3 3 4 1 6 2 7 6 6 3 4 6 3 0 6 1 0 2 7 4 6 0 4 1 0 4 2 7 1 2 5 1 3 3 6 6 
19 21 16 11 13 21 33 33 27 36 29 21 15 30 26 14 23 24 16 15 28 16 30 17 16 10 28 20 19 29 36 27 26 31 17 31 18 27 35 21 22 27 16 24 8 14 21 18 15 16 14 11 23 10 14 20 32 24 26 13 31 22 10 31 37 10 19 29 15 20 24 25 15 25 19 13 19 27 24 16 28 13 33 25 36 16 8 10 6 28 18 36 23 36 13 27 20 26 13 10 22 20 13 15 19 21 34 21 23 9 26 19 33 16 19 21 18 23 10 29 16 27 16 14 21 16 35 35 21 8 25 32 11 21 10 23 10 11 22 11 14 15 25 5 8 14 13 28 25 15 39 39 4 24 11 23 28 15 35 35 21 11 27 32 39 28 17 22 32 12 30 24 28 32 38 25 31 11 10 10 38 27 24 25 10 25 10 26 10 16 19 34 13 15 14 34 26 35 11 38 28 33 23 10 11 26 22 25 24 38 31 8 14 10 14 30 12 11 14 15 20 11 31 31 26 32 35 34 27 23 20 36 20 27 22 19 22 29 29 19 25 30 13 22 25 32 29 16 23 29 30 18 24 10 14 39 28 13 20 11 16 13 31 23 11 9 30 39 16 10 38 34 29 26 27 23 31 11 32 33 13 35 28 30 20 18 22 12 12 13 37 33 20 24 20 13 21 24 21 17 
1 1 7 4 0 9 4 6 5 0 9 9 5 3 1 5 2 3 6 7 5 6 2 7 10 4 3 7 5 7 7 7 9 5 2 1 3 8 7 7 4 4 5 3 7 3 3 7 5 8 1 0 6 5 1 2 5 5 6 6 5 4 7 8 8 3 10 6 1 7 3 5 6 8 3 7 5 3 7 9 6 1 0 8 1 6 3 6 3 2 7 9 7 7 9 6 7 3 8 1 9 9 4 8 1 10 2 7 2 1 5 7 6 7 7 6 6 2 3 8 2 7 2 8 5 9 10 8 4 5 4 6 7 10 7 7 7 5 6 4 7 3 6 4 5 4 6 0 6 4 6 7 3 7 4 7 3 10 7 7 1 7 0 0 10 7 8 5 4 2 10 2 9 8 10 3 6 9 5 2 7 3 2 3 1 4 2 0 2 0 2 3 5 4 6 3 8 5 4 7 2 4 7 7 7 2 1 7 2 1 8 6 6 7 6 7 2 2 1 9 7 2 7 2 8 3 4 6 0 5 3 9 2 5 2 3 2 7 8 1 1 7 8 6 7 6 6 5 2 7 6 9 8 6 7 7 3 7 4 7 5 8 1 6 9 9 7 7 1 5 3 0 9 5 2 7 5 6 2 7 7 8 1 0 0 7 3 7 5 5 4 2 5 6 2 4 8 5 5 1 
69 82 51 40 41 77 124 134 97 129 109 65 57 115 97 45 78 83 58 55 102 50 123 63 54 36 99 75 61 95 143 108 97 122 46 114 59 101 131 83 77 105 69 92 32 59 71 71 62 44 41 24 79 26 41 70 118 102 99 50 117 93 31 121 136 39 66 114 45 76 87 97 50 92 60 35 66 91 87 57 114 42 112 100 133 66 23 30 27 102 71 121 76 143 42 103 67 87 44 25 77 73 52 56 58 75 114 84 78 21 93 76 134 59 75 82 75 74 23 108 46 87 63 49 85 58 130 136 68 34 105 131 47 74 31 79 39 49 87 33 55 43 90 25 34 57 50 88 102 65 143 144 23 76 28 79 107 51 123 132 70 43 88 108 146 99 64 93 133 42 110 94 102 112 142 103 115 33 45 30 143 91 91 83 30 104 35 89 38 48 58 127 38 64 55 139 84 138 41 143 95 125 72 27 31 86 77 100 95 137 112 30 50 39 58 111 30 22 41 50 75 34 111 127 96 119 140 135 92 78 67 138 83 93 91 75 79 103 108 66 89 107 36 87 99 126 114 70 74 115 118 62 88 42 51 144 95 52 80 31 62 44 122 94 33 29 120 144 41 29 139 116 110 105 90 91 126 34 119 123 39 125 97 109 64 59 71 40 45 57 137 123 70 79 62 40 80 101 81 45 
