60 
300 
174 1438
306 1864
129 1223
319 1876
104 1064
229 1570
244 1733
122 1149
50 754
150 1327
115 1167
72 900
63 904
122 1179
83 1035
314 1927
177 1367
124 1208
264 1786
87 988
192 1544
214 1588
69 934
308 1839
244 1739
225 1706
207 1652
275 1732
48 732
334 2048
338 2051
98 1055
295 1870
301 1814
328 1897
159 1288
343 2046
177 1466
244 1719
277 1782
238 1583
277 1779
279 1792
247 1728
65 887
59 785
142 1236
262 1795
76 985
238 1653
271 1750
115 1095
111 1134
266 1792
192 1475
83 946
144 1245
240 1652
89 983
268 1706
18 29 27 27 34 34 17 28 32 27 19 7 30 14 13 5 33 9 28 9 24 12 29 17 19 32 27 5 30 11 14 16 28 22 8 16 7 20 31 9 27 10 34 14 5 16 15 10 17 11 15 25 11 27 19 6 16 18 26 24 7 14 20 25 17 28 32 5 5 11 27 17 29 14 21 28 26 20 9 14 15 12 20 17 33 30 34 7 15 28 29 9 26 6 17 11 6 28 10 12 15 30 11 7 29 26 33 33 12 24 18 14 24 21 12 31 23 24 16 29 23 31 30 24 18 33 19 27 20 5 7 5 24 13 7 20 29 6 17 26 30 19 30 25 5 15 10 23 33 5 33 18 12 30 27 9 23 22 22 23 28 15 6 10 24 14 25 17 21 12 11 12 28 29 15 21 27 16 23 7 17 11 31 13 5 27 11 9 13 21 9 16 26 13 32 16 15 15 19 17 5 7 15 9 20 10 23 8 5 15 27 34 27 27 28 31 7 14 22 32 11 25 18 33 28 20 28 5 27 27 25 30 18 14 32 8 23 11 27 11 28 7 34 24 5 31 15 19 10 24 24 8 27 14 22 5 17 20 28 25 33 27 29 9 18 18 31 32 24 12 27 10 7 17 23 27 9 13 19 28 27 32 14 33 7 10 16 19 21 6 17 22 13 14 19 17 24 32 25 29 
6 7 0 8 8 5 2 0 8 8 3 7 5 3 4 3 3 1 2 7 2 6 8 3 9 5 3 8 2 6 1 7 7 3 1 1 5 1 2 8 3 4 3 8 8 1 8 3 3 8 1 7 7 5 7 5 4 4 4 6 9 4 6 6 8 4 9 3 7 3 2 6 5 6 6 5 7 2 4 6 0 3 3 8 2 9 8 1 2 6 6 8 9 5 1 4 8 2 8 5 8 5 4 1 2 7 7 4 3 3 2 8 10 6 4 2 3 3 8 5 4 1 3 3 8 5 4 3 3 5 6 4 5 9 4 3 8 8 4 2 8 8 9 4 4 8 3 6 2 6 3 4 2 7 3 4 5 8 4 7 8 5 5 8 4 8 7 7 5 2 5 9 6 8 8 3 10 7 8 6 0 4 9 3 3 8 4 2 8 2 6 7 6 8 2 2 8 8 7 7 3 3 6 4 2 3 2 5 8 2 6 3 7 5 3 6 3 5 2 5 3 4 6 10 3 2 3 3 7 2 5 7 1 2 8 4 3 7 7 2 2 6 3 10 3 9 5 5 9 2 7 3 5 5 6 10 7 7 7 8 1 2 5 4 3 4 7 4 4 8 8 4 3 7 7 5 3 4 3 7 8 5 4 3 9 6 7 10 5 2 5 8 0 5 8 10 3 7 3 1 
0 6 7 7 7 2 4 6 7 7 3 7 0 1 6 1 3 5 3 0 3 5 3 8 5 8 5 5 8 0 7 0 7 3 6 6 6 5 4 3 4 0 9 3 1 6 8 8 1 8 7 3 0 6 3 5 2 5 3 8 8 6 3 0 1 4 3 3 0 2 8 6 8 6 3 6 0 6 3 2 6 7 6 2 4 2 8 6 5 2 0 7 4 5 6 2 3 8 6 5 2 7 6 6 4 6 0 1 4 5 4 8 3 4 3 4 3 3 7 4 2 6 0 7 9 8 4 2 5 6 0 3 2 4 8 9 8 5 10 8 8 9 4 9 0 5 1 6 4 2 8 3 3 4 1 0 5 7 3 5 1 0 3 1 8 1 2 8 0 8 0 3 8 5 5 1 4 4 7 3 6 2 3 4 7 1 3 5 8 4 0 0 6 4 4 0 2 5 4 3 7 3 0 0 4 6 3 3 7 6 0 9 0 6 8 0 2 7 4 6 1 3 0 4 4 8 2 2 5 1 4 4 5 7 7 0 6 5 0 8 7 0 1 4 4 4 6 6 4 4 7 3 8 4 2 4 6 3 5 7 5 2 3 8 2 2 4 0 8 7 2 7 9 0 5 2 7 4 3 0 7 0 10 0 4 0 6 3 8 2 0 5 7 5 6 3 5 2 7 6 
25 36 27 34 41 39 20 29 39 34 22 13 35 18 16 9 36 11 30 16 26 18 37 19 28 37 30 13 31 18 14 23 35 26 9 17 12 21 33 17 31 14 36 22 13 18 22 12 21 18 15 32 19 32 26 11 20 23 30 30 15 17 26 31 25 32 41 9 12 15 28 23 33 19 27 32 33 21 14 20 16 14 22 26 35 39 41 10 17 35 35 16 35 10 18 16 14 29 17 16 24 34 14 8 30 33 41 37 16 28 21 21 34 27 17 34 27 28 24 33 27 33 34 26 25 37 24 31 22 9 13 9 29 22 10 22 36 14 20 27 37 26 39 28 9 23 14 28 36 12 35 22 15 37 31 14 28 29 26 29 36 21 11 18 27 22 32 23 26 13 16 21 34 36 22 24 37 23 31 13 16 15 40 17 7 35 16 12 20 24 15 23 31 21 34 19 24 22 25 24 8 11 22 13 23 12 25 13 12 17 33 36 34 32 30 38 11 18 24 36 15 29 24 43 30 21 32 9 33 30 29 37 20 15 39 12 25 18 34 12 29 13 38 34 8 40 20 23 19 26 30 12 31 19 29 15 23 27 34 32 34 30 34 12 22 22 38 37 27 19 35 13 9 24 30 32 11 17 23 35 35 37 17 36 16 17 23 29 24 9 23 30 13 19 26 27 27 39 27 29 
5 7 1 8 8 5 1 0 8 8 2 7 4 2 4 1 1 0 1 6 1 6 7 5 8 6 3 8 4 5 2 6 8 2 2 2 5 2 1 7 2 2 4 7 7 0 8 4 1 8 2 6 6 5 7 5 3 2 3 7 9 4 6 5 7 4 8 2 5 2 3 6 5 6 5 5 6 2 2 5 0 3 4 7 2 8 8 1 1 6 5 8 8 5 2 3 7 3 8 5 7 5 4 2 2 7 6 3 2 2 1 8 9 6 2 1 2 3 8 4 3 0 2 4 8 6 2 2 3 5 5 4 5 8 5 5 8 8 5 3 8 8 8 5 3 8 2 6 1 6 4 3 1 7 2 3 5 8 3 6 7 4 4 7 5 7 6 7 3 3 4 8 7 7 7 2 9 6 8 5 1 4 8 2 4 7 2 0 8 1 5 6 6 8 2 1 7 7 6 6 4 2 5 3 2 4 1 4 8 3 5 4 6 6 4 5 2 5 2 5 2 3 4 9 3 3 1 2 7 1 4 6 0 3 8 3 3 7 6 3 3 5 1 9 3 9 6 5 8 1 7 2 6 4 6 9 7 6 7 8 1 1 4 5 2 2 6 3 5 8 7 5 4 6 7 4 4 4 2 5 8 4 6 1 8 5 7 9 5 1 4 8 1 5 7 9 4 6 4 1 
25 35 29 33 39 39 21 31 38 32 22 12 35 18 15 10 37 12 29 16 26 17 37 18 27 35 28 12 30 18 15 23 33 27 9 17 11 22 34 17 32 15 35 21 13 20 21 11 22 17 15 32 19 30 26 10 21 24 30 28 14 16 26 31 25 31 40 9 12 16 28 21 31 18 26 31 34 21 15 19 17 12 21 26 36 39 40 11 17 35 36 15 34 10 18 16 13 28 16 15 24 32 13 8 30 32 41 37 17 29 22 20 34 26 18 35 28 28 22 32 28 35 35 25 24 35 25 32 21 8 13 9 29 21 8 21 35 13 19 27 36 24 39 26 9 22 14 27 37 11 33 22 16 36 31 14 27 28 26 28 36 20 11 18 25 22 32 21 27 13 17 21 32 35 21 24 37 22 29 12 17 15 39 19 5 36 17 13 19 25 15 24 30 21 34 20 24 21 25 23 6 13 22 14 23 11 25 13 11 16 34 35 35 30 29 38 12 16 25 35 16 29 25 43 30 20 32 10 32 31 28 36 21 14 38 13 24 17 34 11 28 13 39 34 8 40 18 21 18 27 29 13 30 18 28 14 22 27 34 31 35 31 34 10 23 23 37 38 25 18 35 12 8 24 29 32 10 17 24 36 34 37 16 37 16 17 22 29 23 10 24 29 15 18 25 27 26 38 26 30 
3 2 7 3 3 1 6 6 3 3 3 3 1 3 3 4 5 6 2 3 2 1 1 6 2 4 2 2 6 2 6 3 3 6 5 5 3 5 4 1 6 3 7 1 3 7 4 6 3 4 6 1 4 3 1 2 3 7 3 5 4 3 0 1 3 0 2 3 3 4 7 3 5 2 0 2 3 5 6 1 6 5 4 3 4 3 5 7 4 1 3 3 2 2 5 3 1 7 2 2 3 4 3 5 3 2 4 1 6 6 5 4 4 0 6 5 5 3 3 0 3 7 3 5 5 5 6 5 3 2 1 1 1 2 6 7 4 1 8 7 4 5 2 7 2 1 3 3 5 1 6 2 4 0 3 3 2 3 2 1 3 1 1 3 6 3 1 4 4 7 1 3 4 1 1 1 4 0 3 0 5 0 2 7 5 3 5 6 4 5 1 3 2 2 4 3 4 2 0 0 4 6 2 2 3 4 2 1 3 4 4 7 3 3 6 3 5 4 4 3 4 3 3 4 2 7 4 5 1 3 0 0 5 5 3 3 4 1 3 7 6 1 3 3 3 3 3 3 2 5 3 6 5 1 1 3 3 1 1 3 5 5 1 6 4 4 0 3 5 3 2 5 7 3 1 1 5 2 5 4 3 1 8 2 3 4 2 4 6 3 3 2 6 2 2 4 2 1 5 5 
3 3 4 4 4 1 4 4 4 4 1 3 1 2 2 2 3 4 0 3 0 2 3 5 4 4 1 4 5 2 4 3 4 4 3 3 2 3 2 3 5 2 5 3 4 5 5 5 2 5 4 2 4 2 3 2 2 5 1 4 5 2 2 2 4 0 4 2 3 3 5 3 4 3 1 2 3 3 4 1 4 3 3 4 2 4 5 5 2 2 2 4 4 2 3 2 3 5 3 1 4 3 3 3 1 3 4 0 5 5 3 4 5 1 5 3 4 1 4 0 1 5 2 3 5 4 5 3 1 2 2 0 1 4 4 6 5 4 6 5 5 5 4 6 1 3 2 3 3 2 4 0 2 2 2 2 2 4 1 2 4 1 0 4 4 4 2 4 3 5 1 5 4 3 3 0 6 2 4 1 3 0 4 5 4 4 4 4 5 3 2 3 2 4 1 2 4 3 2 2 3 4 2 1 1 3 0 0 4 2 3 5 3 3 4 3 3 3 1 2 2 1 3 5 1 5 2 3 2 2 1 2 3 4 4 2 2 3 3 5 4 2 2 5 0 5 3 3 4 3 3 4 4 0 2 5 3 3 2 4 3 3 0 5 3 2 2 2 4 4 3 4 5 3 3 1 3 0 4 4 5 1 6 1 5 3 3 5 5 2 3 4 4 2 3 5 1 2 4 3 
20 32 34 31 39 35 23 35 36 32 23 11 31 17 18 8 38 15 31 11 27 15 30 25 21 38 31 7 38 11 21 18 33 28 14 22 11 25 36 9 33 12 42 15 6 23 20 17 20 16 22 25 14 31 19 10 19 25 29 30 12 18 21 25 18 30 33 8 6 15 35 21 35 18 22 32 28 26 14 15 21 18 26 19 37 32 40 14 20 28 31 14 27 10 23 14 7 35 13 15 17 35 16 13 33 29 35 33 18 30 23 19 27 22 18 36 28 27 20 31 26 38 33 30 24 39 25 31 24 9 7 7 25 15 14 29 35 8 26 34 35 25 32 33 7 17 13 27 38 5 40 21 16 32 30 11 26 27 25 26 29 15 8 11 31 15 25 23 24 20 11 14 34 32 17 22 30 17 27 8 23 11 32 19 11 29 16 15 18 26 9 17 30 14 36 19 17 18 20 17 11 12 15 10 24 15 26 9 9 20 30 42 28 32 35 33 11 19 26 37 14 28 20 35 31 28 32 9 29 30 27 31 24 20 36 10 28 13 29 19 35 7 37 26 8 33 19 24 12 29 28 13 33 16 22 7 21 20 31 29 38 31 31 16 22 21 33 34 31 16 28 16 15 18 26 28 15 16 24 31 32 32 23 35 9 12 19 22 28 9 19 25 20 17 22 20 28 32 31 35 
55 91 88 86 107 103 56 90 101 86 60 26 90 44 44 17 103 32 87 28 74 39 89 58 60 102 85 18 97 33 49 49 89 71 29 53 25 65 97 28 86 32 110 43 16 54 51 37 53 39 52 76 35 86 58 22 50 60 80 78 27 46 61 75 52 86 98 18 16 36 89 55 93 46 64 88 79 65 31 43 51 42 65 53 103 92 108 27 50 84 88 32 80 22 57 35 19 91 34 40 47 96 38 27 90 82 101 99 41 78 58 48 75 64 41 97 73 74 53 89 71 99 92 78 61 105 62 84 64 19 20 17 73 42 28 68 93 21 60 86 96 64 92 83 16 48 32 74 104 15 106 57 39 92 83 28 72 71 68 72 85 44 20 31 79 43 75 57 65 43 32 38 90 90 48 64 84 49 74 22 57 33 95 44 21 83 37 32 45 67 26 49 82 41 100 50 47 48 59 52 21 25 45 27 64 35 71 25 20 50 83 110 82 86 91 94 25 47 70 101 35 77 56 102 87 67 87 19 84 83 77 92 59 48 101 25 74 36 82 40 90 20 104 75 18 96 49 62 33 77 77 28 88 44 66 18 56 61 87 80 104 85 88 34 57 57 95 98 79 41 82 36 29 52 72 82 33 41 61 86 86 95 51 100 23 32 52 60 70 20 53 69 46 45 61 54 76 96 81 93 
19 33 33 32 39 35 22 34 37 32 22 11 30 16 17 7 37 14 30 10 26 15 31 24 22 38 30 8 37 11 20 17 33 26 13 21 11 25 35 10 32 11 41 16 7 22 21 17 19 16 21 26 13 31 20 9 18 24 28 30 12 18 21 25 19 30 34 7 6 14 34 21 35 18 22 32 27 25 13 14 21 18 25 19 36 32 40 13 19 28 30 14 28 9 22 13 8 35 14 15 17 35 16 12 32 30 35 32 17 29 22 20 27 22 17 35 27 26 21 31 25 37 32 30 25 39 24 30 24 9 7 7 25 16 14 28 35 9 25 33 36 26 33 33 6 18 12 27 37 5 39 20 15 32 29 10 26 27 24 26 30 14 7 12 31 15 25 23 23 19 10 14 34 32 18 21 30 17 28 8 22 11 33 18 11 29 15 14 19 25 9 17 30 15 35 18 17 18 21 18 10 11 15 9 23 15 25 9 10 20 29 42 28 31 35 32 10 19 25 36 13 27 20 36 31 27 31 8 30 29 27 32 23 20 37 9 27 14 28 18 34 7 36 27 8 34 19 23 13 28 29 12 33 16 22 8 21 21 31 30 38 30 30 16 21 20 33 33 31 17 28 16 15 18 26 28 15 15 23 30 32 31 22 34 10 12 20 22 28 8 19 25 19 17 22 20 27 32 31 34 
23 32 31 30 37 37 22 32 35 30 22 9 33 18 13 9 37 13 28 14 25 14 33 20 24 34 26 9 33 15 18 21 31 28 10 18 8 22 34 14 33 14 37 18 11 21 18 13 21 14 18 29 17 28 23 7 20 24 29 26 11 14 23 29 23 28 37 8 10 16 31 18 31 15 24 28 31 22 15 17 19 14 21 23 35 36 38 12 17 32 33 12 31 6 19 15 10 32 13 12 21 31 12 9 29 29 39 35 18 30 23 17 31 23 18 35 28 26 19 29 26 36 34 26 22 35 25 32 20 6 11 7 27 18 9 24 32 10 21 30 34 22 36 29 8 19 14 24 37 9 36 20 16 33 30 13 24 25 24 25 34 18 8 16 27 19 29 19 26 16 14 18 30 32 18 23 34 19 26 9 20 12 36 19 7 33 17 14 16 25 13 21 27 18 34 19 21 18 21 20 6 13 19 12 22 11 24 10 8 17 32 38 32 28 31 36 12 15 24 32 15 28 23 40 27 24 32 10 29 31 25 33 22 16 35 12 24 14 32 15 31 11 38 30 7 37 16 20 15 28 26 13 29 15 26 11 19 24 30 28 36 31 31 12 22 22 34 36 26 15 32 12 11 22 26 30 11 14 24 34 31 35 18 36 13 15 19 26 24 9 22 26 17 15 22 24 23 36 27 32 
41 58 61 55 69 71 41 63 65 55 43 14 64 33 27 16 72 25 59 24 51 25 62 39 41 66 55 13 66 27 34 38 57 52 21 37 15 45 67 22 62 26 73 31 16 40 31 25 40 23 36 53 29 55 40 13 37 45 56 50 15 29 43 54 40 56 69 15 16 28 60 34 60 28 45 56 58 45 26 31 36 28 43 40 70 66 70 22 35 60 63 19 56 13 39 27 16 62 21 26 36 61 24 19 60 52 73 69 32 56 43 29 55 43 32 68 53 52 33 58 51 69 66 52 38 69 46 60 42 10 18 13 51 30 18 46 60 15 40 58 61 40 65 56 14 32 25 46 73 14 71 40 30 62 59 23 47 45 48 47 62 33 15 26 52 33 54 36 48 30 26 30 57 59 31 45 60 34 47 16 39 24 66 34 14 60 29 25 27 48 22 37 52 30 68 37 36 31 39 37 13 22 35 22 44 23 49 19 11 34 60 74 60 55 60 68 21 30 48 65 28 55 42 72 57 46 62 17 54 60 50 62 42 33 65 21 49 22 60 28 61 18 74 54 13 67 30 39 23 54 48 23 57 30 48 16 34 44 57 51 72 60 61 22 42 41 64 70 51 25 59 23 20 40 47 57 22 29 45 63 55 67 34 70 19 26 32 45 46 17 40 46 32 29 39 41 49 68 54 64 
40 66 58 63 77 72 35 59 73 63 41 22 62 28 32 8 67 20 59 22 50 31 65 41 46 72 59 18 67 25 33 36 65 44 21 36 21 44 65 24 55 19 75 34 15 34 39 27 32 31 36 56 25 61 44 18 34 37 55 57 24 34 46 54 39 61 71 12 13 21 61 42 66 35 47 63 56 45 17 33 33 30 46 39 69 66 78 16 34 61 61 27 59 18 39 24 18 62 28 30 35 68 29 19 62 60 70 69 24 49 37 37 55 48 24 64 45 51 41 63 49 65 59 54 46 74 38 53 45 17 17 14 52 34 21 48 67 20 42 59 70 48 67 58 11 38 20 54 68 15 73 40 24 67 54 19 52 53 47 53 61 33 17 25 55 33 55 43 43 30 25 30 64 66 38 44 61 38 55 19 38 26 69 26 16 59 21 20 35 44 22 36 59 33 68 30 35 38 45 40 16 13 33 20 44 26 49 20 19 35 56 75 58 61 63 65 13 35 48 71 20 52 39 73 61 46 55 9 61 52 55 66 39 34 73 17 51 29 57 29 62 18 66 56 14 70 37 45 28 50 56 15 62 33 49 17 42 46 63 59 69 53 62 26 35 38 69 65 56 33 60 27 21 38 53 58 24 31 37 59 63 67 37 65 21 23 40 45 50 12 36 52 30 34 46 41 53 69 56 62 
24 37 27 35 42 39 19 28 40 35 22 14 35 17 17 8 36 10 30 16 26 18 37 21 28 38 30 14 33 17 15 23 35 25 10 17 12 22 33 17 30 14 38 22 13 17 23 13 20 19 17 32 18 32 26 11 20 21 30 31 16 18 26 31 25 32 41 8 12 14 29 23 34 20 27 33 33 22 12 20 15 15 23 25 35 39 42 8 17 34 35 17 35 11 19 15 14 30 18 17 23 35 15 9 31 34 40 37 15 27 20 22 34 27 16 33 26 28 24 34 27 32 33 27 26 38 23 30 23 10 13 10 29 22 11 23 37 14 21 28 38 27 39 29 9 23 13 29 35 11 36 22 14 37 30 13 29 30 26 30 36 20 11 18 28 22 32 24 26 14 16 21 34 37 23 24 37 23 31 13 17 15 40 16 8 35 15 11 21 23 15 23 32 22 34 18 23 23 26 24 9 10 21 13 23 13 25 13 13 17 33 37 34 32 32 37 10 19 24 37 14 29 24 43 31 22 31 8 34 29 30 37 19 16 40 12 26 18 34 13 30 13 37 34 8 40 21 24 19 26 31 11 32 19 28 15 24 27 35 33 34 29 34 13 21 22 38 36 28 20 35 15 10 24 30 32 12 17 22 35 36 37 19 36 16 16 23 29 26 8 22 31 13 19 27 27 27 39 28 30 
21 32 36 31 38 37 24 36 36 31 24 12 32 18 19 10 39 17 33 12 28 15 29 26 20 38 32 7 39 12 23 19 33 29 15 23 12 27 38 9 35 14 43 14 7 24 20 19 21 16 24 26 15 32 18 10 21 26 31 31 12 19 22 26 19 31 32 10 7 16 36 22 36 19 23 33 29 27 16 17 23 19 27 18 39 32 40 16 22 30 32 14 26 11 24 15 6 37 13 17 16 36 17 14 34 29 36 35 20 32 25 20 26 22 19 38 29 29 20 32 27 40 34 31 25 40 27 33 25 10 8 9 27 13 15 30 35 7 27 36 35 26 30 35 8 17 15 28 40 7 41 23 18 32 31 13 27 26 26 26 30 16 9 12 32 16 26 23 25 21 12 13 34 31 17 24 29 18 27 9 25 13 31 21 13 29 17 17 18 28 10 18 30 13 38 20 17 17 20 19 12 14 16 12 26 17 27 11 9 22 31 44 29 32 36 34 13 20 28 38 15 30 22 34 32 29 33 11 29 32 28 32 25 22 36 12 29 13 29 20 36 8 38 25 10 31 20 24 11 31 29 15 34 17 24 6 22 21 31 29 40 33 32 17 23 23 33 36 32 16 28 17 16 19 26 30 16 17 25 32 32 34 24 36 7 14 20 21 29 11 21 24 22 18 22 19 29 34 33 37 
5 8 3 9 9 5 0 1 9 9 3 8 4 1 6 0 1 1 3 6 2 7 8 6 9 7 5 9 5 5 3 5 9 0 3 3 7 3 2 7 0 1 6 7 6 0 9 6 0 9 4 7 5 7 7 6 3 1 3 8 10 6 6 5 7 5 8 3 5 1 5 7 7 7 6 6 6 3 1 5 2 5 5 7 3 8 10 0 3 6 5 9 8 6 4 3 8 4 8 6 7 7 6 3 3 8 6 4 0 0 1 9 8 6 1 1 1 3 9 5 3 1 1 5 10 7 1 1 5 7 5 5 5 9 6 6 9 8 7 5 10 9 9 6 2 8 1 7 1 6 5 4 0 7 1 2 6 9 4 7 7 4 5 6 6 7 6 8 3 5 4 8 8 8 8 3 9 7 9 6 2 4 8 0 5 7 1 0 9 1 5 6 7 8 3 0 7 8 7 7 5 1 5 3 3 5 2 5 9 4 4 6 5 7 6 5 1 7 3 6 0 3 4 9 4 5 1 1 7 0 5 7 1 4 9 2 4 8 5 5 4 5 0 9 4 9 7 6 9 1 8 0 7 5 6 9 8 7 7 9 2 0 5 6 1 3 7 2 6 9 7 6 6 5 8 5 5 5 0 5 10 4 7 1 9 5 8 9 7 1 4 9 3 6 8 9 5 6 5 3 
22 37 30 36 43 39 17 30 41 36 22 15 33 15 19 4 34 10 31 14 26 19 36 24 28 40 32 13 36 15 18 21 37 22 12 20 14 23 33 16 27 11 41 21 11 17 24 16 17 20 20 31 15 34 26 12 19 18 29 32 17 20 26 29 23 33 40 7 9 11 33 24 36 21 26 35 31 24 9 19 17 17 25 23 36 37 44 8 18 33 33 18 34 12 21 14 13 33 18 18 21 37 17 11 33 34 38 36 12 24 19 23 32 27 12 32 23 27 25 34 26 33 30 30 28 40 19 27 25 12 11 9 29 21 14 27 38 14 24 31 40 29 38 32 7 23 10 30 34 10 39 22 11 37 28 11 29 31 25 30 34 19 11 16 31 20 31 26 23 17 15 19 36 37 23 24 35 23 32 13 20 15 39 13 11 33 11 10 22 22 14 21 33 21 35 15 21 23 26 23 11 7 19 11 23 15 25 13 14 19 30 40 32 34 34 35 7 21 25 39 11 28 21 41 32 25 28 5 34 26 30 37 20 19 41 10 28 19 31 17 33 12 34 32 9 40 22 26 18 26 32 8 34 19 27 13 25 26 35 34 35 26 34 16 18 20 38 34 31 21 33 17 14 22 30 32 15 18 18 32 36 36 22 33 15 14 24 27 28 7 20 30 16 20 27 25 29 38 31 32 
21 33 31 32 39 35 20 31 37 32 19 11 31 15 16 7 35 12 28 12 23 15 33 22 24 36 29 9 35 13 18 19 33 25 10 18 10 22 33 13 31 12 39 18 9 20 20 15 18 16 19 28 15 30 22 9 17 22 26 29 13 16 22 27 21 29 36 6 8 13 32 21 33 17 23 31 29 22 12 15 18 15 23 21 34 35 40 11 17 30 31 14 30 8 20 12 10 32 14 14 20 34 14 10 30 30 37 33 16 28 20 19 30 23 16 33 26 24 21 30 24 35 32 27 24 37 23 29 22 8 9 5 25 18 11 26 35 10 23 31 36 25 35 31 5 19 11 27 35 7 37 18 14 33 28 10 25 27 22 26 32 16 7 14 29 18 28 22 23 17 12 17 33 33 19 20 33 19 28 9 20 11 35 17 9 31 14 12 18 23 11 19 29 17 33 17 19 19 22 20 8 10 17 9 21 13 23 9 10 17 30 39 30 30 32 34 10 18 23 35 13 26 20 39 29 24 30 8 30 28 26 33 20 17 37 9 25 15 30 16 32 9 35 30 5 36 18 22 15 26 28 11 31 15 24 10 21 23 31 30 35 29 30 14 20 19 34 34 29 17 31 14 12 20 26 28 12 14 22 31 32 33 20 33 12 13 20 25 26 7 20 27 17 16 23 23 26 34 29 32 
3 3 9 4 5 3 8 9 4 5 6 5 2 5 6 5 7 8 5 3 5 4 1 9 1 7 5 2 10 2 9 3 5 8 8 8 6 8 7 1 8 4 10 1 1 9 5 9 5 5 9 2 4 6 0 5 5 9 5 7 5 6 2 1 2 3 0 6 2 6 10 5 7 5 3 5 3 8 7 3 9 8 7 1 6 2 7 9 7 2 4 5 0 5 8 5 1 10 3 5 1 7 6 8 6 3 4 3 8 8 7 6 2 2 8 7 7 5 4 3 5 9 5 8 7 8 8 6 6 5 1 4 3 0 9 10 7 2 11 10 6 7 0 10 4 2 5 5 8 2 9 5 6 2 5 4 5 5 5 4 2 2 4 2 9 2 2 7 5 10 2 1 7 3 2 4 1 2 4 3 8 2 0 8 8 2 7 8 6 7 1 2 5 1 6 4 2 3 2 2 7 7 2 3 6 7 5 4 4 7 5 10 2 6 9 4 6 7 6 6 5 5 4 1 5 10 6 6 3 5 3 2 8 8 4 4 7 2 2 10 9 1 5 0 5 0 5 6 1 7 5 7 8 4 2 0 5 1 3 4 8 6 4 9 6 6 3 4 8 4 1 8 10 2 3 4 8 5 7 4 5 2 11 4 0 4 4 2 9 5 4 2 9 5 3 2 5 2 8 8 
39 60 60 57 71 69 39 61 67 57 40 17 61 31 29 13 70 23 57 21 49 25 60 39 41 68 55 13 66 24 33 35 59 49 20 36 16 44 66 20 60 23 74 30 13 38 34 25 37 26 35 51 26 56 40 14 34 42 54 52 18 30 41 52 37 56 67 13 13 26 60 36 62 30 42 58 55 44 23 28 35 28 43 38 69 64 73 20 33 58 61 22 55 14 38 24 14 62 22 25 34 63 25 18 60 54 70 66 30 54 40 32 53 42 29 66 51 50 35 58 48 68 63 52 41 70 44 58 42 12 15 11 49 29 19 46 62 14 41 58 64 43 63 56 12 32 23 49 70 12 71 38 27 61 56 20 47 48 46 47 59 31 12 23 53 31 52 38 45 30 23 28 60 60 32 42 59 33 49 14 38 21 65 32 14 58 27 23 30 46 20 35 54 29 67 34 34 32 39 35 14 19 32 19 42 23 47 16 13 33 58 74 57 57 61 65 18 31 47 67 25 52 39 70 57 46 59 14 56 57 50 61 40 32 68 18 49 24 57 28 61 15 71 52 12 66 32 41 23 52 51 21 58 28 45 14 37 42 57 53 70 58 58 23 39 39 63 67 53 27 57 24 20 37 48 55 22 27 43 60 58 65 35 68 18 24 34 43 47 14 37 47 31 29 40 39 50 65 54 63 
7 5 3 5 4 5 5 4 5 4 4 4 5 5 0 5 5 4 1 7 2 4 7 1 7 2 1 7 1 6 2 7 4 6 2 2 2 2 3 7 6 6 1 7 8 5 4 1 5 5 2 6 8 2 6 3 5 7 4 3 6 1 5 6 8 3 8 5 7 6 2 3 1 2 5 2 8 2 6 5 3 0 0 8 3 9 5 5 3 6 6 5 8 3 1 5 7 2 5 3 9 1 0 2 0 5 8 4 6 6 5 4 10 4 7 5 6 4 5 3 5 5 5 0 5 1 7 6 0 2 6 4 5 8 0 2 4 7 2 2 5 4 8 2 5 6 5 3 5 6 0 4 4 6 5 5 3 5 4 5 8 5 4 8 0 8 6 3 6 2 5 9 3 5 5 3 10 6 5 5 1 3 8 6 0 8 6 5 5 4 6 7 3 7 3 4 9 5 5 6 0 6 6 5 3 0 2 5 5 1 7 2 8 2 0 7 6 1 3 2 5 4 7 9 1 1 5 6 4 5 3 5 4 1 5 5 1 5 7 1 1 6 5 9 3 8 2 1 7 4 4 6 1 4 6 9 4 7 5 5 3 5 4 0 5 5 5 6 0 4 7 1 1 7 5 5 0 3 6 8 6 5 2 4 8 7 5 9 1 4 7 6 3 3 5 9 1 6 0 2 
8 7 2 7 6 6 5 3 7 6 4 6 6 5 2 5 5 4 2 8 3 6 8 1 9 3 2 8 0 8 1 8 6 6 2 2 4 2 4 9 6 6 1 8 9 4 6 1 5 6 1 8 9 4 8 5 6 6 5 5 8 3 7 7 9 4 9 5 8 6 0 5 3 4 6 4 9 2 6 6 3 1 2 10 4 10 6 4 3 7 7 7 9 4 2 6 8 0 7 4 10 3 2 2 2 7 9 5 6 6 5 6 11 6 7 5 6 5 7 4 6 4 6 2 6 3 6 6 2 4 7 5 6 9 1 0 6 8 1 0 7 6 10 1 5 8 5 5 5 7 1 5 4 7 5 6 5 7 5 6 9 6 6 9 1 9 8 5 7 0 6 10 5 7 7 4 11 7 7 6 0 5 9 6 1 9 6 4 6 4 7 9 5 9 3 5 10 7 6 7 2 6 8 6 3 2 3 6 6 2 8 0 9 4 1 8 6 3 4 4 5 5 7 11 2 0 5 6 6 5 4 7 4 1 7 6 2 7 8 0 1 7 5 11 4 10 4 3 9 4 6 6 3 5 7 10 6 8 6 6 3 5 6 1 6 5 7 6 1 6 9 3 0 8 7 6 1 5 6 8 7 6 1 5 10 8 7 11 2 5 7 8 2 5 7 11 2 7 1 2 
39 61 58 58 72 69 38 60 68 58 39 17 62 30 28 13 69 22 56 22 48 26 61 39 42 67 55 14 64 25 32 35 60 49 19 35 16 42 64 21 59 23 73 31 14 37 34 24 37 26 34 52 26 56 41 13 34 41 53 52 18 29 42 52 38 56 68 12 14 25 59 36 62 30 43 58 56 43 23 29 34 27 43 39 68 65 73 19 32 58 61 22 56 13 37 24 15 60 23 25 35 63 24 17 59 55 70 67 29 53 40 32 54 43 29 65 50 49 36 58 48 67 63 51 41 70 43 57 41 12 16 10 49 30 18 45 62 15 40 57 65 43 64 55 11 33 22 49 70 12 70 37 27 62 56 20 47 48 45 48 60 31 12 24 52 32 53 38 45 29 23 29 60 61 33 42 60 34 50 15 37 22 66 31 13 58 26 22 30 45 20 36 54 30 65 34 35 33 40 36 13 19 33 19 41 22 46 17 14 32 58 73 58 56 60 65 18 31 45 66 25 52 39 71 56 45 59 14 56 56 50 62 39 31 68 18 48 25 58 27 60 16 71 53 11 67 32 40 24 51 51 20 58 28 46 15 37 43 58 54 69 57 59 22 39 38 64 67 52 28 58 23 19 38 48 55 21 26 42 60 58 65 34 68 19 24 35 44 46 14 37 48 30 29 41 40 49 66 53 61 
6 0 7 1 0 4 7 7 1 0 5 0 4 5 1 6 6 7 3 6 3 1 4 5 3 2 1 3 6 5 6 6 0 8 5 5 1 5 6 4 8 6 5 4 6 8 1 5 6 1 6 3 7 1 3 1 5 9 5 2 1 1 3 4 6 1 5 5 6 7 6 0 2 0 3 0 6 5 8 3 7 4 4 6 5 6 2 8 5 4 6 1 4 1 5 5 4 6 0 2 6 1 2 5 3 0 7 3 8 8 7 1 7 1 8 6 7 4 1 0 5 8 6 4 2 3 8 7 2 0 4 3 4 4 4 6 1 3 6 7 1 2 5 6 5 2 6 0 7 4 5 4 6 2 5 5 1 1 4 1 6 4 3 6 4 6 4 2 7 6 4 6 1 1 1 3 7 3 1 3 5 2 4 8 4 6 8 7 1 6 4 6 1 4 4 5 6 0 1 3 3 8 5 4 4 4 3 3 0 4 7 6 6 1 5 6 7 2 5 2 6 5 6 6 1 6 6 7 0 6 0 2 6 5 1 5 4 0 6 6 5 4 6 6 4 5 0 1 4 6 0 8 3 3 4 6 0 4 1 1 6 7 3 4 6 6 2 6 4 0 5 3 6 6 1 4 4 3 7 7 1 4 6 5 5 7 0 7 4 5 6 2 7 1 1 7 1 4 4 6 
3 4 10 5 6 4 8 9 5 6 6 6 2 5 7 5 7 8 6 3 5 5 2 10 2 8 6 3 10 1 10 3 6 7 8 8 7 8 7 2 8 4 10 2 0 9 7 10 4 7 10 2 4 7 1 6 5 9 5 8 6 7 3 1 1 4 1 6 2 6 11 6 9 6 4 6 3 8 7 4 9 9 8 0 7 1 8 9 8 3 3 7 1 6 9 5 2 10 4 6 0 8 7 9 6 4 3 3 8 8 7 7 1 3 7 7 7 6 5 4 5 9 4 9 8 9 8 6 7 6 1 5 4 2 10 11 8 3 11 11 7 8 1 11 4 3 5 7 8 3 10 6 6 3 5 4 6 6 5 5 1 2 4 1 10 2 2 8 4 10 2 0 8 4 4 4 0 3 6 4 9 3 1 8 9 1 7 8 7 7 1 1 6 2 7 4 1 4 3 3 8 7 1 3 7 8 5 4 5 8 4 11 1 7 10 3 6 8 7 7 5 6 4 0 6 10 6 6 4 5 4 3 8 9 6 4 8 4 2 10 9 1 4 0 6 1 6 7 2 8 6 7 9 5 3 0 6 2 5 6 8 6 4 10 5 6 4 4 9 6 1 9 11 1 5 4 9 5 7 4 6 2 12 3 1 4 5 0 10 5 3 4 10 6 5 0 6 3 9 9 
2 3 6 4 4 0 5 6 4 4 3 4 0 2 4 3 4 5 2 2 2 2 1 7 3 5 3 2 7 1 6 2 4 5 5 5 3 4 4 1 6 2 7 1 2 6 5 6 3 5 6 0 3 4 1 3 2 6 2 5 5 3 0 1 2 1 2 3 2 3 7 3 5 3 0 3 2 5 5 0 6 5 5 2 3 3 6 6 4 0 2 5 2 3 5 2 1 7 3 3 3 5 4 5 3 3 3 0 6 6 5 5 4 1 5 4 4 2 4 1 2 6 2 5 6 6 6 4 3 3 0 1 0 2 6 8 5 2 8 7 5 6 2 7 1 2 3 4 5 0 6 2 4 1 2 2 2 4 2 2 2 0 1 2 6 2 0 5 3 7 0 3 5 2 2 1 4 1 4 0 5 0 2 6 6 2 5 5 5 4 0 2 3 2 3 2 3 3 1 0 5 5 1 1 3 5 2 1 4 4 3 7 2 4 6 2 4 5 3 4 3 2 2 3 2 7 3 4 2 3 1 1 5 5 4 2 4 2 2 7 6 0 3 3 2 3 3 4 2 4 4 5 6 1 0 3 4 1 2 4 5 4 1 6 3 3 1 2 6 4 1 5 7 2 2 0 5 2 4 3 4 0 8 1 3 3 3 3 6 2 2 3 6 2 3 3 3 0 5 5 
6 6 1 6 6 5 4 2 6 6 3 5 5 4 2 4 4 3 1 7 2 5 7 2 8 3 1 7 1 6 1 7 5 5 1 1 4 1 2 7 5 5 2 7 8 3 6 1 4 6 0 6 7 4 7 4 4 5 4 4 7 2 6 6 8 3 8 4 7 4 1 4 3 4 5 3 7 1 5 5 2 1 1 8 2 9 6 3 1 6 6 6 8 3 0 4 7 0 6 3 8 3 2 0 0 6 8 4 5 4 4 6 10 5 5 3 5 3 6 3 4 3 4 1 6 3 5 4 1 3 6 4 5 8 2 2 6 7 2 1 6 6 8 2 4 7 4 4 3 6 1 3 3 6 4 5 4 6 4 5 8 5 4 8 2 8 6 5 5 1 5 9 4 6 6 3 10 6 6 5 0 4 8 5 1 8 5 3 6 3 6 7 4 8 2 3 8 6 5 6 2 5 6 4 2 1 1 5 6 1 6 1 7 4 1 6 5 3 2 3 4 4 6 9 1 1 4 5 5 4 3 6 2 0 6 4 1 6 7 1 0 6 4 9 3 9 4 3 8 3 5 5 3 4 6 9 5 7 5 6 2 4 4 2 4 4 6 5 2 6 7 2 2 7 6 5 1 3 4 7 7 5 3 4 9 7 6 9 2 3 6 7 1 4 6 9 2 6 1 1 
4 6 2 7 7 3 1 1 7 7 1 6 3 1 3 1 1 1 0 5 0 5 6 4 7 5 2 7 3 4 2 5 6 2 1 1 4 1 0 6 2 2 4 6 6 2 7 4 1 7 2 5 5 4 6 4 2 3 2 6 7 3 5 4 6 3 7 1 5 2 3 5 5 5 4 4 5 1 3 4 1 3 3 6 1 7 7 2 0 4 4 7 7 4 2 2 6 3 6 3 6 4 4 1 1 6 5 2 2 2 1 7 8 4 3 1 2 2 7 3 2 1 2 3 7 5 3 2 2 4 4 3 3 7 4 4 7 7 5 3 7 7 7 5 2 6 1 5 1 4 3 2 0 6 1 2 4 7 2 5 6 3 3 6 4 6 5 6 3 3 3 7 6 6 6 1 8 5 7 4 1 3 7 3 3 6 2 1 7 0 4 5 5 7 1 1 6 6 5 5 3 2 4 2 1 3 0 3 7 2 4 4 5 4 4 4 2 4 1 4 1 2 4 8 2 3 1 2 5 1 3 5 0 2 7 2 2 6 5 3 3 4 1 8 2 8 5 4 7 0 6 2 5 3 4 8 6 5 5 7 0 1 3 4 2 2 5 2 4 7 6 4 4 5 6 3 3 3 2 5 7 3 5 1 7 5 6 8 5 1 4 7 2 4 6 8 2 5 3 1 
56 90 87 85 106 103 56 90 100 85 60 25 90 44 43 18 103 32 86 29 74 38 88 58 59 101 84 17 97 34 48 50 88 71 29 53 25 65 97 28 87 32 109 43 17 54 50 37 54 38 51 75 36 85 58 21 50 60 80 77 26 45 60 75 53 85 98 18 17 36 88 55 92 45 63 87 80 65 32 42 51 41 65 53 103 92 108 27 49 84 89 32 80 21 56 35 19 91 33 39 47 95 37 26 90 81 102 99 42 78 59 47 75 64 41 97 74 74 52 88 71 99 93 77 60 105 63 85 63 18 21 16 73 41 27 68 92 20 59 85 95 63 92 83 16 47 33 73 104 15 105 56 40 91 83 29 72 70 68 71 86 45 19 32 78 44 75 56 66 43 33 39 89 89 47 64 84 49 73 21 56 33 95 45 21 83 38 32 44 68 27 50 81 41 100 50 48 48 58 51 20 26 46 28 63 35 71 25 19 49 84 109 83 85 90 95 25 47 69 100 36 78 56 102 86 67 87 19 83 84 76 91 59 48 100 26 73 35 83 40 90 21 105 75 18 96 49 61 32 77 76 29 87 43 66 18 55 60 86 79 104 85 88 33 57 57 94 98 78 40 82 35 28 53 71 82 32 41 61 87 85 96 50 100 23 33 51 60 70 21 53 69 45 45 60 54 75 96 81 92 
8 7 3 7 6 7 6 4 7 6 5 6 7 6 2 6 6 5 3 9 4 6 9 0 9 3 3 9 1 8 2 9 5 7 3 3 4 3 4 9 7 7 0 9 10 5 6 0 6 6 2 8 10 4 8 5 7 7 6 4 7 3 7 8 10 5 10 6 9 7 1 5 2 4 7 4 9 3 7 7 4 2 2 10 4 11 6 5 4 8 8 7 10 5 2 7 9 1 7 5 10 3 2 3 2 7 10 6 7 7 6 6 11 6 7 6 7 6 7 5 6 5 6 2 6 3 7 7 2 4 8 6 7 10 1 0 6 9 0 1 6 5 10 0 6 8 6 5 6 8 1 5 5 8 6 7 5 7 6 7 10 7 6 10 1 10 8 5 8 1 7 11 5 7 7 5 12 8 7 7 1 5 10 7 1 10 7 5 6 5 8 9 5 9 4 6 10 7 7 8 2 7 8 6 4 2 3 6 6 3 9 0 9 4 1 8 7 2 4 4 6 6 8 11 3 1 6 7 6 6 5 7 5 2 6 7 3 7 9 1 1 8 6 11 5 10 4 3 9 5 6 7 3 6 8 11 6 8 7 6 4 6 6 1 6 6 7 7 1 6 9 2 0 9 7 7 2 5 7 9 7 7 0 6 10 9 7 11 2 6 8 8 3 5 7 11 3 8 2 3 
2 2 8 3 4 2 6 7 3 4 4 4 1 4 5 4 5 7 3 2 3 2 0 8 1 5 4 2 8 1 8 2 4 6 6 6 4 6 5 0 7 3 8 0 2 7 5 8 4 4 7 0 4 4 0 3 4 7 3 6 4 4 1 1 2 2 1 4 2 5 8 4 6 4 1 4 2 6 6 1 7 6 6 2 5 2 6 7 5 1 2 4 1 4 6 3 0 8 2 4 2 5 5 6 4 2 3 1 7 7 6 5 3 0 6 6 6 4 4 2 3 7 3 6 6 6 7 5 4 4 1 3 2 1 7 9 5 1 9 8 5 6 1 9 2 1 4 4 6 1 7 3 5 1 3 3 3 4 3 2 2 0 2 2 7 2 0 6 4 8 1 2 5 2 2 2 3 1 4 1 7 1 1 7 7 2 6 7 5 6 0 2 3 0 5 3 2 2 1 0 6 6 1 2 5 6 3 2 4 6 4 8 2 4 7 3 5 5 5 5 4 4 3 2 3 8 4 5 2 4 2 1 6 7 4 3 5 2 2 8 7 0 4 2 4 1 4 4 1 6 4 6 6 2 1 2 4 0 2 4 6 5 2 7 4 4 1 3 7 4 1 6 8 2 2 2 6 3 6 3 4 1 9 2 1 3 3 3 7 4 3 2 8 3 2 3 4 1 7 7 
25 30 34 28 34 39 25 35 33 27 24 8 36 20 14 12 40 16 31 16 28 14 34 21 24 32 28 9 35 17 20 23 28 31 13 21 8 25 37 15 36 17 39 19 12 24 15 14 24 12 21 30 19 28 23 8 22 27 32 25 9 15 24 31 24 30 38 11 12 18 33 18 30 13 25 28 33 25 18 19 22 16 23 25 38 38 35 15 20 34 36 10 32 8 22 17 11 34 12 14 23 30 12 12 32 27 41 38 21 33 26 14 32 23 21 38 31 29 17 30 29 39 37 27 19 35 28 35 22 4 13 9 29 19 11 26 29 10 22 32 31 20 36 30 11 19 16 24 40 11 37 23 19 34 33 15 25 23 27 25 35 20 10 17 28 21 31 17 29 18 16 20 28 31 17 25 35 20 24 11 22 14 37 22 9 35 20 17 14 28 15 23 27 18 37 22 23 17 21 21 8 16 21 14 25 13 27 13 5 19 35 39 34 28 32 38 15 14 27 34 18 31 25 41 30 25 35 13 28 34 26 34 25 19 33 14 27 13 34 16 33 12 41 31 9 37 14 19 15 31 25 16 29 18 28 12 18 25 30 25 39 34 33 13 25 24 34 39 26 12 33 12 12 24 26 32 13 17 27 36 29 37 19 39 14 18 18 27 24 12 24 26 20 16 22 25 25 37 29 35 
4 3 4 4 4 2 4 4 4 4 2 3 2 2 1 3 3 4 0 4 0 2 4 4 5 3 0 4 4 3 4 4 4 5 2 2 2 2 2 4 5 3 4 4 5 5 4 4 3 4 4 3 5 2 3 1 2 6 2 4 4 1 2 3 5 0 5 2 4 3 4 2 3 2 2 1 4 2 5 2 4 2 2 5 1 5 4 5 2 3 3 4 4 1 2 2 4 4 3 0 5 2 2 2 0 3 5 1 5 5 4 4 6 2 5 3 4 1 4 0 2 4 3 2 5 3 5 4 1 2 3 1 2 5 3 5 4 4 5 5 4 4 5 5 2 3 3 2 4 3 3 1 3 3 2 3 1 4 1 2 5 2 1 5 3 4 3 4 4 4 2 5 3 3 3 0 6 3 4 2 3 0 5 5 3 5 5 4 4 3 3 4 2 4 1 2 5 3 2 3 2 5 3 2 1 2 0 1 4 2 4 5 4 2 3 4 4 2 1 2 3 2 4 6 0 4 3 4 2 3 0 2 3 3 4 2 1 3 4 4 3 3 3 6 0 5 2 2 4 3 3 4 3 1 3 6 3 3 2 4 3 3 1 4 3 2 2 3 3 4 4 3 5 4 3 1 2 0 4 5 4 2 5 2 5 4 3 6 4 2 4 4 4 1 3 6 0 3 3 3 
4 6 11 6 7 5 8 10 7 7 7 8 3 5 8 5 7 9 7 3 6 6 3 11 4 9 7 5 11 2 11 3 7 7 9 9 8 9 8 3 9 4 12 3 0 10 8 11 5 8 11 4 4 8 2 7 6 9 6 10 8 8 4 2 2 5 2 6 2 6 12 8 10 8 5 7 3 9 7 5 10 10 9 0 8 1 9 10 8 4 4 8 3 7 10 6 3 11 6 7 0 9 9 9 7 6 3 4 8 9 8 9 0 4 7 8 7 6 7 5 6 10 4 10 10 10 8 6 8 8 2 6 5 3 11 12 9 4 13 12 8 10 2 12 4 5 6 8 8 4 11 7 7 5 5 4 7 7 6 6 2 3 5 0 11 2 3 9 4 11 3 1 9 5 5 5 0 4 7 5 10 4 2 8 10 2 7 9 8 8 2 1 7 3 8 5 2 5 4 4 9 7 2 4 8 9 6 5 7 9 4 12 1 8 11 4 6 9 8 8 5 6 4 1 7 11 6 6 5 5 5 5 9 10 7 4 9 5 2 11 10 2 5 1 7 3 8 8 4 8 8 7 10 6 4 1 8 3 6 7 9 7 5 11 6 6 5 4 11 7 2 10 12 1 6 5 10 6 7 4 7 3 13 4 2 4 7 0 11 6 3 5 10 7 6 0 7 4 10 10 
7 2 7 1 0 5 8 8 1 0 6 1 6 7 1 8 8 8 4 8 4 3 6 4 5 0 2 5 5 7 6 8 0 9 5 5 2 6 6 6 9 7 5 6 8 9 0 4 7 1 6 6 9 2 5 2 7 10 6 0 2 1 5 6 8 2 7 7 8 8 6 1 1 0 5 0 8 5 9 5 7 4 4 8 6 8 0 9 6 6 7 1 6 3 5 7 6 6 2 3 8 0 1 5 3 2 9 5 9 9 8 1 9 3 10 8 9 6 1 2 6 8 7 4 0 2 10 8 2 0 6 5 5 6 4 6 0 5 5 6 1 0 7 5 6 4 7 1 8 6 4 5 7 4 7 7 3 1 6 3 8 6 5 8 4 8 6 0 8 6 6 8 0 2 2 5 9 5 1 5 5 4 7 10 4 8 9 8 0 7 6 8 2 6 5 7 9 2 3 5 3 9 7 6 5 4 4 5 0 5 8 6 8 2 4 8 8 0 5 2 8 6 8 8 2 6 8 8 2 7 2 4 7 5 1 7 4 2 8 6 5 6 7 8 5 7 0 0 6 7 1 9 2 4 6 8 1 6 3 0 7 8 5 4 8 7 4 7 2 0 7 3 5 8 3 5 4 4 9 9 2 5 5 6 7 8 2 9 3 7 8 4 7 3 3 9 2 6 4 6 
20 32 33 31 38 34 22 33 36 31 21 11 30 16 17 8 36 14 30 11 25 14 31 23 22 37 29 8 36 12 20 18 32 27 12 20 10 24 35 11 32 12 41 16 7 22 20 16 19 16 21 26 14 30 20 9 18 24 28 29 12 17 21 26 19 29 34 7 7 14 34 20 34 17 21 31 28 24 13 14 20 17 24 20 36 33 40 13 19 29 30 14 28 9 22 13 8 34 13 14 18 34 15 12 31 29 36 32 17 29 22 19 28 22 17 35 27 26 20 30 25 37 32 29 24 38 24 30 23 8 7 6 24 16 13 27 34 9 25 33 35 25 33 32 6 17 12 27 37 6 39 20 15 32 29 11 25 26 23 25 30 15 6 12 30 16 26 22 24 18 11 15 33 32 18 21 31 17 27 7 22 10 33 18 10 30 15 14 18 25 10 18 29 15 35 18 18 18 21 18 9 11 16 9 23 14 24 8 9 19 30 41 29 31 34 33 11 18 25 36 13 27 20 37 30 26 31 9 29 29 26 31 22 19 36 9 27 13 29 17 33 7 36 28 7 34 18 23 13 28 28 12 32 15 22 9 21 21 30 29 37 30 29 15 21 20 33 34 30 16 29 15 14 19 25 27 14 14 23 31 32 32 22 34 10 12 19 23 27 8 19 25 19 16 22 21 26 32 30 34 
4 0 7 1 1 3 7 7 1 1 4 1 3 5 2 5 6 6 2 5 3 0 3 5 3 3 1 2 6 4 6 5 1 7 5 5 1 5 5 3 8 5 6 3 5 7 2 5 5 2 6 2 6 2 2 1 4 8 4 3 2 1 2 3 5 0 4 5 5 6 6 1 3 1 2 1 5 5 7 2 6 4 4 5 4 5 3 7 5 3 4 2 3 1 5 4 3 6 1 2 5 2 2 5 2 0 6 2 8 7 6 2 6 0 7 6 7 4 1 0 4 7 5 4 3 4 8 6 2 1 3 2 3 3 5 7 2 2 7 7 2 3 4 6 4 1 5 1 6 3 5 3 5 1 4 4 1 2 3 0 5 3 2 5 5 4 3 3 6 6 3 5 2 0 0 2 5 2 1 2 5 1 3 8 5 5 7 7 2 6 3 4 1 3 4 4 5 0 0 2 4 7 4 3 4 4 3 2 1 4 6 6 5 2 5 5 6 2 4 2 5 4 5 5 1 6 5 6 0 5 0 1 6 5 1 4 4 0 5 6 5 3 5 5 3 4 1 2 3 6 1 7 4 2 3 5 1 3 0 1 5 6 2 5 5 5 1 5 4 1 4 4 6 5 0 3 4 2 6 6 2 3 7 4 4 5 0 6 5 4 5 2 7 1 0 6 1 3 4 6 
5 8 3 9 9 5 0 2 9 9 3 8 3 1 6 0 1 1 3 5 2 7 7 7 9 8 5 8 6 5 4 5 9 0 4 4 7 3 2 7 0 1 7 7 6 1 9 6 0 9 5 6 5 7 7 6 3 0 3 8 10 6 6 5 6 5 8 2 5 0 6 7 7 7 6 7 5 4 0 5 2 5 5 7 3 7 10 1 3 5 4 9 8 6 4 3 7 5 8 6 7 7 6 4 3 8 5 3 0 0 1 9 8 6 0 1 0 3 9 5 3 1 0 6 10 7 0 0 5 7 4 4 5 8 6 7 9 8 7 5 10 10 8 7 2 8 1 7 1 5 6 4 0 7 1 2 6 9 3 7 6 4 5 6 7 6 6 9 2 5 4 8 8 8 8 3 9 7 9 6 3 4 8 0 6 6 0 1 9 1 5 5 7 8 3 0 7 8 7 6 6 0 5 3 3 5 2 5 9 4 4 6 5 7 6 4 0 7 3 7 0 3 4 8 4 5 0 0 7 0 5 7 2 5 9 2 5 8 5 5 5 5 0 9 4 9 7 6 8 1 8 0 7 5 5 8 8 6 7 9 2 0 5 7 0 2 7 2 7 9 7 7 6 5 8 5 5 5 0 4 9 4 8 0 8 4 8 8 7 1 3 9 3 6 8 8 5 6 6 3 
4 5 2 6 6 3 2 2 6 6 0 5 2 1 3 1 1 1 0 4 0 4 6 4 7 5 2 6 4 4 2 4 6 3 1 1 4 1 0 5 3 2 4 5 5 2 6 4 1 6 3 4 5 4 5 4 2 3 1 6 7 3 4 4 5 2 6 1 4 2 4 5 4 4 3 4 5 1 3 3 1 3 3 6 0 6 7 2 0 4 3 6 6 3 2 2 5 3 6 3 6 4 3 2 1 6 5 2 3 2 1 6 7 4 3 1 2 1 6 3 2 2 1 3 7 4 3 2 2 4 3 2 3 7 4 5 6 6 5 4 7 7 7 5 1 6 1 5 1 4 3 1 1 5 1 2 4 6 1 5 5 3 3 5 4 5 4 6 3 3 3 6 5 6 5 1 7 4 6 3 1 2 6 3 3 6 3 2 7 1 4 5 4 6 0 1 6 6 5 4 3 3 4 1 0 3 0 3 6 2 4 4 5 4 4 4 2 4 0 4 1 1 3 7 2 3 1 2 5 1 3 4 1 2 6 2 2 5 4 4 3 4 1 7 1 7 4 4 6 1 5 2 5 3 4 7 5 5 5 6 1 1 2 4 2 1 5 2 4 6 5 4 4 4 5 3 3 2 2 4 7 2 5 1 7 4 5 7 5 0 3 6 2 3 6 7 2 4 3 1 
5 2 5 3 2 3 5 5 2 2 3 1 3 4 0 5 5 5 1 5 2 1 4 4 4 2 0 4 4 4 4 5 2 6 3 3 0 3 4 4 6 4 4 4 6 6 3 4 4 3 4 3 6 0 3 0 4 7 3 2 3 0 3 4 6 0 5 4 5 5 5 1 2 1 2 0 5 3 6 3 5 3 2 6 3 6 3 6 3 4 5 2 5 0 3 4 4 4 2 0 6 1 1 3 1 2 6 2 7 6 5 2 7 1 7 5 6 3 3 0 3 6 4 2 3 2 7 5 0 0 4 2 3 5 3 5 3 4 5 5 3 3 5 5 3 3 4 1 5 4 3 2 4 3 4 4 0 3 3 1 6 3 2 6 3 5 4 2 5 5 3 6 2 2 2 2 7 3 3 2 4 1 5 7 3 6 6 5 3 5 4 5 0 4 3 4 6 2 2 3 2 6 4 3 2 2 1 2 2 2 5 5 5 0 3 5 5 1 3 0 5 3 5 6 0 4 5 5 1 4 0 2 5 3 3 4 2 2 5 4 4 4 4 6 2 5 0 0 4 4 2 6 2 1 4 6 1 4 2 2 4 5 2 3 5 4 2 5 3 2 5 2 4 5 2 3 2 1 6 6 3 3 5 3 5 6 2 7 3 4 5 3 5 0 2 7 0 3 3 4 
6 0 8 0 0 4 8 8 0 0 6 0 5 6 2 7 7 8 4 6 4 1 4 5 4 2 2 3 6 5 7 6 0 9 6 6 2 6 6 4 9 7 6 4 6 9 0 6 7 0 7 4 8 2 3 2 6 10 5 2 0 2 3 5 6 1 5 6 6 7 7 1 3 0 4 0 7 6 9 4 7 5 4 6 5 7 1 9 6 5 6 0 4 2 6 6 4 7 0 3 6 2 2 6 3 0 7 4 9 9 8 0 7 1 9 7 8 5 0 1 6 8 7 4 1 4 9 7 2 1 5 4 4 4 5 7 1 3 7 7 0 2 5 6 5 2 6 1 8 5 5 5 7 3 6 6 2 0 5 2 6 4 4 6 5 6 5 2 7 7 4 6 2 0 0 4 7 3 0 3 6 2 5 9 5 7 8 8 0 7 5 6 1 4 5 6 7 0 1 4 4 9 5 5 5 4 4 4 0 5 7 7 6 2 5 7 8 2 5 2 7 6 7 6 2 7 7 8 0 7 1 3 7 6 0 6 4 0 7 7 6 5 7 6 4 5 0 1 4 7 0 8 3 3 5 6 0 4 1 0 7 7 4 5 7 6 2 7 4 0 5 4 6 6 1 4 5 4 8 7 0 4 7 5 5 7 1 7 5 6 7 2 7 2 1 7 2 4 5 7 
6 6 1 7 7 4 2 1 7 6 2 6 4 3 3 3 2 1 1 6 1 5 7 3 8 5 2 7 2 5 1 6 6 3 0 0 4 0 1 7 3 3 3 7 7 2 7 3 3 7 1 6 6 4 6 4 3 4 3 5 8 3 5 5 7 3 8 3 6 3 2 5 4 5 5 4 6 1 4 5 0 2 2 8 1 8 7 2 1 6 5 7 8 4 1 4 7 1 7 4 8 4 3 0 1 6 7 3 3 3 2 7 9 5 4 2 3 3 7 4 3 2 3 2 7 4 4 3 2 4 5 4 4 8 3 3 7 7 4 2 7 7 8 3 3 7 3 5 2 6 2 3 2 6 3 4 4 7 3 6 7 4 4 7 3 7 6 6 4 2 4 8 5 7 7 2 9 6 7 5 0 3 8 4 2 7 4 2 7 2 5 6 5 7 1 2 8 7 6 6 3 4 5 3 2 2 1 4 7 1 5 3 6 4 3 5 3 4 1 4 3 3 5 9 2 2 3 3 6 2 4 6 1 1 7 3 2 6 6 2 1 5 3 9 2 8 4 4 8 1 6 3 4 4 6 9 6 6 6 7 0 2 4 3 3 3 6 4 3 7 7 4 3 6 6 4 2 3 3 6 7 4 4 2 8 6 6 9 4 2 5 7 0 4 7 9 2 6 2 0 
2 4 9 5 6 3 7 8 5 6 5 6 2 4 6 4 6 7 5 2 4 4 1 9 2 7 5 3 9 0 9 2 6 6 7 7 6 7 7 1 7 3 10 1 0 8 6 9 4 6 9 2 3 6 1 5 4 8 4 8 6 6 3 0 1 3 0 5 1 5 10 6 8 6 3 6 2 7 6 3 8 8 7 0 6 0 7 8 7 2 3 6 1 5 8 4 1 9 4 5 0 7 7 8 5 4 2 2 7 8 7 7 1 2 6 6 6 5 5 3 4 8 3 8 8 8 7 5 6 6 0 4 3 2 9 10 7 3 11 10 7 8 1 10 3 3 4 6 7 2 9 5 5 3 4 3 5 6 4 4 1 1 4 0 9 1 1 8 4 10 1 0 7 4 3 3 1 2 5 3 8 2 1 7 8 1 6 7 7 7 0 0 5 1 6 3 1 4 3 2 8 6 0 2 6 7 5 3 5 7 3 10 1 6 9 3 5 7 6 6 4 5 3 1 5 9 5 5 4 4 4 3 7 8 5 3 7 3 1 10 9 0 4 1 5 1 6 6 2 7 6 6 8 4 2 1 6 1 4 5 7 5 3 9 5 5 3 3 9 5 0 8 10 1 4 3 8 4 6 3 6 1 11 3 1 3 5 1 9 4 3 3 9 5 4 1 5 2 8 8 
7 7 1 7 6 5 4 2 7 6 4 6 6 4 2 4 4 3 2 8 2 6 8 1 9 4 2 8 0 7 0 7 6 5 1 1 4 2 3 8 5 5 1 8 8 3 6 1 4 7 0 7 8 4 7 4 5 6 4 5 7 2 6 7 9 4 9 4 8 5 0 5 3 4 6 4 8 1 6 6 2 1 2 9 3 9 6 4 2 7 7 7 9 4 1 5 8 0 7 4 9 3 2 1 1 7 8 5 5 5 4 6 10 6 6 4 5 4 7 4 5 3 5 2 7 3 6 5 2 4 6 5 6 9 2 1 6 8 2 0 7 6 9 2 5 8 4 5 4 7 1 4 4 7 4 5 5 7 4 6 9 6 5 8 2 8 7 5 6 0 6 9 5 7 7 4 10 7 7 6 0 4 9 5 1 9 5 4 6 4 7 8 5 8 3 4 9 7 6 7 2 5 7 5 3 2 2 5 6 2 7 1 8 4 1 7 5 3 3 4 5 4 7 10 2 0 4 5 6 4 4 7 3 0 7 5 2 6 8 0 0 7 4 10 4 9 4 3 8 3 6 5 3 5 7 10 6 7 6 6 2 4 5 2 5 5 6 6 2 6 8 3 1 8 6 5 1 4 5 8 7 5 2 4 9 7 6 10 2 4 7 8 1 5 7 10 2 7 1 1 
37 63 62 60 75 71 40 63 70 61 43 21 61 31 33 12 71 25 61 19 52 29 61 44 42 72 60 14 69 21 36 33 63 49 23 39 21 47 68 20 60 21 78 31 9 39 38 29 36 29 39 53 23 61 40 18 35 42 56 56 21 34 43 50 34 60 66 14 9 25 64 41 66 34 45 62 52 47 23 31 37 32 47 34 72 61 77 21 36 58 60 25 55 18 41 25 15 65 25 30 30 68 29 21 63 57 67 68 30 54 41 36 49 45 29 67 50 52 39 62 49 69 62 56 45 75 44 58 46 16 14 14 51 29 23 50 66 16 45 62 68 47 63 60 12 34 23 53 72 12 75 40 28 64 57 20 52 51 48 51 56 31 16 19 57 28 52 42 44 33 23 25 64 63 35 45 56 35 53 17 41 25 64 32 18 54 26 24 34 48 18 31 58 29 70 34 30 35 42 37 18 19 29 20 45 27 50 19 17 37 56 78 53 61 65 63 18 36 49 71 24 54 38 68 61 49 59 14 59 56 54 64 42 36 71 18 53 27 53 31 64 14 70 50 15 65 37 45 24 54 55 21 63 32 46 12 41 42 61 57 72 58 61 27 39 40 66 66 57 31 55 28 24 33 51 57 26 31 42 57 61 65 39 67 16 21 38 39 51 15 35 49 34 34 43 35 54 66 58 65 
58 89 86 84 105 104 56 89 99 84 59 23 93 45 40 19 103 32 85 31 73 37 91 55 61 98 81 18 94 37 46 52 87 72 27 51 22 63 96 31 87 34 106 45 20 54 48 34 55 36 49 78 39 82 60 18 51 61 80 75 25 42 62 78 56 83 100 18 19 37 86 52 90 43 65 85 83 63 33 44 49 39 62 56 101 95 106 27 48 87 91 30 82 18 54 36 21 88 32 36 50 92 34 24 88 80 104 101 42 78 59 45 78 64 42 97 74 74 51 86 72 98 94 75 58 102 63 85 60 16 24 16 74 43 24 65 90 21 56 83 93 61 95 80 17 48 33 70 104 18 102 56 40 92 84 30 69 69 68 70 89 47 19 35 76 47 78 54 67 41 35 41 86 89 47 64 87 50 72 22 54 33 97 45 18 86 38 32 42 67 30 52 79 43 98 51 50 47 58 53 17 27 48 29 62 32 70 26 18 47 86 107 86 82 88 97 26 44 68 97 37 78 58 105 84 64 88 20 82 85 74 92 58 45 99 27 71 35 86 37 88 24 106 78 16 98 46 58 34 76 74 29 84 43 69 21 53 63 86 78 103 85 88 31 58 57 95 100 75 39 85 33 26 55 71 83 30 40 62 89 84 98 47 102 26 35 50 63 67 21 55 69 44 42 59 57 72 99 78 91 
22 32 31 31 38 36 21 32 36 31 21 10 32 17 14 8 36 13 28 13 24 14 33 21 24 35 27 9 34 14 18 20 32 27 10 18 8 22 33 13 32 13 38 18 10 21 19 14 20 15 18 28 16 29 22 7 19 24 28 27 11 15 22 28 22 28 37 7 9 15 31 19 32 16 23 29 31 22 14 16 18 14 22 22 34 36 38 12 17 31 33 13 31 7 19 14 10 32 13 12 20 32 13 9 29 29 38 34 17 29 22 18 31 23 17 34 27 25 20 29 25 35 33 26 23 36 24 31 20 6 10 6 26 18 10 25 33 10 22 30 34 23 35 30 7 19 13 25 37 8 36 19 15 33 29 12 24 26 23 25 33 17 7 15 27 19 28 20 25 16 13 18 31 32 18 22 34 19 27 9 20 11 36 18 8 32 16 13 17 24 12 20 28 17 33 18 21 18 21 20 7 12 18 11 21 12 23 10 9 16 31 38 32 29 31 35 11 16 23 33 14 27 22 39 27 24 31 9 29 30 25 33 21 17 36 11 24 14 31 15 31 10 37 30 6 36 17 21 14 27 27 13 30 15 25 11 20 23 30 29 36 31 30 12 21 21 33 35 27 16 31 13 11 21 26 29 11 13 23 33 31 34 19 35 12 15 19 25 25 8 21 26 17 15 22 23 24 35 28 32 
4 7 2 7 7 4 0 1 7 7 1 6 3 1 4 1 0 0 1 5 1 5 6 5 7 6 3 7 4 4 3 4 7 1 2 2 5 2 0 6 2 1 5 6 6 1 8 5 1 8 3 5 5 5 6 5 2 2 2 7 8 4 5 4 6 3 7 1 4 1 4 6 6 5 4 5 5 2 2 4 1 4 4 6 1 7 8 1 1 5 4 7 7 4 2 2 6 4 7 4 6 5 4 2 2 7 5 2 2 1 0 7 8 5 2 0 1 2 8 4 2 1 1 4 8 6 2 1 3 5 4 3 4 7 5 5 8 7 6 4 8 8 7 5 1 7 1 6 0 4 4 2 0 6 1 2 5 8 2 6 6 3 4 6 5 6 5 7 2 4 3 7 6 7 7 1 8 5 8 4 2 3 7 2 4 6 2 0 8 0 4 5 5 7 2 0 6 7 6 5 4 2 4 2 2 4 1 3 7 3 4 5 5 5 5 4 1 5 1 5 1 2 3 8 3 4 1 1 6 0 4 5 0 3 8 2 3 6 4 4 3 4 1 8 2 8 5 5 7 0 7 1 6 4 4 8 6 5 6 7 1 0 3 5 1 1 6 2 5 7 6 5 5 5 6 4 4 3 1 4 8 3 6 0 7 4 7 8 6 0 3 7 2 5 7 8 3 5 4 2 
40 65 56 62 76 72 34 57 72 62 40 21 63 29 31 10 66 18 58 23 49 30 65 40 46 71 58 18 65 26 31 37 64 45 19 34 20 42 63 24 55 21 73 34 16 33 38 25 34 30 34 56 27 60 44 17 34 38 54 55 23 33 45 54 40 60 71 12 14 23 59 40 64 34 47 61 57 43 19 32 31 28 44 40 68 67 77 15 32 61 62 26 59 17 37 24 19 60 27 29 36 66 27 17 60 59 71 69 25 49 36 36 56 47 25 62 47 50 40 62 48 63 60 53 45 72 39 54 44 16 18 14 52 34 19 46 66 19 40 56 69 46 68 56 12 37 20 52 66 15 71 39 23 66 55 20 51 52 47 52 62 34 16 26 53 34 55 41 44 28 25 31 63 65 37 44 62 38 54 19 36 25 69 27 15 60 23 18 34 42 22 37 58 33 66 32 36 37 44 40 15 15 34 20 42 24 47 20 18 33 58 73 59 60 61 66 15 34 46 69 22 52 39 74 59 44 56 11 60 54 54 66 37 32 72 18 49 29 58 26 60 18 68 56 13 70 36 43 28 48 55 17 60 32 49 18 41 46 62 58 67 54 62 24 37 38 68 66 54 32 60 26 19 39 53 58 22 30 38 60 62 67 35 66 22 24 39 46 48 12 37 52 28 33 45 42 52 69 55 60 
7 4 4 4 3 5 6 5 4 3 4 3 6 5 0 6 6 5 2 8 3 4 7 1 7 1 0 6 2 7 3 7 3 7 3 3 2 3 4 7 7 6 1 7 8 6 4 1 6 4 2 6 8 2 6 3 6 8 5 2 5 0 5 6 8 2 8 5 8 6 2 3 0 2 5 1 8 2 7 5 4 1 1 9 4 9 4 6 3 6 7 4 7 3 2 6 7 3 5 3 9 0 0 2 1 4 8 5 7 7 6 4 10 4 7 5 7 4 5 3 5 5 6 1 4 0 7 6 0 1 6 4 5 8 0 2 4 6 2 3 4 3 8 2 5 6 5 3 6 6 1 4 5 5 5 6 3 4 5 4 8 6 4 8 0 8 7 2 7 3 6 9 2 5 5 4 10 6 5 5 2 4 8 7 1 9 7 6 4 5 6 8 3 7 3 5 9 5 4 6 1 7 7 5 3 1 2 5 4 2 8 2 8 2 1 7 7 0 3 2 6 5 7 9 1 2 6 7 4 6 2 5 5 2 4 6 2 4 8 2 2 6 6 9 4 8 1 0 7 5 4 7 0 4 6 9 3 7 4 4 4 6 5 0 6 5 5 6 0 4 8 0 2 8 5 5 1 4 7 8 5 5 2 5 8 8 4 10 0 5 7 6 4 3 5 10 0 6 1 3 
4 1 9 2 2 3 8 8 2 2 5 3 3 5 4 6 7 8 4 4 4 2 1 8 0 5 4 0 8 3 8 4 3 8 7 7 4 7 7 2 9 5 8 1 3 9 3 8 5 3 8 2 6 4 0 3 5 9 5 5 3 4 2 3 4 2 2 6 4 6 9 3 6 3 2 3 4 7 8 3 8 7 6 3 6 4 4 9 6 3 4 3 1 4 7 5 1 8 1 4 3 5 5 7 5 1 5 3 9 9 7 4 4 0 8 7 7 5 2 2 5 9 5 6 5 6 8 7 4 3 3 4 3 1 7 9 4 0 9 9 3 5 2 9 4 0 6 4 7 3 7 5 6 1 5 5 3 2 5 2 4 2 3 4 7 3 2 5 6 9 2 3 5 0 0 3 3 1 2 2 7 2 2 9 7 4 7 8 3 7 2 3 3 1 6 5 4 0 0 2 6 8 3 4 6 6 4 3 2 6 6 9 4 4 7 5 7 5 6 4 6 5 5 3 4 8 6 7 1 6 2 1 7 7 2 5 6 0 4 8 8 2 5 3 5 1 3 4 0 7 3 8 6 3 3 3 3 2 2 2 7 7 3 7 6 6 1 5 7 2 3 6 9 4 1 3 7 4 7 5 3 3 9 4 2 5 2 4 7 5 5 0 8 3 1 4 4 2 7 8 
23 31 32 29 36 37 23 33 34 29 23 8 34 19 13 10 38 14 29 15 26 14 34 20 24 33 26 9 34 16 18 22 30 29 11 19 7 23 35 14 34 15 38 18 11 22 17 13 22 13 19 29 18 27 23 6 20 25 30 25 10 13 23 30 23 28 38 9 11 17 31 18 30 14 24 27 32 23 16 17 20 14 22 24 36 37 36 13 18 32 34 11 31 6 20 15 11 32 12 13 22 30 11 10 30 28 40 36 19 31 24 16 32 23 19 36 29 27 19 29 27 37 35 26 21 35 26 33 20 5 11 8 27 18 10 24 31 10 21 31 33 21 36 29 9 19 15 24 38 9 36 21 17 33 31 14 24 25 25 25 34 19 9 16 27 20 29 18 27 16 15 19 29 31 17 23 34 19 26 10 20 13 36 20 7 34 18 15 15 26 13 22 27 18 35 20 22 17 21 21 6 14 20 13 23 12 25 11 7 17 33 38 33 27 31 37 13 14 25 32 16 29 24 40 28 24 33 11 28 32 25 33 23 17 34 12 25 13 33 15 31 11 39 31 8 37 15 19 15 29 25 14 29 16 26 12 18 24 30 27 37 32 32 12 23 23 34 37 26 14 32 11 11 23 25 30 11 15 25 35 30 35 18 37 13 16 18 26 24 10 23 26 18 15 22 24 23 36 27 33 
23 29 34 28 35 37 24 35 32 28 24 8 34 19 15 11 39 16 31 14 27 13 32 23 21 35 29 7 36 15 21 21 29 30 13 22 9 25 37 12 35 15 40 17 10 24 16 16 23 12 22 28 18 29 21 8 21 27 31 27 8 16 22 29 22 29 36 10 10 17 34 18 32 15 23 29 31 25 17 17 22 17 24 22 38 35 36 15 20 32 34 10 29 8 23 16 9 35 10 14 20 33 14 13 32 26 39 36 20 32 25 16 30 21 20 38 30 28 17 29 28 39 36 29 21 37 27 34 22 6 11 8 27 16 12 27 31 8 24 33 32 22 34 32 9 16 15 24 40 9 38 22 18 31 32 14 24 23 26 23 33 18 9 15 29 19 28 20 27 19 14 17 30 29 15 24 33 18 24 9 23 12 34 21 10 32 19 16 15 28 13 21 27 16 37 21 21 15 19 19 9 15 19 13 25 14 26 11 6 20 33 41 32 29 33 36 14 17 27 34 17 30 24 38 30 27 34 12 26 33 25 32 25 20 33 13 27 10 32 18 34 10 40 29 9 35 16 21 13 30 25 16 31 16 26 10 18 23 28 26 39 34 32 14 24 23 32 37 28 13 31 14 14 22 23 30 14 16 26 34 28 35 21 37 11 16 16 25 26 11 23 23 20 16 19 23 26 35 30 35 
2 4 9 5 6 3 7 8 5 6 5 6 1 4 6 3 6 7 5 1 4 5 2 9 3 8 5 3 9 0 9 1 6 6 7 7 6 7 6 1 7 2 10 2 0 8 7 9 3 7 9 2 2 6 1 5 4 7 4 8 6 6 3 0 0 4 1 4 0 4 10 6 8 6 3 6 1 7 6 3 8 8 7 0 6 0 8 8 6 2 2 7 2 5 8 4 2 9 4 5 0 7 7 7 5 4 2 2 7 7 6 7 1 3 6 6 5 4 6 4 4 8 3 8 8 8 7 5 6 6 0 4 3 2 9 10 8 3 11 10 7 8 1 10 2 3 4 6 6 2 9 5 5 3 3 2 5 6 4 4 0 1 3 0 9 0 1 8 3 9 1 0 7 4 4 3 1 3 6 3 8 2 1 7 8 0 5 7 7 6 0 0 5 2 6 3 0 4 3 2 7 6 0 2 6 7 4 3 6 7 3 10 0 6 9 2 5 7 6 6 3 4 3 1 5 9 4 5 4 3 4 3 7 8 6 2 7 4 1 9 8 0 3 1 5 2 6 6 2 6 6 6 8 4 2 1 6 1 4 6 7 5 3 9 4 4 3 3 9 6 0 8 10 0 4 3 8 4 5 2 6 1 11 2 1 2 5 1 9 4 2 4 8 5 4 1 5 2 8 8 
2 5 4 6 6 2 2 3 6 6 0 5 1 0 4 1 1 2 0 3 0 4 4 5 6 5 2 5 5 2 4 3 6 2 3 2 4 2 1 4 3 1 5 4 4 3 6 5 0 6 4 3 3 4 4 4 0 3 0 6 7 3 3 2 4 2 5 0 3 1 5 5 5 4 2 4 3 3 2 2 3 4 4 4 1 5 7 3 2 3 2 6 5 3 3 0 4 4 5 3 5 5 4 3 1 5 4 0 3 3 1 6 6 3 3 1 2 0 6 2 0 3 1 4 7 5 3 1 3 4 2 1 2 5 5 6 7 5 6 5 7 7 5 6 0 5 0 5 2 3 5 1 1 4 0 1 3 6 0 4 4 1 2 4 5 4 3 6 2 5 1 5 6 5 5 0 6 4 6 3 3 1 5 3 4 4 2 2 7 1 2 3 4 5 1 0 5 5 4 3 4 2 2 0 1 3 0 2 6 3 2 5 3 4 5 2 1 5 1 4 1 0 2 6 2 5 1 1 4 0 2 4 2 4 6 0 3 5 3 5 4 2 0 6 1 6 4 4 5 1 5 2 5 2 3 6 5 4 4 6 2 1 2 5 1 0 4 1 5 6 4 5 6 3 4 2 4 2 2 3 6 1 7 0 6 3 5 6 6 0 2 6 3 3 5 6 3 3 4 3 
43 57 63 53 67 73 43 65 63 53 45 16 66 35 29 18 74 27 61 25 53 26 62 41 41 67 58 12 68 28 36 39 56 54 23 39 17 47 70 23 64 27 75 32 16 42 30 27 42 22 38 54 30 57 41 15 39 47 59 51 14 31 44 55 41 59 69 17 17 30 62 37 62 29 46 58 59 47 28 33 39 30 46 40 73 67 70 24 37 61 65 19 56 16 41 29 16 64 19 28 37 63 26 21 63 51 74 71 34 58 45 30 55 44 34 71 55 54 31 60 53 72 68 54 38 71 48 63 44 12 19 15 53 30 20 48 60 15 42 61 60 41 65 58 16 32 27 49 75 16 73 42 32 63 61 25 49 43 50 48 63 35 17 27 54 34 55 37 50 32 27 30 59 58 30 47 61 36 45 18 42 25 67 36 17 61 32 27 26 50 23 38 55 30 71 39 37 30 39 38 16 24 36 24 46 26 51 21 9 36 62 76 61 57 63 69 23 31 51 68 30 57 44 72 60 48 64 19 54 62 52 63 45 35 63 23 52 22 61 30 63 19 76 54 16 66 32 41 23 56 50 26 59 32 49 16 36 45 58 49 74 63 63 24 44 43 65 71 53 23 60 25 22 41 48 59 24 31 47 64 54 69 36 72 19 28 33 45 48 19 42 46 35 31 40 41 51 69 56 66 
19 34 32 33 40 35 20 32 38 33 21 12 29 14 17 6 35 12 30 10 25 16 32 24 24 38 30 10 36 12 19 17 34 25 12 20 12 24 34 12 31 10 41 17 7 20 22 16 17 18 21 27 13 32 22 10 16 22 27 31 14 18 22 26 20 30 36 6 6 12 34 22 35 19 23 32 28 24 12 15 19 17 25 20 35 33 41 11 18 29 30 15 30 10 21 11 9 34 15 15 18 36 16 11 32 31 35 32 15 28 21 21 28 24 15 33 25 25 22 31 23 35 30 29 25 39 22 28 24 10 7 7 25 17 13 27 36 10 25 33 37 26 34 32 4 19 10 28 36 6 39 20 13 34 27 9 27 28 23 27 31 15 8 12 30 16 27 24 22 18 11 16 34 34 20 21 32 19 29 9 21 12 35 17 10 30 13 12 20 24 10 18 30 17 35 16 18 20 22 19 10 10 16 8 22 15 24 9 11 19 28 41 29 32 34 32 9 19 24 37 11 26 19 38 31 26 29 7 31 27 28 33 21 19 38 7 27 15 28 17 33 8 34 29 7 36 20 24 14 27 29 11 33 16 23 10 22 22 32 31 36 29 30 15 19 19 34 32 30 18 30 16 14 18 27 28 14 15 21 30 33 32 22 32 11 11 21 23 28 6 18 27 18 18 24 21 27 34 30 33 
6 6 1 6 6 4 3 2 6 6 2 5 4 3 2 4 3 2 1 6 1 5 7 2 8 3 1 7 1 6 1 6 5 4 0 0 3 1 2 7 4 4 2 7 7 3 6 2 3 6 1 6 7 3 6 4 4 5 3 4 7 2 5 6 7 3 8 3 6 4 1 4 3 4 5 3 7 0 5 5 2 1 1 8 2 8 6 3 1 6 6 6 8 3 0 4 7 1 6 3 8 3 2 0 0 6 7 4 4 4 3 6 9 5 5 3 4 3 6 3 4 3 4 1 6 3 5 4 1 3 5 3 4 8 2 2 6 7 3 2 6 6 8 3 3 7 3 4 3 6 1 3 3 6 3 4 4 6 3 5 7 5 4 7 2 7 6 5 5 1 5 8 4 6 6 3 9 6 6 5 0 3 8 5 1 8 5 3 6 3 6 7 4 7 1 3 8 6 5 6 1 5 6 4 2 1 1 4 6 0 6 2 7 3 2 6 4 3 2 3 4 3 6 9 1 1 3 4 5 3 3 5 2 0 6 4 1 6 7 1 0 5 3 9 2 8 3 3 7 2 5 4 3 4 6 9 5 6 5 6 1 3 4 2 4 4 5 5 2 6 7 2 2 7 5 4 1 3 4 7 7 4 3 3 8 6 6 9 3 3 6 7 1 4 6 9 1 6 1 1 
39 61 59 57 72 69 38 61 67 58 40 17 62 30 28 13 69 22 57 21 49 25 61 39 42 67 55 13 65 24 33 35 59 49 19 35 16 43 65 21 59 23 73 31 14 37 34 25 37 26 35 52 26 56 40 13 34 42 54 52 18 29 41 52 38 55 68 12 13 26 59 36 62 30 43 58 56 43 23 29 34 27 43 38 68 64 72 19 33 58 61 22 55 13 37 24 15 61 23 25 34 63 24 17 59 55 70 67 29 53 40 32 53 43 29 66 50 49 36 58 48 67 63 51 41 70 43 58 41 12 16 10 49 30 18 46 62 15 40 58 64 43 64 56 12 33 23 48 70 12 70 37 27 62 56 20 47 48 45 47 60 31 12 24 52 32 52 38 46 29 23 29 59 60 32 42 59 34 50 15 38 21 66 32 14 58 27 23 30 46 20 35 54 29 66 34 34 33 39 36 13 19 32 19 42 23 47 17 13 33 58 74 58 56 60 65 18 31 46 66 25 52 39 71 56 45 59 14 56 57 50 61 40 32 68 18 48 24 58 27 60 16 71 53 11 66 32 40 23 52 51 21 58 28 46 15 37 42 58 54 69 58 58 23 39 39 63 67 52 27 57 23 19 37 48 55 21 26 42 60 58 65 34 68 18 24 35 43 47 14 37 47 31 29 40 39 49 66 54 62 
6 5 2 5 5 4 4 3 5 5 3 4 4 4 1 4 4 3 0 6 1 4 6 2 7 3 0 6 1 6 2 6 4 5 1 1 3 1 2 6 5 4 2 6 7 4 5 1 4 5 1 5 7 2 6 3 4 6 3 4 6 1 5 5 7 2 7 4 6 4 2 3 2 3 4 2 7 1 5 4 2 0 0 8 2 8 5 4 1 5 6 5 7 2 0 4 6 1 5 2 8 2 1 1 0 5 7 3 5 5 4 5 9 4 6 3 5 3 5 2 4 4 4 0 5 2 6 4 0 2 5 3 4 7 1 2 5 6 3 2 5 5 8 2 4 6 4 3 4 5 1 3 3 5 3 4 3 5 3 4 7 4 4 7 1 7 6 4 5 2 4 8 3 5 5 2 9 5 5 4 1 3 7 5 0 7 5 4 5 3 5 7 3 7 2 3 8 5 4 5 1 5 6 4 2 0 1 4 5 0 6 2 7 3 1 6 5 2 2 2 4 3 6 9 0 1 4 5 4 4 2 5 3 0 5 4 0 5 7 1 1 5 4 8 2 8 3 2 7 3 4 5 2 3 5 8 4 6 4 5 2 4 4 2 4 4 5 5 2 5 7 2 2 6 5 4 0 3 5 7 6 4 3 3 8 6 5 9 2 3 6 6 2 3 5 9 1 5 0 1 
