50 
200 
458 2259
584 2594
126 1173
344 1991
331 1988
427 2175
375 2024
266 1667
200 1419
183 1438
65 913
523 2445
292 1844
178 1498
427 2114
349 2050
366 2074
680 2862
484 2308
122 1173
61 812
318 1947
440 2269
449 2210
602 2707
82 921
440 2295
480 2323
610 2632
436 2211
528 2452
488 2281
362 1950
309 1849
567 2478
327 1892
174 1413
475 2313
593 2522
130 1250
148 1340
104 1107
680 2880
676 2654
331 1959
558 2534
445 2321
536 2399
536 2540
488 2339
7 8 10 29 21 16 24 11 25 21 21 19 13 15 6 10 20 26 16 21 32 17 14 6 14 32 28 26 26 5 7 19 9 12 21 34 8 16 11 15 9 17 7 9 8 26 10 18 30 32 9 8 30 34 6 18 8 9 8 13 15 24 19 24 20 26 7 12 9 7 31 19 28 32 23 34 18 18 24 8 33 25 33 22 24 7 26 27 6 34 6 10 14 33 26 31 33 12 6 17 19 29 5 21 18 26 29 28 19 22 20 27 24 19 24 8 34 8 23 31 28 29 16 34 27 14 17 22 21 24 34 20 6 24 28 27 29 25 9 34 14 5 7 21 24 29 27 27 10 22 9 30 5 32 12 24 7 19 7 22 10 14 15 24 32 28 33 25 17 6 5 13 15 9 33 32 9 11 12 21 20 8 27 17 12 22 7 32 11 30 31 21 34 22 13 26 18 9 9 25 
5 2 3 3 8 7 6 4 4 3 4 3 7 2 6 1 1 5 1 3 2 2 3 1 6 1 4 3 5 4 4 1 2 7 3 4 7 4 2 1 4 3 4 2 4 3 2 1 2 1 2 0 2 1 3 7 0 1 2 4 1 4 0 4 3 3 4 1 1 2 0 3 4 1 7 2 1 1 7 4 4 4 0 1 7 1 4 0 1 0 5 3 2 0 6 2 4 2 7 4 6 2 3 0 2 4 0 4 3 4 8 1 2 3 3 1 1 1 3 6 2 2 7 3 2 4 4 3 4 1 1 5 1 6 1 2 3 2 1 5 3 3 1 2 1 3 2 2 6 0 3 4 6 7 0 4 0 4 0 2 3 1 4 4 3 1 1 6 7 3 2 5 0 4 4 6 1 2 7 0 4 1 2 2 7 3 2 7 3 6 3 7 8 5 3 4 4 7 5 3 
6 4 2 3 9 7 7 5 4 5 6 5 8 3 7 0 1 5 3 4 4 3 4 0 8 2 5 5 6 5 6 0 0 8 4 5 7 6 0 2 5 3 4 2 5 5 0 1 4 2 0 2 2 3 3 9 0 3 2 5 2 4 0 5 2 4 5 1 3 0 0 3 6 0 8 3 3 2 8 5 5 5 1 1 8 0 5 0 0 1 7 3 1 1 7 0 5 0 8 6 7 4 5 1 3 6 0 5 5 3 8 0 1 4 4 2 1 3 2 7 3 3 8 5 3 6 4 5 4 2 3 6 0 6 3 3 3 0 0 7 4 4 0 3 1 5 4 3 8 1 2 4 7 7 0 5 2 4 2 3 1 3 5 6 3 0 2 8 7 3 3 6 1 4 5 8 0 2 9 2 4 0 4 2 7 4 0 8 3 7 3 8 8 5 4 4 6 9 5 5 
18 17 22 60 48 37 52 24 52 45 45 40 32 31 16 21 40 55 33 44 67 36 30 14 33 66 59 54 56 15 17 39 21 29 44 70 21 35 24 30 20 35 17 22 19 56 22 39 62 64 20 16 63 68 14 42 17 18 18 31 30 51 40 51 42 57 17 24 18 15 62 40 59 66 52 71 39 36 53 20 69 52 67 46 54 16 54 56 14 68 16 22 30 67 56 65 69 26 18 37 42 61 13 43 36 56 58 62 40 47 46 56 50 40 49 16 69 18 48 66 58 61 37 71 57 33 37 47 44 49 70 44 14 52 57 56 60 52 19 72 29 13 16 43 51 60 55 58 26 45 20 62 15 69 24 53 15 41 15 44 22 30 32 52 65 57 69 56 39 16 13 29 31 21 69 69 19 25 30 43 42 17 57 38 29 48 17 69 24 64 64 48 74 47 29 54 39 24 21 53 
7 3 4 4 1 1 2 2 1 5 2 4 1 4 0 4 4 1 5 4 6 6 2 5 6 7 4 5 7 10 3 4 7 2 2 3 1 5 6 5 3 3 1 8 1 7 6 8 6 5 7 5 8 5 4 6 6 4 4 10 4 2 6 2 4 9 1 3 5 3 4 3 4 6 1 8 8 5 2 9 1 3 6 7 5 7 2 7 7 5 7 4 4 6 2 6 6 5 1 4 2 8 7 6 4 6 4 11 4 4 1 6 4 2 3 4 4 7 4 0 7 8 2 7 8 8 2 7 0 6 7 3 6 0 4 6 3 5 5 5 3 7 6 3 7 4 4 8 6 6 3 2 7 1 5 9 6 4 6 4 4 6 3 7 3 4 8 7 0 9 8 4 6 3 0 5 4 8 8 6 3 4 7 9 0 8 7 2 3 1 3 7 1 0 7 0 5 6 1 7 
5 0 2 1 5 4 3 1 1 3 2 2 5 1 3 1 0 2 2 2 3 3 1 2 6 3 3 3 5 6 3 1 4 5 1 2 4 4 2 1 2 0 2 5 2 4 3 4 3 1 3 1 5 1 2 6 2 1 2 6 1 2 3 2 2 6 1 0 1 1 0 1 3 2 4 5 4 1 4 5 1 2 2 3 5 3 2 3 3 1 5 2 2 2 4 3 4 2 5 3 4 4 4 2 1 4 0 7 2 2 5 2 2 1 1 0 1 3 2 3 3 4 4 4 4 5 2 4 1 3 3 3 3 3 1 3 1 2 2 4 1 4 2 0 4 2 2 5 6 2 2 1 5 4 1 6 2 3 2 1 2 3 2 4 0 1 4 6 4 5 4 3 2 2 2 5 2 4 7 2 1 1 4 5 4 5 3 4 1 4 1 6 5 2 4 1 4 6 2 4 
7 2 0 0 5 5 4 3 0 5 4 4 5 4 3 0 0 2 4 4 5 5 2 1 7 5 5 5 7 8 5 0 4 5 2 4 3 6 2 2 3 1 0 6 2 7 3 5 5 2 3 3 6 3 0 8 3 3 0 8 2 1 3 3 0 7 2 0 3 0 1 0 5 2 4 6 6 3 5 7 2 4 3 4 7 4 4 4 3 3 7 0 0 3 5 3 6 2 5 5 5 6 6 3 3 6 1 8 4 0 4 2 0 1 3 2 0 5 0 4 5 6 5 6 6 7 0 6 1 4 5 5 3 3 3 5 0 1 1 6 3 6 2 1 4 4 4 6 8 3 0 1 7 4 2 8 4 0 4 3 0 5 4 6 2 0 5 8 4 7 6 5 3 0 1 7 1 5 9 4 0 1 6 6 4 6 3 5 0 4 0 9 5 2 6 1 6 8 1 6 
5 6 7 7 11 9 8 7 8 5 6 5 10 4 9 5 5 8 2 5 3 3 7 5 7 2 6 4 4 1 6 5 4 10 7 6 10 4 5 4 6 6 8 2 8 2 5 3 3 5 5 2 2 4 7 8 2 3 6 0 5 8 2 7 6 0 8 4 4 5 4 7 6 5 11 1 1 4 10 1 7 6 1 3 7 4 6 3 4 2 5 7 6 4 8 5 4 5 10 5 8 1 2 3 5 4 4 1 6 8 11 5 6 7 5 5 5 2 6 9 2 1 9 3 1 3 8 1 8 3 2 6 4 9 3 2 7 5 4 6 6 1 4 6 3 5 4 1 6 4 7 7 6 11 3 1 3 8 3 5 6 2 5 4 6 5 2 6 10 1 1 6 4 8 8 7 5 2 6 3 7 5 1 2 10 1 5 9 7 9 7 6 11 9 2 7 4 8 8 2 
13 10 11 30 25 19 27 13 24 25 24 23 17 18 8 12 21 27 20 24 37 22 15 9 20 38 32 30 33 14 11 20 14 16 22 37 10 21 14 18 12 18 7 16 8 32 14 24 35 35 13 11 36 37 8 25 12 12 10 22 18 24 23 26 22 34 7 13 12 8 33 20 32 35 26 41 24 21 27 16 34 28 37 27 30 12 28 32 10 37 12 12 16 37 29 35 39 15 9 21 22 35 11 25 20 32 31 37 22 24 23 31 26 20 26 11 36 14 25 33 33 35 20 40 33 21 18 28 20 29 40 24 10 25 31 32 30 28 11 39 16 11 10 22 29 33 30 34 17 26 10 30 12 34 15 32 11 21 11 25 12 19 18 30 33 29 39 32 19 13 11 17 19 10 33 38 11 17 20 25 20 10 33 24 14 29 12 36 12 33 32 29 37 22 19 25 23 16 9 31 
20 18 20 58 47 36 52 24 50 46 46 42 31 33 15 20 40 54 35 45 69 38 30 13 35 68 60 56 59 17 18 38 22 29 43 71 19 37 24 32 21 34 15 23 17 58 23 40 65 66 21 19 65 71 12 44 19 20 17 34 32 49 41 51 40 59 15 24 21 14 63 38 61 66 50 74 41 38 53 23 68 54 69 48 55 18 55 57 15 70 19 21 28 68 56 65 72 26 17 39 42 64 16 45 38 58 58 64 41 45 44 56 48 39 50 18 68 21 46 65 61 63 37 74 59 35 35 50 43 52 73 45 15 51 59 58 58 52 19 74 30 16 16 42 52 62 57 60 27 47 18 61 17 68 25 55 17 39 17 46 20 32 34 54 65 56 71 58 38 18 15 31 33 19 67 70 19 27 32 45 40 17 59 40 28 50 17 69 22 64 62 50 73 46 32 53 41 25 19 56 
17 18 25 63 47 34 50 23 53 43 41 39 29 32 15 25 44 55 34 43 67 37 30 17 30 69 56 54 55 17 14 43 25 27 45 68 21 33 28 34 19 38 18 25 19 55 26 42 63 68 24 18 67 71 17 39 21 19 21 33 33 52 43 49 45 58 17 27 21 19 65 42 57 70 51 74 42 39 51 21 68 50 69 50 50 20 51 59 18 71 15 25 33 71 54 68 69 30 15 34 39 63 13 47 38 54 61 64 39 49 45 59 53 41 50 19 72 21 51 65 60 63 34 72 59 32 39 48 45 52 73 40 18 52 57 58 62 56 23 70 30 14 19 46 54 59 56 60 23 48 23 64 13 69 28 54 18 44 18 46 25 32 29 51 67 61 72 53 38 19 16 26 35 23 69 66 23 28 28 46 44 20 58 41 28 49 20 66 26 62 66 46 73 47 30 55 37 21 22 53 
35 35 41 117 88 68 100 47 99 89 88 81 56 64 26 41 82 106 69 89 134 74 58 26 64 134 117 110 112 29 33 77 41 53 86 140 34 70 47 64 40 70 27 43 33 111 44 78 126 131 40 36 127 140 26 80 37 40 33 61 63 97 81 99 81 113 29 50 40 29 127 77 117 131 95 143 79 76 100 40 134 104 137 94 103 33 108 113 28 140 32 42 57 136 108 128 139 51 28 74 80 123 27 89 75 111 118 122 80 89 83 112 97 78 99 35 138 38 93 127 118 123 69 143 115 64 68 95 84 101 142 85 28 98 116 114 117 103 38 143 59 27 31 86 102 121 112 115 48 93 36 121 28 130 51 105 33 77 33 92 41 62 64 103 130 113 139 108 71 32 27 57 64 36 132 135 38 51 57 89 81 34 115 75 51 96 32 133 45 124 125 93 140 88 59 104 78 44 36 107 
1 5 8 8 8 6 5 5 7 3 3 4 7 5 7 8 7 7 3 4 4 4 6 8 0 7 3 3 2 7 2 8 9 6 6 4 9 0 9 7 5 7 8 8 7 2 8 8 4 6 9 4 8 5 8 2 6 3 9 7 6 8 7 5 8 6 7 6 5 8 6 8 3 8 9 7 6 6 6 4 6 4 5 7 1 8 3 7 8 4 1 9 9 7 5 9 2 9 7 1 5 5 2 7 5 0 6 7 4 9 9 8 8 7 5 6 7 6 9 7 4 5 5 3 6 2 9 2 7 5 5 2 8 8 3 5 8 9 8 2 5 3 8 7 8 3 4 6 0 6 8 7 0 9 6 5 6 9 6 5 9 5 2 2 6 8 7 0 8 7 7 1 7 9 7 2 8 7 0 6 8 7 3 8 8 5 9 5 8 6 8 0 8 8 4 7 0 2 8 2 
7 11 16 35 28 21 28 14 30 22 22 20 19 17 12 15 24 31 16 22 33 19 18 12 16 36 29 26 27 10 8 24 15 17 25 37 15 16 17 19 11 22 13 14 13 27 16 23 32 36 15 9 35 37 12 21 12 10 14 18 19 29 23 27 26 30 12 16 12 12 34 24 29 38 30 38 22 21 29 11 37 27 35 27 26 12 28 32 12 36 7 16 20 38 30 37 33 18 12 17 23 32 6 25 21 26 33 34 21 28 28 32 30 23 27 11 39 11 29 36 30 32 21 35 31 15 23 23 26 27 37 22 11 30 28 29 34 31 14 35 17 6 12 26 29 30 29 31 12 26 15 35 6 39 16 28 10 26 10 24 16 17 16 24 36 33 37 27 23 11 9 14 19 15 38 34 14 16 14 24 25 13 28 22 19 25 13 36 16 35 37 23 41 28 15 31 18 12 15 26 
16 14 11 32 30 25 32 18 29 29 29 26 22 21 13 9 22 32 22 28 39 24 20 5 25 37 36 34 35 13 15 18 12 21 26 41 15 25 11 19 16 21 11 14 14 34 12 22 37 36 11 13 35 39 9 30 11 15 9 21 20 29 22 31 21 34 13 15 14 5 34 23 36 33 31 40 24 23 33 17 39 33 37 26 35 10 33 31 7 39 16 13 13 37 35 31 41 12 15 26 28 36 13 25 24 35 32 36 26 25 28 30 25 24 30 13 36 14 23 39 35 36 25 42 33 23 20 30 26 30 40 29 9 31 34 33 33 23 8 43 20 13 8 25 28 36 33 34 21 27 9 35 15 39 15 33 12 22 12 28 10 20 22 33 37 26 39 36 25 13 11 22 19 13 38 42 8 16 24 26 24 10 34 22 20 29 9 41 15 38 35 32 43 28 21 31 27 20 14 33 
1 3 6 6 6 4 3 3 5 0 0 1 5 2 5 5 4 4 1 1 2 2 3 6 2 5 1 1 2 6 0 5 7 4 4 2 6 0 6 4 2 4 5 6 4 2 6 6 2 4 6 2 6 3 6 3 4 1 6 6 4 5 5 3 6 5 4 4 3 5 3 5 0 6 6 5 5 3 4 4 4 1 3 5 2 6 1 5 6 2 1 6 6 5 3 7 1 6 5 0 3 4 2 5 3 0 4 7 1 6 7 6 6 4 3 4 5 4 6 4 3 4 4 2 5 2 6 2 4 3 4 1 6 6 1 3 5 6 5 0 3 2 6 4 6 1 2 5 2 4 6 5 1 7 4 5 3 7 4 3 6 3 0 1 3 5 5 2 5 6 5 0 5 6 4 1 5 5 2 3 5 5 2 6 6 4 7 3 5 4 5 2 6 5 3 4 0 2 5 2 
5 5 5 6 10 9 8 6 7 5 6 5 10 4 9 4 4 7 2 5 3 2 6 3 7 1 5 4 4 1 6 4 3 9 6 6 9 4 4 3 6 5 7 1 7 3 4 1 3 4 4 2 1 3 6 8 1 3 5 1 4 7 1 6 5 1 7 3 3 4 2 6 5 3 10 0 0 3 9 2 7 6 1 2 7 2 6 2 3 1 5 6 5 3 8 3 4 4 9 5 8 1 3 2 4 5 3 2 5 6 10 4 5 6 5 4 4 1 5 8 2 1 9 3 0 4 7 2 7 2 1 6 3 9 2 2 6 4 3 6 5 2 3 5 2 5 4 0 7 2 5 7 6 10 2 2 2 7 2 4 5 2 5 4 5 4 0 7 9 0 0 6 3 7 7 7 3 0 7 2 6 3 1 1 10 1 4 9 6 8 6 7 10 8 2 6 4 8 8 3 
4 1 3 3 7 5 4 2 3 2 3 2 6 1 5 2 1 3 0 2 2 1 2 2 5 2 2 2 4 5 3 2 3 6 2 3 5 3 3 0 2 2 3 3 3 3 2 3 2 0 2 0 3 0 3 6 1 0 2 5 0 3 2 3 2 4 3 0 0 2 0 2 3 2 6 3 3 0 6 4 3 2 0 2 5 2 3 2 3 0 4 3 2 1 4 3 3 2 6 3 4 3 3 1 1 4 0 6 2 3 6 2 2 2 1 0 1 2 3 4 2 3 5 3 3 4 4 3 3 1 2 4 2 5 0 2 2 2 2 4 1 3 2 2 2 2 1 3 5 1 3 3 5 6 0 5 0 4 1 0 3 1 2 3 1 2 3 6 5 4 3 3 1 3 3 5 2 3 6 1 3 1 2 3 6 3 3 5 2 5 2 6 6 4 3 3 3 6 4 3 
3 5 8 7 6 4 3 4 6 3 1 3 4 4 5 7 6 5 4 4 5 5 5 8 0 8 3 3 4 9 0 7 9 3 5 3 6 1 9 6 4 6 6 9 5 4 9 8 5 6 9 4 9 5 8 0 7 3 8 9 6 6 8 4 8 8 5 6 5 7 6 7 2 8 6 8 7 6 4 6 5 3 6 8 0 8 1 8 9 5 3 8 8 7 3 9 4 8 4 0 3 6 4 7 5 2 6 9 3 8 7 8 8 6 4 6 7 7 8 4 5 7 3 5 7 4 7 5 5 6 7 0 8 6 3 6 7 8 8 2 5 5 8 6 8 3 4 8 1 7 7 6 2 7 6 7 6 8 6 5 8 6 1 4 5 7 8 2 5 9 8 0 7 7 5 0 8 8 2 6 7 7 5 9 6 7 9 3 7 4 7 2 6 6 5 5 1 0 6 4 
5 6 7 8 12 10 9 7 8 5 7 6 11 5 10 5 5 8 3 6 3 3 7 5 7 3 6 5 4 0 6 6 5 10 7 7 11 5 6 5 7 7 9 2 8 2 5 3 3 5 5 3 3 5 7 8 2 4 7 0 5 8 3 8 7 0 8 5 5 6 4 7 6 5 11 2 2 5 10 2 8 7 2 3 7 4 7 4 5 3 5 8 7 5 9 5 4 6 11 6 9 2 2 4 6 5 5 0 6 8 12 6 7 7 6 5 6 2 7 9 3 2 10 3 2 4 9 2 8 3 2 7 5 10 3 3 7 5 5 6 6 1 5 7 4 6 5 1 7 4 7 8 6 11 4 1 4 9 4 5 7 3 6 4 7 5 2 7 10 1 2 6 4 9 8 8 5 2 7 4 8 5 1 2 11 1 6 9 8 10 8 7 11 9 3 8 5 8 9 2 
19 17 22 60 48 37 52 24 52 45 45 41 32 32 16 21 40 55 34 44 67 36 30 13 34 67 59 55 57 16 18 39 21 30 43 71 21 36 24 30 20 35 16 22 18 56 22 39 63 64 20 17 64 69 13 43 17 19 17 32 30 50 40 51 41 57 16 23 19 15 61 39 60 65 51 72 39 37 53 21 68 53 67 47 54 16 55 56 14 69 17 22 29 67 56 64 70 26 18 38 42 62 14 44 37 57 57 62 41 46 46 55 49 39 49 16 68 19 48 66 59 62 37 72 57 33 36 48 44 50 71 44 14 52 57 57 59 52 19 73 29 14 15 43 51 61 56 58 26 45 19 62 16 69 24 54 15 41 15 45 22 30 33 52 65 57 69 56 39 17 14 30 31 21 68 70 19 25 31 43 42 16 57 38 29 48 16 69 23 65 63 49 74 47 30 54 40 25 21 54 
38 43 55 150 114 87 126 59 131 107 109 98 73 77 37 54 103 136 80 108 161 86 75 34 75 162 143 132 132 28 39 99 49 67 110 174 48 82 60 78 49 89 41 47 46 131 54 93 150 163 49 40 153 172 35 96 41 46 45 67 78 126 97 125 105 132 41 63 47 39 157 100 143 164 123 172 91 92 127 41 170 129 165 113 125 38 134 138 34 170 33 55 75 168 136 159 167 64 38 88 101 145 26 108 93 133 148 143 98 116 109 139 125 100 123 43 174 41 120 162 140 145 87 171 136 72 91 110 111 121 170 104 34 127 140 135 150 129 49 174 73 25 39 109 123 148 137 136 55 112 50 156 29 168 62 122 37 101 37 113 55 71 78 122 164 144 167 130 93 32 27 69 78 51 171 165 49 57 65 107 105 43 135 87 68 111 40 167 60 157 160 110 179 117 65 135 92 51 52 126 
3 0 3 3 5 4 3 1 2 2 2 1 5 0 4 2 1 2 1 1 2 2 1 3 4 3 1 2 4 6 2 2 4 4 1 1 5 3 3 1 1 2 3 4 2 3 3 4 2 1 4 0 4 1 3 5 2 0 3 6 1 2 3 2 3 5 2 1 1 2 1 2 2 3 5 4 4 1 4 5 2 1 1 4 4 3 1 3 4 1 4 3 3 2 3 4 3 3 5 2 3 3 3 3 0 3 1 6 1 3 5 3 3 1 0 1 2 3 3 3 2 3 4 3 4 4 3 3 2 2 3 2 3 4 0 2 2 3 3 3 0 3 3 2 4 1 0 4 5 2 3 2 4 5 1 5 2 4 2 0 3 2 1 3 1 2 4 5 4 5 4 2 2 3 2 4 3 4 5 2 2 2 3 5 5 4 4 4 2 4 2 5 5 3 3 2 2 5 3 3 
1 5 8 8 9 7 6 5 7 3 3 3 8 4 8 7 6 7 2 3 2 3 6 7 2 5 3 2 0 5 3 7 7 7 6 5 9 0 7 5 4 6 8 6 7 0 7 6 3 5 7 2 6 4 8 4 4 2 8 5 5 7 5 5 8 4 7 5 4 7 5 7 3 7 9 5 4 5 7 2 6 4 3 6 3 6 4 6 7 3 1 8 8 6 6 8 1 7 8 2 6 3 0 6 5 0 5 5 4 8 9 7 7 6 5 5 6 4 8 7 3 3 6 2 4 0 8 0 7 4 4 3 7 8 2 3 7 7 7 2 5 0 7 6 6 3 4 4 2 5 8 7 2 9 5 3 4 9 4 4 8 4 3 1 6 7 5 2 8 5 5 2 6 8 7 3 7 5 2 4 7 6 1 6 9 3 8 6 7 7 7 2 9 8 2 7 0 3 8 0 
5 4 5 5 10 8 7 5 6 4 5 4 9 3 8 3 3 6 1 4 2 2 5 3 7 0 5 4 4 2 5 3 3 8 5 5 9 4 3 3 5 4 6 1 6 3 3 1 2 3 3 1 1 3 5 8 0 2 4 2 3 6 1 6 4 2 6 3 3 3 2 5 5 3 9 0 0 3 9 2 6 5 0 1 7 2 5 2 2 1 5 5 4 2 7 3 4 3 9 5 7 1 3 2 4 4 2 3 5 6 9 3 4 5 4 3 3 0 4 7 2 1 8 3 0 4 6 2 6 1 1 6 2 8 2 2 5 3 2 5 4 2 2 4 1 4 3 0 7 2 5 6 6 9 1 2 2 6 2 3 4 1 5 4 4 3 0 6 8 1 0 5 2 6 6 7 3 0 7 2 5 3 1 1 9 1 3 8 5 8 5 7 9 7 2 6 4 7 7 2 
6 4 5 5 2 0 1 3 3 5 1 4 0 5 2 5 5 2 5 4 6 6 3 7 4 8 4 5 7 11 2 5 9 0 3 3 2 4 7 6 3 5 3 9 3 7 8 9 6 6 8 5 9 5 6 5 7 4 6 10 5 4 7 2 6 10 3 5 5 5 5 5 4 7 2 9 8 5 0 9 3 3 6 8 4 8 1 8 8 5 6 6 6 7 1 8 6 7 0 3 1 8 6 7 4 5 5 11 3 6 2 7 6 4 4 5 5 8 5 1 7 8 0 7 8 7 4 7 2 7 8 2 8 2 4 7 5 7 6 5 4 7 7 5 8 4 5 9 5 7 5 4 6 3 6 10 6 6 6 5 5 7 2 6 4 5 9 6 1 10 9 2 7 5 1 4 6 9 6 6 4 6 7 9 2 8 8 1 5 0 5 6 2 2 7 2 4 5 3 6 
35 35 43 119 86 66 98 46 100 89 87 80 54 64 24 44 83 105 69 88 134 74 58 29 62 135 116 109 111 30 32 79 43 50 86 139 32 70 49 65 39 71 29 44 33 111 46 80 126 133 42 37 128 141 28 78 38 40 36 62 64 98 82 98 83 113 29 51 41 31 128 79 117 133 93 144 80 77 98 41 133 104 138 95 102 35 106 115 30 141 31 44 59 138 106 130 139 53 26 73 78 124 27 90 76 110 120 123 80 92 81 114 100 78 99 36 140 39 95 125 119 124 67 143 116 64 70 95 84 102 143 83 30 96 116 114 119 105 40 142 59 27 33 87 103 121 113 116 47 94 39 122 27 129 53 106 34 80 34 92 43 62 63 103 131 115 140 107 68 33 28 56 66 38 131 133 40 52 56 90 82 36 115 77 48 96 35 131 47 121 127 92 137 87 59 104 77 42 36 107 
6 5 4 5 10 9 8 6 6 5 6 5 10 4 8 2 3 7 3 5 4 3 6 2 8 1 6 5 6 3 6 2 1 9 5 6 9 6 2 3 6 5 6 0 6 4 2 0 3 3 2 2 0 3 5 9 0 3 4 3 3 6 0 6 4 3 6 2 3 2 2 5 6 2 9 1 1 3 9 4 6 6 1 0 8 1 6 1 1 1 6 5 3 2 8 2 5 2 9 6 8 3 4 1 4 6 2 3 6 5 10 2 3 5 5 4 3 2 4 8 3 2 9 4 1 5 6 4 6 2 2 7 2 8 3 3 5 2 1 7 5 3 1 4 0 5 4 2 8 2 4 6 7 9 1 4 2 6 2 4 4 2 6 5 5 2 1 8 9 1 1 7 2 6 6 8 2 0 8 2 5 2 3 0 9 3 2 9 5 8 5 8 10 7 4 6 5 9 7 4 
3 5 6 7 10 8 7 6 7 4 5 4 9 4 8 5 5 7 1 4 2 2 6 5 5 2 4 3 3 2 5 5 5 8 6 5 9 3 5 4 5 6 7 2 7 1 5 3 2 4 5 1 3 3 6 7 2 2 6 1 4 7 3 6 6 1 7 4 4 5 3 6 4 5 10 2 1 4 9 0 7 5 1 3 6 4 5 4 4 1 4 7 6 4 7 5 2 5 9 4 7 0 1 3 4 3 4 2 5 7 10 5 6 6 5 4 5 1 6 8 2 1 8 1 1 2 8 0 7 2 1 5 4 9 2 2 6 5 4 4 5 0 4 6 3 4 4 1 5 3 6 7 5 10 3 0 3 8 3 4 6 2 4 2 5 5 2 5 9 2 2 5 4 8 7 6 5 2 5 3 7 4 0 2 9 0 5 8 6 8 7 5 10 8 1 7 3 6 8 1 
3 3 5 5 8 7 6 4 5 2 4 3 8 2 7 3 3 5 0 2 1 0 4 4 5 2 3 2 3 3 4 3 4 7 4 4 8 2 4 2 3 4 6 2 5 1 4 2 0 2 4 0 3 2 5 6 1 1 5 3 2 5 2 4 5 2 5 2 2 4 2 5 3 4 8 2 1 2 7 2 5 3 0 2 5 3 4 2 3 0 3 5 5 3 6 4 2 4 7 3 6 0 1 2 3 3 2 4 3 6 8 4 4 4 3 2 3 0 5 6 0 0 7 1 1 2 6 1 5 0 0 4 3 7 0 0 4 4 3 4 3 1 3 4 3 2 2 1 5 2 5 5 4 8 2 2 1 6 1 2 5 0 3 2 4 4 1 5 7 2 2 4 2 6 5 5 3 2 5 1 5 3 0 2 8 1 4 6 5 6 5 5 8 6 1 5 2 6 6 1 
3 1 4 4 5 3 2 1 3 1 0 0 4 1 4 4 3 2 1 0 2 2 2 4 3 4 0 1 3 6 1 3 5 4 2 1 5 1 5 3 0 3 4 5 3 3 5 5 2 2 5 1 5 2 4 4 3 0 4 6 2 3 4 1 4 5 3 2 2 4 2 3 1 4 5 5 4 2 4 4 2 0 2 5 3 5 0 4 5 1 3 4 4 4 3 5 2 5 4 1 2 4 3 4 1 2 2 7 0 5 5 4 4 2 1 2 3 4 4 3 3 4 3 3 4 3 4 3 3 3 3 1 4 4 0 2 3 5 4 2 1 3 4 3 5 0 1 5 3 3 4 3 3 5 3 5 2 5 3 1 4 3 0 2 2 4 4 4 4 6 5 1 3 4 3 3 4 5 4 2 3 3 3 5 5 4 5 3 3 3 4 4 5 3 3 3 1 4 4 2 
6 2 1 1 4 4 3 2 0 4 3 4 4 3 2 1 1 1 4 3 5 5 1 2 7 5 4 5 7 8 4 1 5 4 1 3 3 5 3 3 3 1 0 6 1 6 4 5 5 2 4 3 6 3 1 7 4 3 1 8 2 0 4 2 1 8 1 1 3 1 2 0 4 3 3 6 6 3 4 7 1 3 4 5 6 4 3 4 4 3 7 1 1 3 4 4 6 2 4 5 4 6 6 4 2 6 1 9 3 1 4 3 1 1 2 2 1 5 1 3 5 6 4 6 6 7 0 6 0 4 5 4 4 2 3 5 0 2 2 6 2 6 3 1 5 4 3 6 7 4 0 0 7 3 2 8 4 1 4 3 1 5 3 6 1 1 6 7 3 7 6 4 3 0 0 6 1 6 8 4 0 1 6 6 3 7 4 4 0 3 0 8 4 1 6 0 5 7 1 6 
4 1 4 4 4 2 1 0 2 2 0 1 3 2 2 4 3 1 2 2 4 4 1 5 4 5 1 2 4 8 1 4 6 2 1 0 3 3 5 3 0 3 3 7 2 4 5 6 4 3 6 2 7 3 4 4 4 1 4 8 3 2 5 0 4 7 2 2 3 4 3 3 2 5 4 6 6 3 2 6 1 1 4 6 3 6 0 5 6 3 4 4 4 4 1 6 4 5 3 2 1 5 4 5 2 3 3 8 1 4 4 5 4 2 1 3 3 5 4 1 4 5 2 4 6 5 4 5 1 4 5 1 5 3 2 4 3 5 4 3 1 5 5 3 6 2 2 6 4 4 4 2 4 4 3 7 4 4 4 2 4 4 0 4 2 4 6 5 3 7 6 1 4 3 1 3 4 6 5 4 3 4 4 7 3 6 6 2 3 1 3 5 4 2 5 1 2 4 2 4 
0 4 7 7 8 6 5 4 6 2 3 2 7 3 7 6 5 6 1 3 2 2 5 6 2 5 2 2 0 5 2 6 7 6 5 4 8 0 7 5 4 6 7 5 6 0 6 5 2 5 7 2 5 4 7 4 4 2 7 5 4 7 5 5 7 4 6 5 4 6 4 6 2 6 8 4 4 4 6 2 6 3 3 5 3 6 3 5 6 2 0 7 7 5 5 7 0 7 7 1 5 3 0 5 4 0 5 5 3 7 9 6 7 6 4 4 6 3 7 6 2 3 6 1 4 0 8 0 6 3 3 3 6 7 1 2 6 7 6 1 4 0 6 6 6 2 3 4 2 4 7 6 1 9 4 3 4 8 4 3 7 3 2 0 5 6 4 2 7 5 4 2 5 7 6 3 6 5 2 4 6 5 1 5 8 3 7 6 6 6 7 2 8 7 1 6 0 3 7 0 
14 12 14 33 22 17 26 14 26 26 24 23 14 20 6 14 24 27 21 26 39 23 17 11 20 40 32 31 34 15 11 23 17 14 24 37 8 22 17 20 12 21 8 18 10 34 17 26 37 37 16 13 39 39 10 24 14 13 12 23 20 26 26 26 24 36 9 16 14 11 35 22 33 38 23 43 26 23 26 17 35 29 39 30 30 14 28 34 13 39 13 14 18 39 28 38 40 18 7 22 21 37 12 28 22 32 33 39 23 26 21 33 28 22 28 13 38 16 27 32 35 37 18 41 35 22 19 30 21 31 41 23 13 24 33 34 32 31 14 40 18 13 13 25 32 34 32 36 16 28 12 32 12 33 17 34 13 23 13 27 14 21 18 31 35 32 41 32 17 16 13 17 21 12 33 37 14 19 20 27 23 13 34 26 12 31 14 34 14 31 35 29 35 22 21 26 23 15 9 32 
5 0 2 2 5 3 3 1 1 3 2 2 4 1 3 2 1 1 2 2 3 3 0 3 5 4 2 3 5 7 3 2 4 4 0 1 4 4 3 2 1 1 2 5 1 4 3 4 3 1 4 1 5 1 2 6 3 1 2 7 1 1 3 1 2 6 1 0 1 2 1 1 3 3 4 5 4 1 4 6 1 2 2 4 5 4 1 3 4 1 5 2 2 3 3 4 4 3 4 3 3 4 4 3 1 4 1 7 2 2 4 3 2 0 0 1 1 4 2 3 3 4 4 4 4 5 2 4 1 3 4 3 3 3 1 3 1 3 2 4 0 4 3 1 4 2 1 5 5 2 2 1 5 4 2 6 2 3 2 1 2 3 2 4 0 2 5 6 3 6 5 3 3 2 1 4 2 5 6 2 1 2 4 5 4 5 4 4 1 3 2 6 4 2 4 1 3 5 2 4 
10 10 15 33 26 19 26 12 28 22 20 19 17 17 10 14 23 29 17 22 35 20 16 11 16 37 28 27 29 12 7 23 15 15 23 34 13 17 17 18 10 20 11 15 11 29 16 24 33 35 15 10 36 37 11 21 12 10 13 20 18 28 24 25 25 32 10 15 12 11 34 23 28 37 28 40 23 21 27 13 35 25 36 27 26 13 25 32 12 36 9 15 19 38 28 37 36 17 10 18 21 33 8 26 20 28 32 36 19 27 25 32 29 22 25 11 38 12 28 34 31 34 18 37 32 18 22 25 24 28 38 20 11 28 29 30 33 31 14 36 16 8 12 24 30 30 29 32 13 26 14 33 8 37 16 30 10 24 11 24 15 18 14 27 34 32 38 28 21 12 11 13 19 14 35 34 14 17 16 24 24 12 30 23 16 27 13 34 15 33 35 25 39 25 17 29 19 12 13 28 
19 22 27 66 53 41 56 29 58 47 48 43 36 35 22 25 45 60 34 47 67 37 35 17 35 67 62 57 56 11 20 44 23 34 49 75 27 36 28 35 24 41 22 20 24 54 25 39 63 69 23 19 63 72 19 44 18 21 23 26 35 56 41 55 47 52 22 29 23 20 66 45 62 69 57 70 38 41 58 17 74 56 68 47 55 18 58 58 17 70 17 27 35 71 61 67 70 30 22 39 46 60 12 46 41 56 63 57 44 52 51 60 55 45 54 21 74 18 53 71 59 59 41 71 56 31 42 45 50 51 70 47 17 58 59 57 65 55 23 74 34 11 19 49 52 63 59 55 26 48 25 68 16 75 28 48 18 46 18 49 27 31 35 52 70 61 68 56 44 13 12 32 34 27 74 71 23 24 30 46 48 21 55 36 35 45 20 73 29 69 69 48 79 53 28 60 40 26 27 52 
2 3 6 6 8 6 5 4 5 2 3 2 7 2 7 4 4 5 0 2 0 1 4 5 4 3 2 1 1 4 3 4 5 6 4 3 8 1 5 3 3 4 6 4 5 0 5 4 0 3 5 0 4 2 6 5 2 0 5 3 3 6 3 4 5 3 5 3 2 5 3 5 2 5 8 3 2 2 7 2 5 3 1 4 4 4 3 4 5 1 2 6 5 4 5 5 1 5 7 2 5 1 0 3 3 1 3 4 3 6 8 5 5 5 3 3 4 2 6 6 1 1 6 0 2 1 6 0 5 2 1 3 4 7 0 1 5 5 4 2 3 0 4 4 4 2 2 2 4 3 6 5 3 8 3 2 2 7 2 2 6 1 2 1 4 4 3 3 7 3 3 3 3 6 5 4 4 3 4 2 5 4 0 4 8 2 5 6 5 6 5 4 8 6 0 5 1 5 6 0 
6 5 5 6 11 9 8 6 6 6 7 6 10 5 9 3 3 7 3 5 4 3 6 2 8 1 6 5 6 2 7 3 2 10 6 7 9 6 3 3 6 5 7 0 7 4 3 1 4 4 3 2 0 4 5 9 0 3 4 2 4 7 0 7 5 2 7 3 4 3 2 6 6 2 10 1 1 4 10 4 7 6 1 1 9 2 6 2 2 2 7 5 4 3 9 2 5 3 10 6 8 3 4 2 5 6 3 3 6 6 10 3 4 6 5 4 3 2 4 9 3 2 9 4 2 5 6 3 7 3 2 7 2 9 3 3 5 2 2 7 5 3 2 5 1 6 5 2 8 3 5 6 7 10 2 3 3 6 3 4 4 3 6 5 5 3 1 8 9 1 1 7 2 7 7 8 2 0 8 3 6 3 3 0 10 3 3 9 6 9 6 8 10 8 4 6 6 9 7 4 
17 20 26 64 52 40 55 27 57 45 46 42 35 33 20 25 44 59 33 46 65 36 34 17 33 66 60 55 54 12 18 43 23 32 47 73 25 34 27 34 23 39 21 21 23 52 25 39 61 68 23 17 63 71 18 42 18 20 22 28 34 55 41 54 46 53 20 28 21 19 65 44 60 69 55 70 38 39 56 16 72 54 67 47 53 18 56 58 17 69 15 26 34 70 59 67 68 29 21 37 45 58 10 45 40 55 62 59 42 51 50 59 54 44 52 20 73 17 52 69 57 59 40 69 55 30 41 44 48 50 69 45 16 56 57 55 64 55 22 72 32 10 18 47 51 61 57 55 25 47 24 66 14 73 27 49 16 45 17 48 26 30 34 50 69 61 68 55 43 14 12 30 33 25 73 69 23 24 29 44 46 20 53 37 33 44 19 71 28 67 68 47 77 51 27 58 38 24 25 50 
19 17 21 59 48 37 52 24 51 46 45 41 32 32 16 20 39 54 34 45 68 37 30 13 34 67 59 56 58 16 18 38 21 29 43 71 20 37 24 31 20 34 16 22 18 57 22 39 63 65 20 18 64 70 13 43 18 19 17 32 31 50 40 51 41 58 16 23 19 14 62 39 60 65 51 72 40 37 53 22 68 53 68 47 54 17 55 56 14 69 18 21 29 67 56 64 71 25 17 38 42 62 15 44 37 57 57 63 41 46 45 55 49 39 50 17 68 20 47 66 59 62 37 73 58 34 36 49 44 51 72 44 14 52 58 57 58 52 19 73 29 15 15 42 51 61 56 59 27 46 19 61 16 69 24 54 16 40 16 46 21 31 33 53 65 56 70 57 38 17 14 30 32 20 68 70 19 26 31 44 41 16 58 38 29 49 16 69 23 64 63 49 73 47 31 53 40 25 20 55 
21 29 37 94 72 54 78 38 82 65 66 60 46 49 25 37 66 84 50 66 98 54 48 25 44 101 87 80 78 20 23 64 34 42 69 106 33 48 40 50 31 57 28 33 30 78 37 60 93 101 34 26 96 106 25 57 29 29 32 44 50 79 62 77 67 82 27 41 31 28 98 64 87 103 78 107 59 58 79 27 105 78 102 72 74 27 81 87 25 105 18 38 50 105 84 101 100 43 25 52 62 90 15 69 58 77 92 90 60 74 69 88 79 63 76 29 108 28 77 100 87 91 54 104 85 43 59 67 69 76 106 63 25 80 86 84 94 82 34 104 46 16 28 69 78 90 84 85 32 71 34 97 16 105 41 76 25 65 25 70 38 46 47 73 101 91 104 76 59 23 20 41 50 35 105 99 34 38 38 67 67 30 82 57 44 69 29 102 40 96 100 65 111 73 41 84 54 30 35 75 
5 6 7 7 11 9 8 7 8 5 6 5 10 5 10 5 5 8 2 5 3 3 7 5 7 2 6 5 4 0 6 5 5 10 7 7 10 4 5 5 6 6 8 2 8 2 5 3 3 5 5 2 2 4 7 8 2 3 6 0 5 8 3 7 7 0 8 5 4 5 4 7 6 5 11 1 2 5 10 2 8 6 2 3 7 4 6 4 4 2 5 7 6 4 9 5 4 5 10 5 8 2 2 4 5 4 4 1 6 8 11 5 6 7 6 5 5 2 7 9 3 1 9 3 1 4 8 1 8 3 2 7 5 10 3 3 7 5 4 6 6 1 4 6 3 5 5 1 7 4 7 8 6 11 3 1 3 8 3 5 6 3 6 4 6 5 2 6 10 1 1 6 4 8 8 7 5 2 7 3 7 5 1 2 11 1 5 9 7 9 7 7 11 9 2 8 4 8 9 2 
6 4 5 5 1 0 1 2 2 4 1 4 0 5 1 5 5 2 5 4 6 6 3 6 4 8 4 5 7 10 2 5 8 0 3 3 2 4 7 6 3 4 3 9 3 7 7 8 6 5 8 5 9 5 5 5 7 4 6 10 5 3 7 2 5 9 3 4 5 5 5 4 4 7 2 9 8 5 0 9 2 3 6 8 4 8 1 7 8 5 6 6 5 7 1 8 6 7 0 3 1 8 6 7 4 5 5 11 3 5 2 7 6 3 4 5 5 7 5 1 7 8 1 7 8 7 4 7 2 7 7 2 7 2 4 7 4 7 6 5 4 7 7 5 8 4 5 9 5 6 4 3 6 3 6 9 6 6 6 5 5 7 2 6 4 5 8 6 1 10 9 2 7 4 1 4 6 9 6 6 4 5 7 9 2 8 8 1 4 0 5 6 1 2 7 2 4 5 2 6 
5 4 5 5 2 0 0 2 3 4 1 3 1 4 2 5 5 2 4 4 6 6 3 6 3 8 3 4 6 10 1 5 8 0 3 2 3 4 7 6 3 5 4 9 3 6 8 8 6 5 8 4 9 5 6 4 7 3 6 10 5 4 7 2 6 9 3 5 5 5 5 5 3 7 3 8 8 5 0 8 3 3 6 8 3 8 0 7 8 5 5 6 6 7 0 8 5 7 1 2 0 7 6 7 4 4 5 10 3 6 3 7 6 4 3 5 5 7 6 1 6 7 0 6 8 6 5 6 2 6 7 1 7 3 4 6 5 7 6 4 3 6 7 5 8 4 4 8 4 6 5 4 5 3 6 9 6 6 6 4 6 6 1 5 4 5 8 5 2 9 8 2 7 5 2 3 6 8 6 6 4 6 6 9 3 8 8 0 5 1 5 5 2 2 6 2 3 4 3 6 
1 2 5 5 7 5 4 3 5 0 1 1 6 1 5 5 4 4 0 1 1 2 3 5 2 4 1 0 1 5 1 5 6 5 3 2 6 0 6 3 2 4 5 5 4 1 5 5 1 3 5 1 5 2 5 3 3 0 5 5 3 5 4 3 5 4 4 3 2 5 3 5 1 5 7 4 4 2 5 3 4 1 2 5 3 5 1 4 5 1 1 6 5 4 4 6 1 5 5 0 4 3 1 4 2 1 3 6 1 6 7 5 5 4 2 3 4 3 6 5 2 3 4 2 4 2 6 1 4 3 3 2 5 6 0 2 5 6 5 1 2 1 5 4 5 1 1 4 2 3 5 5 2 7 3 4 3 6 3 2 6 2 0 1 3 5 4 2 6 5 4 1 4 6 4 2 5 5 3 3 5 4 1 5 6 3 6 4 5 4 5 3 7 5 2 4 0 3 5 1 
8 5 5 5 0 2 3 4 2 6 3 5 1 6 1 5 5 3 6 6 8 8 4 6 6 9 5 6 8 12 4 5 9 2 4 4 1 6 7 6 4 5 2 10 3 8 8 9 8 6 8 6 10 6 5 7 8 5 5 12 6 3 8 3 5 11 3 5 6 5 6 5 6 7 0 10 9 6 2 10 3 5 7 9 6 9 3 8 8 6 8 6 5 7 3 8 8 7 1 5 3 9 8 8 5 7 5 12 5 5 0 7 5 4 5 6 5 9 5 2 8 9 3 8 9 9 3 9 1 8 9 4 8 1 6 8 5 7 6 7 5 9 7 5 9 6 6 10 7 7 4 4 8 1 6 11 7 5 7 6 5 8 4 8 5 5 9 8 0 11 10 4 7 4 1 6 6 10 8 7 4 6 8 10 0 10 8 3 5 2 5 8 0 1 9 2 6 7 1 8 
4 3 5 5 3 1 0 2 3 3 0 2 2 3 2 5 4 2 3 3 5 5 3 6 3 7 2 3 5 9 1 5 8 1 3 1 3 3 7 5 2 4 4 8 3 5 7 7 5 5 7 4 8 4 5 3 6 3 6 9 4 4 6 1 5 8 3 4 4 5 4 4 2 6 4 8 7 4 1 7 2 2 5 7 2 7 0 7 7 4 4 6 5 6 0 7 4 6 2 2 0 6 5 6 3 3 4 10 2 6 4 6 5 3 3 4 5 6 5 1 5 7 1 5 7 6 5 5 2 5 6 0 7 3 3 5 4 6 6 3 3 5 6 4 7 3 3 7 3 5 5 3 4 4 5 8 5 6 5 3 5 5 0 5 3 5 7 4 3 8 7 1 6 5 2 2 6 8 5 5 4 5 5 8 3 7 7 0 4 1 5 5 3 3 6 2 3 3 3 5 
8 4 4 4 1 2 3 3 1 6 4 5 2 5 1 4 4 2 6 5 7 7 3 5 7 8 5 6 8 11 4 4 8 3 3 4 0 6 6 6 4 4 1 9 2 8 7 8 7 6 7 6 9 6 5 7 7 5 4 11 5 2 7 3 4 10 2 4 6 4 5 4 6 6 0 9 9 6 2 10 2 5 7 8 6 8 3 7 7 6 8 5 4 7 3 7 8 6 2 5 3 9 8 7 5 7 4 12 5 4 0 6 4 3 4 5 4 8 4 2 8 9 3 8 9 9 2 8 0 7 8 4 7 1 5 7 4 6 5 7 4 8 6 4 8 6 6 9 7 7 3 3 8 0 6 11 7 4 7 5 4 7 4 8 4 4 9 8 0 10 9 5 7 3 0 6 5 9 9 7 3 5 8 10 0 9 7 3 4 2 4 9 1 0 8 1 6 7 0 8 
5 1 3 2 4 2 2 0 1 3 1 2 3 2 2 3 2 0 3 2 4 4 0 3 5 5 2 3 5 8 2 2 5 3 0 1 3 4 4 3 1 2 1 6 0 5 5 6 4 3 5 2 6 3 3 5 4 2 3 8 2 1 4 1 3 7 0 2 2 2 2 2 3 4 3 6 6 2 3 7 0 2 3 5 5 5 1 5 5 3 5 3 3 4 2 5 5 4 3 3 2 5 5 4 2 4 2 8 2 3 3 4 3 1 1 2 2 5 3 1 4 5 3 5 6 6 2 5 0 4 5 2 4 2 2 4 2 4 3 4 1 5 4 2 5 2 2 6 5 4 2 1 5 3 3 7 3 3 4 2 3 4 1 5 1 2 6 6 2 7 6 3 4 2 0 4 3 6 6 4 1 3 5 6 3 6 5 3 2 2 2 6 3 1 5 0 4 5 1 5 
