50 
200 
767 2934
178 1450
748 2798
560 2524
424 2295
690 2683
700 2726
366 2104
661 2736
48 754
111 1162
347 1980
410 2111
690 2881
202 1558
492 2353
424 2271
183 1477
48 826
487 2302
197 1558
420 2224
709 2910
613 2528
506 2404
193 1502
424 2303
434 2295
222 1657
106 1116
487 2478
405 2089
202 1553
106 1130
757 2926
695 2877
362 1982
120 1096
661 2835
617 2560
62 904
226 1577
135 1228
86 989
362 1928
381 2053
275 1770
502 2435
366 1935
164 1443
26 5 25 28 28 28 6 31 14 29 21 15 31 26 26 10 30 23 10 22 17 25 19 20 13 27 34 12 32 33 14 32 12 32 7 21 13 10 27 31 23 32 14 20 10 26 34 18 28 7 14 33 31 17 31 7 10 6 26 19 16 25 5 10 14 15 13 32 10 8 5 9 34 12 7 34 29 20 19 33 31 34 9 32 8 6 27 15 28 17 27 32 22 10 12 31 10 22 19 7 14 19 20 34 7 13 10 18 30 7 28 34 15 17 21 11 28 16 22 33 20 23 29 28 8 10 16 20 31 19 10 32 13 18 14 7 12 18 11 11 33 6 5 22 24 31 32 8 16 14 33 34 19 8 24 6 22 13 12 26 14 17 13 34 6 27 21 12 14 5 10 12 26 24 34 25 11 12 22 10 18 31 18 14 11 12 7 16 24 24 30 9 34 25 26 7 28 12 14 7 
7 5 8 4 1 2 2 5 2 8 3 11 3 5 5 10 3 9 4 1 1 4 4 4 7 3 3 4 3 7 11 4 1 8 7 1 8 1 7 5 3 9 9 8 8 2 10 0 3 5 1 4 8 9 11 6 5 6 2 1 3 7 4 1 6 4 4 3 2 8 9 7 10 5 8 3 3 8 3 7 2 7 4 1 2 1 1 8 3 4 1 8 4 8 4 3 8 10 5 9 9 4 2 2 9 9 5 7 7 3 11 3 9 5 8 3 8 4 4 7 3 9 7 7 3 3 7 5 5 5 4 2 8 2 3 8 5 10 8 7 8 1 5 4 4 2 4 3 1 7 8 6 5 5 6 5 8 3 9 11 2 1 4 1 2 1 6 8 4 7 3 5 2 6 1 8 10 3 7 6 8 2 1 4 6 9 3 9 8 8 2 2 1 7 5 4 5 4 0 8 
60 12 55 60 61 60 16 67 31 60 45 37 64 51 51 25 65 53 28 50 39 52 42 42 34 57 69 30 69 73 35 66 27 69 15 46 34 25 57 61 52 68 31 47 22 55 73 42 58 13 33 68 64 37 70 21 19 12 56 40 35 50 15 24 32 35 33 67 23 19 14 21 74 28 18 70 64 47 38 67 65 74 17 69 20 14 59 32 57 42 60 65 46 22 29 64 25 51 45 18 32 42 43 71 17 32 25 38 66 19 64 70 35 38 47 25 58 39 46 74 45 48 58 57 21 26 39 39 63 42 23 69 28 39 31 20 27 44 24 28 68 17 11 49 54 66 71 23 37 33 69 69 40 18 54 15 46 29 31 60 29 38 25 74 17 57 44 26 34 17 21 30 57 49 73 52 29 25 45 21 37 68 39 33 24 27 16 35 55 50 62 24 73 56 56 18 64 29 33 20 
4 0 1 3 6 5 5 2 4 3 4 3 4 3 3 2 2 2 5 7 7 5 3 5 4 5 2 4 4 3 4 6 6 1 3 7 4 5 0 4 3 3 4 2 3 6 3 6 1 3 7 0 3 5 4 3 3 5 6 5 5 4 3 5 0 3 5 5 5 3 3 0 2 0 2 1 5 3 3 4 6 1 4 7 4 5 5 3 2 6 8 5 0 3 2 1 0 3 4 3 2 0 2 2 3 2 1 2 2 3 3 1 1 0 0 4 5 5 1 4 4 4 4 4 4 5 3 4 5 0 1 5 4 3 4 1 0 3 4 2 4 7 5 2 3 4 4 6 7 1 2 6 6 0 3 0 4 4 3 4 1 6 3 5 5 5 2 4 3 2 3 3 4 3 7 4 3 2 5 6 5 5 5 2 2 4 5 3 2 3 2 5 7 2 0 3 4 2 5 1 
7 1 4 4 6 5 5 5 5 0 4 5 4 1 0 3 5 5 8 8 7 4 5 4 7 5 2 7 6 6 5 4 5 3 0 6 7 6 1 1 6 2 1 5 0 5 3 7 2 1 7 2 0 1 6 7 0 3 6 4 5 1 5 6 3 5 8 5 5 0 1 2 3 3 2 2 7 6 2 0 5 4 2 7 5 4 6 0 2 8 8 1 2 0 5 2 3 5 7 2 1 3 3 4 1 4 4 0 5 5 5 3 3 3 3 5 2 8 2 7 5 1 1 0 5 6 6 2 3 3 3 6 1 4 5 4 3 6 1 5 1 7 4 5 6 5 7 8 7 4 1 3 4 1 6 2 1 4 6 6 2 6 2 6 6 5 1 1 6 5 2 6 6 1 7 1 4 2 2 4 1 7 5 5 2 1 4 1 5 0 3 7 7 5 3 5 7 5 6 4 
2 2 1 4 8 6 6 3 6 6 6 3 6 5 5 4 3 1 5 9 9 7 4 7 3 6 4 5 4 2 3 8 8 0 6 8 2 7 2 6 3 5 7 0 5 8 4 7 3 6 8 2 5 7 2 2 6 7 7 7 7 7 2 7 2 3 5 7 6 5 5 3 3 0 4 3 6 0 5 6 7 0 6 8 6 7 7 5 5 6 9 7 2 6 2 3 2 2 3 5 4 1 3 3 5 0 1 5 1 4 3 3 2 1 2 6 7 5 3 2 4 7 6 6 4 5 1 6 7 1 2 6 6 4 6 0 1 2 7 1 6 9 8 2 2 6 3 6 8 1 5 8 8 2 2 1 6 6 0 3 2 7 6 5 6 7 5 7 2 0 5 2 5 5 9 6 3 4 7 8 7 6 7 2 4 6 7 5 0 6 4 6 8 0 1 4 3 2 6 0 
7 3 6 2 1 0 0 4 0 6 1 9 1 2 3 7 3 8 5 2 2 1 2 2 6 0 1 3 3 6 9 3 1 6 5 1 7 1 5 3 3 7 7 6 6 1 8 2 1 3 1 2 6 7 9 5 3 4 0 0 1 5 3 0 4 3 4 1 0 6 7 5 8 4 6 1 3 7 1 5 0 6 2 1 0 0 0 6 1 4 2 6 2 6 3 1 6 8 5 7 7 3 1 1 6 7 4 5 5 2 9 1 7 4 6 0 6 4 2 7 2 6 5 5 2 2 6 3 3 3 2 1 6 0 0 6 3 9 6 5 6 2 3 3 4 0 4 3 1 5 6 4 3 3 5 3 6 1 7 10 0 0 2 2 1 0 4 6 4 6 1 5 2 3 2 6 9 1 5 4 6 2 0 3 4 6 1 7 7 6 0 2 1 6 3 2 5 3 1 7 
7 1 3 5 8 7 7 6 6 1 5 4 5 3 2 1 6 4 9 9 9 6 6 6 7 6 4 7 6 6 4 6 7 2 2 8 7 8 1 3 6 0 2 5 0 7 1 9 4 3 9 2 0 2 4 7 2 5 7 6 6 3 6 7 3 6 8 7 6 1 0 2 2 3 0 3 8 5 4 2 7 4 4 8 6 6 7 0 4 9 10 3 2 2 5 3 2 4 7 0 0 3 4 5 0 3 4 2 5 6 4 4 2 3 2 6 3 8 3 7 6 2 2 2 6 7 6 3 5 3 3 7 2 5 6 3 3 4 2 5 2 9 6 5 6 6 7 9 9 4 0 5 6 1 6 3 2 5 5 4 3 8 3 8 7 7 2 2 6 5 4 6 7 3 9 2 3 3 3 5 3 8 7 5 3 1 6 0 5 1 4 8 9 5 3 6 8 5 7 4 
6 0 3 3 5 4 4 4 3 1 3 5 3 0 0 3 4 5 7 6 6 3 3 3 6 3 1 5 4 5 5 4 4 3 1 5 6 5 1 1 5 3 3 4 1 4 4 6 1 1 6 0 2 3 6 5 1 3 5 3 4 2 4 5 2 4 6 4 4 2 3 1 4 2 2 1 6 5 1 1 4 4 1 6 4 3 5 2 1 7 7 2 0 1 4 1 3 5 6 3 2 2 2 2 2 4 3 0 4 4 5 1 3 2 2 3 3 6 0 6 4 2 2 1 4 5 5 1 3 2 2 4 2 2 3 4 1 5 2 4 2 6 3 4 4 4 6 6 6 3 1 3 4 0 5 1 2 3 5 6 0 5 1 5 5 4 0 2 5 5 1 5 5 0 6 2 5 0 2 3 2 5 4 4 0 2 3 2 5 2 1 6 6 4 2 3 6 3 5 4 
5 4 3 6 10 9 9 6 9 6 8 0 8 6 6 3 6 0 8 11 12 9 7 9 5 9 6 8 7 5 1 10 10 1 6 11 5 9 3 8 6 4 7 3 5 10 3 10 5 7 11 4 5 7 0 5 7 9 10 9 10 8 6 9 4 6 8 9 9 5 5 4 1 3 4 5 9 3 7 7 10 3 8 11 8 9 9 5 7 9 12 7 4 6 5 5 3 0 6 5 4 4 6 6 5 0 4 6 4 7 0 6 2 3 3 8 8 8 5 4 7 7 7 7 7 8 4 8 9 4 4 9 6 7 8 0 4 0 7 4 7 11 9 5 5 8 6 9 11 4 5 9 10 4 5 4 6 8 2 0 5 10 7 8 8 9 6 7 5 3 7 5 8 7 11 7 1 6 8 10 7 9 9 5 6 6 9 5 3 6 6 9 11 2 3 7 6 5 9 2 
134 27 129 140 143 141 32 156 72 150 107 81 157 132 133 55 151 120 53 114 89 128 95 103 69 137 170 62 161 168 77 164 63 164 39 109 69 52 137 159 116 165 76 104 55 133 176 93 139 38 74 165 160 91 162 38 53 34 133 98 83 130 26 52 72 76 68 163 52 45 31 48 176 61 39 169 147 105 97 170 158 173 48 164 41 32 137 80 141 88 140 166 110 55 61 154 54 116 98 41 75 95 99 169 40 70 51 93 153 35 146 169 80 86 109 56 146 83 110 169 101 121 150 144 40 52 83 103 159 96 50 161 70 90 71 39 61 96 61 58 170 34 29 111 122 156 163 43 84 73 170 175 100 41 123 31 115 67 65 137 69 88 67 172 31 138 108 65 72 28 51 62 131 123 174 130 61 60 115 55 95 157 92 71 57 66 38 86 124 125 150 47 174 128 131 35 143 61 72 39 
84 19 78 91 95 93 27 99 51 93 71 45 102 85 84 33 96 69 39 78 63 84 64 69 45 90 109 44 104 104 42 106 47 97 27 74 44 40 84 101 76 100 48 64 34 88 104 65 90 28 53 104 97 58 93 27 37 27 88 67 58 82 21 40 47 52 48 106 39 29 19 31 102 40 25 108 96 64 64 106 103 106 35 107 33 27 91 49 91 60 93 103 71 36 42 99 33 67 64 25 46 62 67 109 26 40 35 60 95 29 84 108 47 55 66 42 91 57 71 104 68 76 94 91 32 39 53 68 102 61 35 105 45 61 51 22 40 55 39 38 105 30 25 72 78 102 103 34 60 46 104 111 67 28 78 22 72 48 39 78 47 61 46 111 27 91 69 43 48 19 37 41 87 79 114 81 34 42 74 40 61 102 64 48 39 42 31 53 75 78 97 37 113 78 82 28 91 41 51 24 
8 5 8 4 0 2 2 5 2 8 3 11 3 4 5 9 4 9 5 0 0 3 4 3 7 2 3 4 4 7 11 4 1 8 7 0 8 1 6 5 4 9 9 8 8 1 10 1 3 5 0 4 8 9 11 6 4 5 1 0 2 6 4 1 6 5 4 2 2 8 9 7 10 6 8 3 3 9 3 7 1 7 4 1 2 0 1 8 3 5 0 7 4 7 4 3 8 10 5 9 9 5 2 2 8 9 5 7 7 4 11 3 9 5 8 2 8 5 4 8 3 8 6 7 3 3 8 4 4 5 4 2 8 2 2 8 5 10 8 7 8 1 4 4 5 2 5 4 0 7 8 5 4 5 7 5 8 3 9 11 2 1 4 2 2 0 6 8 5 8 3 6 3 5 0 7 10 3 7 5 7 2 0 4 6 8 3 9 8 8 2 3 0 7 5 4 5 4 1 8 
5 3 2 6 10 8 8 6 8 5 8 0 8 6 5 2 6 0 8 11 11 8 6 8 6 8 6 8 7 5 0 9 10 1 5 10 5 9 2 7 6 3 6 3 4 9 2 10 5 6 11 4 3 6 1 5 6 8 9 9 9 7 6 9 4 6 9 9 8 4 3 3 0 3 3 5 9 3 6 6 9 3 7 11 8 8 9 4 6 9 11 6 4 5 5 5 2 0 7 3 3 4 6 6 4 0 4 5 4 7 0 5 1 3 2 8 7 8 4 5 7 6 6 6 7 8 4 7 8 3 4 8 5 6 8 1 3 1 6 4 6 11 9 5 6 8 6 9 11 3 4 8 9 3 5 3 5 8 3 0 4 9 6 8 8 9 5 6 5 4 6 5 8 6 11 5 0 5 7 9 6 9 9 5 5 5 9 4 3 5 6 9 11 3 3 6 6 5 8 2 
3 5 6 3 5 3 4 2 4 8 4 8 5 6 6 8 0 6 0 5 6 6 3 6 3 4 4 0 2 3 9 7 5 5 8 5 4 3 5 7 0 8 9 5 8 5 8 3 3 7 5 4 8 10 8 2 7 8 5 4 6 8 0 4 5 2 0 5 4 8 9 6 8 3 7 3 1 5 5 8 5 5 6 5 4 5 4 8 4 0 5 9 4 8 1 3 6 8 0 9 8 2 2 2 8 6 2 7 4 2 8 3 7 3 6 4 9 0 3 4 2 9 8 8 2 1 4 7 7 3 2 3 9 2 4 5 3 8 9 4 9 5 7 1 0 3 0 1 5 4 8 8 8 4 3 3 9 5 5 9 2 4 6 0 2 5 7 9 0 4 4 1 2 6 5 9 8 4 9 8 9 2 4 1 6 9 6 9 5 8 3 1 5 4 3 2 0 1 1 6 
29 7 25 32 36 34 13 34 20 34 27 17 37 31 31 13 33 23 16 31 26 32 23 27 17 34 38 17 37 36 16 40 20 31 12 30 16 17 28 37 27 36 20 21 14 34 37 26 31 13 23 35 35 23 33 10 15 13 34 26 23 31 8 17 16 19 19 39 17 12 9 11 36 13 10 37 35 21 24 38 38 35 15 41 14 13 34 19 33 23 37 38 24 15 15 34 11 23 23 11 17 21 24 38 11 13 12 22 32 12 30 37 16 18 22 17 35 22 25 36 25 29 35 33 13 16 18 26 38 20 12 38 18 23 20 6 13 19 17 13 39 15 13 25 27 37 36 15 25 15 37 42 27 10 27 8 28 19 13 28 17 25 18 40 12 34 25 18 17 6 15 15 32 29 43 31 13 16 29 18 24 38 25 17 15 17 14 21 25 29 34 16 43 26 27 11 32 15 20 7 
9 3 7 5 4 4 4 6 3 4 3 9 2 1 1 7 6 8 8 5 4 1 5 1 9 3 2 7 6 8 9 0 2 7 3 3 9 4 5 0 6 6 4 8 4 1 7 5 3 0 4 3 4 4 10 8 0 0 3 1 2 1 6 4 5 6 7 2 3 5 6 5 8 5 6 3 6 9 0 3 3 7 0 4 3 0 4 4 1 8 5 3 3 4 6 3 6 9 8 6 6 5 3 4 5 8 6 4 7 5 9 3 7 5 6 3 3 8 3 9 5 4 2 3 5 6 8 0 0 5 4 4 4 3 3 7 5 9 3 7 4 4 0 6 7 4 7 7 4 7 5 0 0 4 7 4 3 2 9 10 1 4 0 5 5 2 3 4 7 8 1 7 5 2 3 3 9 2 2 0 2 6 2 6 4 4 1 5 8 4 2 6 4 8 5 5 8 6 5 8 
4 4 6 2 4 3 3 2 3 8 4 8 4 5 6 8 0 6 1 4 5 5 2 5 3 4 3 0 1 4 9 6 4 5 7 4 4 2 5 6 0 8 9 5 8 4 8 2 2 6 4 3 8 9 8 2 6 7 4 4 5 8 0 3 5 2 0 4 3 8 8 5 8 3 7 2 0 5 4 7 4 5 5 5 3 4 3 8 4 1 5 8 3 8 1 2 6 8 1 9 8 2 1 1 8 6 2 6 4 1 8 2 7 3 6 3 9 0 3 4 1 9 7 7 2 1 4 6 6 2 2 2 8 1 3 5 3 8 9 4 8 5 6 1 1 3 0 0 4 4 7 7 7 4 3 3 8 4 6 9 1 3 5 0 1 4 6 8 1 4 4 2 1 6 4 8 8 3 8 7 8 1 3 1 5 8 5 8 5 8 2 0 4 4 3 2 1 1 0 6 
31 7 29 29 31 29 7 33 15 34 22 22 32 28 28 16 31 29 14 26 21 27 20 22 18 28 34 15 33 37 21 35 15 36 11 24 18 12 30 34 25 38 20 25 15 28 40 21 27 10 17 34 36 23 38 11 13 10 28 21 18 29 7 12 17 17 16 34 11 13 11 12 40 14 12 34 32 25 20 37 33 38 11 35 9 8 29 20 28 21 31 37 23 15 13 31 14 29 23 13 19 20 19 33 12 18 12 21 34 8 35 33 20 19 25 12 34 19 22 38 21 29 33 32 9 12 20 23 34 20 11 33 18 17 14 12 13 25 16 15 38 9 8 23 26 31 35 11 19 18 38 38 23 10 28 7 27 14 17 34 12 19 15 36 7 29 24 17 17 9 10 15 27 26 38 30 18 12 27 14 23 33 20 15 13 17 9 22 29 29 29 11 37 29 28 8 32 14 16 12 
130 30 129 144 148 146 36 158 77 153 112 80 162 137 137 57 152 118 53 118 94 133 99 108 65 142 175 63 164 166 76 169 68 163 43 113 65 56 139 163 117 167 79 102 58 138 177 97 144 43 78 169 163 94 160 35 58 39 138 102 88 134 26 57 75 78 69 168 57 48 33 50 176 62 41 174 150 102 101 173 163 173 53 169 46 37 142 83 146 89 144 169 114 58 61 159 54 115 96 43 77 97 104 174 43 68 51 97 152 39 145 174 80 87 110 61 150 83 114 165 104 124 154 148 44 55 81 108 164 97 53 166 74 94 76 38 63 95 64 57 174 39 34 112 121 161 160 45 88 73 172 179 105 44 121 33 119 72 62 136 73 92 72 174 35 143 112 69 70 27 56 60 135 127 179 134 61 65 119 60 99 160 97 72 61 69 43 88 122 128 155 50 178 125 132 39 140 61 75 38 
6 2 2 6 9 7 8 5 7 3 6 2 6 4 4 0 5 2 8 10 10 7 6 7 6 7 5 7 7 5 2 8 8 1 4 9 6 8 1 5 6 1 4 4 2 8 0 9 4 5 10 3 2 4 2 6 4 6 8 7 8 5 6 8 3 6 8 8 7 2 2 2 0 3 1 4 8 4 5 4 8 3 5 9 7 7 8 2 5 9 11 5 3 4 5 4 2 2 7 2 1 3 5 5 2 2 4 3 4 6 2 4 1 3 2 7 5 8 3 6 7 4 4 4 6 7 5 5 7 3 3 8 4 6 7 1 3 2 4 4 4 10 7 5 6 7 7 9 10 3 2 7 8 2 5 3 4 6 4 2 3 8 5 8 8 8 4 4 6 4 5 5 7 4 10 4 1 4 5 7 4 8 8 5 4 3 7 2 4 3 5 8 10 3 3 6 7 5 8 2 
30 7 29 28 31 29 7 33 15 34 22 22 33 29 29 16 31 29 13 26 21 28 19 23 17 29 35 14 33 37 22 36 15 36 12 24 18 11 30 35 24 38 20 24 15 29 41 20 28 10 17 34 37 24 38 10 14 11 28 21 19 30 6 12 17 16 16 34 12 14 11 12 40 14 12 34 31 25 21 38 33 38 12 35 9 8 29 21 29 20 31 38 23 15 13 31 14 29 22 13 20 20 19 33 13 18 11 22 33 7 35 34 20 19 25 12 34 19 23 37 20 29 34 33 8 11 20 23 35 20 11 33 19 17 15 12 13 25 17 14 39 10 9 23 26 32 34 10 19 17 38 39 24 10 27 7 28 15 17 34 13 19 16 35 7 29 25 18 16 9 11 15 27 27 38 31 18 13 28 15 24 32 20 15 14 18 10 22 29 30 30 11 37 29 28 7 31 13 15 12 
7 3 6 3 1 1 1 4 0 5 0 9 0 2 2 7 3 7 5 2 2 1 3 1 7 0 0 4 3 6 9 2 1 6 4 1 7 1 4 2 4 6 6 6 5 0 7 3 1 2 2 2 5 6 9 6 2 3 1 0 0 4 4 1 4 4 5 0 0 6 6 4 7 4 6 1 4 7 0 4 0 6 1 2 1 0 1 5 0 5 3 5 2 5 3 1 6 8 5 7 6 3 1 1 6 7 4 4 5 3 9 1 7 4 6 0 5 5 2 7 3 6 4 4 2 3 6 2 2 3 2 1 5 0 1 6 3 9 5 6 5 2 2 3 4 1 5 4 2 5 5 3 2 3 5 3 5 0 7 9 0 1 1 3 2 0 4 5 5 6 0 5 2 3 2 5 8 1 4 3 5 3 0 3 3 6 1 6 7 5 0 3 2 6 4 3 5 3 2 6 
5 3 5 1 2 1 1 2 2 7 2 8 3 4 4 7 1 6 2 3 4 3 1 4 4 2 2 1 1 4 8 5 3 5 6 3 5 1 4 5 1 7 8 5 7 3 8 2 1 4 3 2 7 8 8 3 5 5 2 2 3 6 1 2 4 2 2 3 2 7 7 5 7 3 6 1 1 6 3 6 3 4 4 3 1 2 1 7 2 2 4 7 2 6 1 1 5 8 2 8 7 2 0 0 7 6 2 5 4 1 8 1 6 2 5 2 7 2 2 5 0 7 6 6 0 0 4 4 5 2 1 0 7 0 1 5 2 8 7 4 7 3 5 1 1 1 2 1 3 4 6 6 5 3 3 2 7 2 6 9 0 2 4 0 0 2 5 7 2 5 2 3 0 4 3 7 8 2 7 6 7 0 2 1 4 7 4 7 5 7 1 1 3 4 2 1 3 1 0 6 
8 2 5 5 7 6 6 6 5 0 5 6 4 1 0 3 6 6 9 8 8 4 6 4 8 5 3 8 7 8 6 4 6 5 0 7 8 7 2 1 7 2 0 6 0 5 4 8 3 1 7 3 0 0 7 8 0 3 6 5 5 0 7 6 4 6 9 5 5 1 2 3 4 5 3 3 8 7 2 0 6 6 2 7 6 4 7 0 3 9 8 0 3 0 6 3 4 6 8 2 2 4 4 5 1 6 5 2 6 6 6 4 4 5 4 5 0 9 3 8 6 0 0 0 6 7 7 1 3 4 4 6 0 5 5 5 4 7 0 7 0 7 3 6 7 6 8 9 7 6 2 3 4 2 7 3 0 5 7 7 2 7 2 7 7 5 2 0 7 7 3 7 7 2 7 0 5 3 0 3 0 7 5 6 3 0 5 1 7 0 4 8 7 6 5 6 9 6 7 6 
7 0 4 3 5 4 4 4 4 1 3 6 3 0 0 3 4 5 7 6 6 3 4 3 7 3 1 6 5 6 6 4 4 4 1 5 7 5 1 1 5 3 2 5 1 4 4 6 1 0 6 1 1 2 6 6 0 2 5 3 4 1 5 5 2 4 7 4 4 2 2 2 4 3 2 1 6 6 1 1 4 4 1 6 4 3 5 1 1 7 7 2 1 1 4 1 3 5 6 3 2 2 2 3 2 5 4 0 4 4 6 2 3 3 3 3 2 7 1 6 4 2 1 1 4 5 5 1 2 2 2 5 2 3 3 4 2 6 2 5 2 6 3 4 5 4 6 7 6 4 1 3 3 1 5 2 2 3 6 6 0 5 1 5 5 4 0 2 5 5 1 5 5 0 6 1 5 1 2 3 2 6 4 4 1 2 3 2 5 1 2 6 6 5 3 4 7 4 5 4 
36 9 32 35 35 35 13 39 20 31 26 23 36 28 27 15 37 31 20 30 25 29 26 24 23 33 38 21 40 42 22 36 17 39 9 27 23 17 31 32 31 36 16 28 12 31 40 27 33 8 22 37 33 19 40 16 9 8 32 23 21 24 13 17 20 22 23 37 16 11 9 14 40 18 12 39 38 29 22 35 37 42 11 39 14 10 34 17 31 27 35 31 26 12 19 36 16 30 29 11 18 25 25 40 10 21 17 21 38 14 36 39 21 23 27 17 27 26 26 43 27 25 28 30 15 18 25 21 34 25 15 39 15 24 20 14 17 27 11 19 35 13 8 29 32 37 41 18 24 21 37 36 23 12 33 11 22 18 21 35 17 24 15 42 14 32 24 13 23 13 13 21 34 27 41 25 18 16 21 12 17 39 23 21 15 14 12 19 33 26 35 18 42 33 32 14 38 19 22 15 
1 3 2 3 7 5 5 1 5 6 5 4 5 5 5 5 1 2 3 7 8 6 3 6 1 5 4 3 3 0 5 8 7 1 6 7 1 5 2 6 1 6 7 1 6 7 5 6 2 6 7 2 6 8 4 1 6 7 6 6 7 7 1 6 3 2 4 6 5 6 6 3 4 0 5 2 4 1 5 6 6 1 6 7 5 6 6 6 4 4 8 8 2 6 1 2 3 4 2 6 5 1 2 2 6 2 0 5 0 3 4 2 4 0 3 5 8 3 2 1 3 7 7 6 3 4 0 6 7 0 1 5 7 3 5 1 1 4 7 0 7 8 7 1 1 5 1 4 7 1 5 8 8 2 0 1 7 5 1 5 2 6 5 4 4 6 5 7 0 0 4 0 4 5 8 7 5 3 7 8 7 4 6 1 4 7 7 6 1 6 3 4 7 0 0 3 2 0 4 2 
7 6 8 4 1 2 2 5 3 8 3 11 3 5 5 10 3 9 5 1 1 4 4 4 7 3 3 4 4 7 11 5 1 8 8 1 8 1 7 5 4 9 9 8 8 2 10 0 3 5 1 4 9 9 11 6 5 6 2 1 3 7 4 1 7 5 4 3 2 9 9 7 10 5 9 3 3 9 3 8 2 7 4 1 2 1 1 8 3 4 1 8 4 8 4 3 8 10 5 10 9 5 3 2 9 9 5 7 7 4 11 3 9 5 8 3 8 4 4 8 3 9 7 7 3 3 7 5 5 5 4 2 9 2 3 8 5 10 8 7 8 1 5 4 4 2 4 3 1 7 8 6 5 5 6 5 8 3 9 11 2 1 4 1 2 1 7 8 4 7 3 5 2 6 1 8 11 3 7 6 8 2 1 4 6 9 3 9 8 8 2 2 1 7 5 4 5 4 0 8 
27 7 26 31 35 33 11 33 19 35 26 19 36 31 31 14 31 25 14 30 25 31 22 27 15 33 38 15 35 34 18 40 19 33 13 28 14 16 29 37 25 37 21 20 15 33 38 24 30 13 21 35 36 24 35 8 16 13 33 25 23 32 6 16 16 17 17 38 16 13 10 12 38 12 11 36 34 21 24 39 37 34 15 40 13 12 33 20 32 21 35 39 24 16 13 33 12 25 21 13 19 20 23 37 13 14 10 23 30 10 32 36 18 17 23 16 36 20 24 34 24 30 36 34 12 14 16 26 38 19 11 37 19 21 19 8 13 21 18 11 39 14 12 23 25 36 34 13 24 14 38 42 27 10 25 7 29 18 13 30 16 23 18 38 11 33 26 19 15 5 14 13 30 29 42 32 15 15 29 18 25 36 24 15 15 18 14 22 25 30 33 14 41 24 26 10 30 13 19 8 
80 18 79 86 89 87 22 94 46 94 67 51 97 83 83 37 89 74 31 72 57 80 58 65 41 85 105 37 97 101 49 103 41 99 27 68 41 33 85 99 68 103 50 63 37 83 109 58 86 27 47 101 100 59 99 22 36 25 83 62 53 82 14 34 45 46 41 101 34 31 22 31 108 37 27 104 89 64 61 106 98 105 32 102 27 22 85 52 87 53 87 104 68 37 35 95 34 72 57 28 48 58 61 103 28 43 30 59 92 22 90 103 50 52 67 37 92 49 68 101 61 77 94 91 26 32 50 66 99 58 31 99 46 56 45 25 37 60 41 35 106 24 22 65 71 96 96 26 53 45 105 109 64 27 73 20 74 43 40 85 43 55 44 103 20 86 68 43 42 18 34 36 80 77 108 82 40 39 73 37 62 95 58 41 37 43 27 55 75 79 92 29 107 77 79 22 85 35 44 25 
7 5 8 4 0 2 1 5 2 7 3 10 3 4 5 9 3 9 5 0 1 3 4 3 7 2 2 4 4 7 11 4 1 8 7 0 8 1 6 5 4 9 8 8 8 1 9 1 3 4 0 4 8 8 11 6 4 5 1 0 2 6 4 1 6 4 4 2 2 8 9 6 9 5 8 3 3 8 3 7 1 7 4 1 2 0 1 8 3 4 1 7 4 7 4 3 7 10 5 9 8 4 2 2 8 9 5 6 7 3 10 3 9 5 7 2 8 4 4 8 3 8 6 7 3 3 7 4 4 5 4 2 8 1 2 8 5 10 8 7 8 1 4 4 4 2 4 3 0 7 8 5 4 5 6 4 8 3 9 11 1 0 4 1 2 0 6 8 4 7 2 5 2 5 0 7 10 3 6 5 7 2 0 4 5 8 3 9 8 8 2 2 0 7 5 4 5 4 1 8 
7 5 7 3 0 1 1 4 1 7 2 10 2 4 4 9 3 8 4 1 1 3 3 3 7 2 2 3 3 6 10 4 1 7 6 1 7 0 6 4 3 8 8 7 7 1 9 1 2 4 1 3 7 8 10 5 4 5 1 0 2 6 3 0 6 4 4 2 1 8 8 6 9 5 8 2 2 8 2 7 1 6 3 1 1 0 0 7 2 4 1 7 3 7 3 2 7 9 5 9 8 4 2 2 8 8 4 6 6 3 10 2 8 4 7 2 7 4 3 7 2 8 6 6 3 2 7 4 4 4 3 1 8 1 2 7 4 10 7 6 7 1 4 3 4 1 4 3 1 6 7 5 4 4 6 4 7 2 8 11 1 0 3 1 1 0 6 7 4 7 2 5 2 5 1 7 10 2 6 5 7 2 0 3 5 8 3 8 8 7 1 2 0 6 4 3 5 4 0 7 
29 6 25 32 36 34 12 34 20 33 26 17 37 30 30 13 33 24 16 31 26 31 23 26 17 33 38 17 36 36 17 39 19 31 12 29 16 17 27 36 27 35 19 21 14 33 37 25 31 12 22 35 35 23 33 10 15 13 33 26 23 31 8 17 16 18 19 39 16 12 9 11 36 12 9 37 35 22 23 38 38 35 14 40 14 12 34 19 32 23 36 38 24 15 15 34 11 24 23 11 17 20 23 37 11 13 11 22 31 11 30 37 16 18 22 17 34 22 24 36 25 28 34 33 13 15 18 25 38 20 12 38 18 22 19 7 13 20 16 13 38 14 12 25 27 36 36 14 24 15 36 41 27 9 26 7 27 18 13 29 16 24 18 40 12 34 25 17 17 6 14 15 31 28 43 30 13 15 28 17 24 37 25 17 14 17 14 20 25 28 34 15 42 26 27 11 32 14 20 7 
84 15 77 88 92 90 24 97 48 89 68 48 98 81 80 31 94 72 38 75 60 80 62 66 45 87 105 42 101 104 45 102 43 97 23 71 45 37 81 97 74 97 45 63 31 85 103 62 87 24 50 101 94 54 96 26 33 23 85 63 54 79 20 37 44 50 46 102 36 25 16 28 103 38 21 105 94 64 61 102 100 105 31 104 30 24 88 46 87 59 90 100 68 32 40 96 31 69 63 22 42 59 64 106 22 41 33 56 93 26 87 105 46 53 64 38 88 55 68 104 65 72 90 87 29 36 52 64 98 59 32 102 41 58 47 23 38 57 36 37 102 26 21 70 77 99 102 32 56 45 100 107 63 25 77 20 69 44 40 81 44 58 42 109 24 87 65 39 47 19 34 41 84 75 110 78 35 39 70 36 57 100 60 46 35 38 27 50 76 74 94 34 110 78 80 26 90 40 49 23 
3 2 3 0 4 2 3 0 3 5 3 6 3 3 4 6 0 4 3 5 5 4 0 4 3 3 2 1 0 2 7 5 4 3 5 4 3 3 3 5 0 6 7 3 5 4 6 4 0 4 5 1 6 7 6 2 4 5 4 4 4 6 0 3 2 0 2 4 3 5 6 3 6 1 5 0 2 4 3 5 4 3 4 5 2 3 3 5 2 3 5 6 1 5 0 0 3 6 2 6 5 0 0 0 6 4 0 4 2 0 6 0 5 0 4 2 7 2 1 3 1 7 6 5 1 1 3 4 5 0 0 2 6 1 2 3 0 6 6 2 6 5 5 0 0 2 1 3 5 2 5 6 6 2 2 1 6 3 4 7 0 4 4 2 2 4 4 6 1 3 2 1 1 4 5 6 6 1 6 6 6 2 3 0 3 6 4 6 3 6 1 2 5 2 0 0 2 0 2 4 
6 0 2 4 7 5 6 4 5 1 4 4 4 2 2 1 4 3 7 8 8 5 4 5 6 5 2 6 5 5 4 5 6 2 2 7 6 6 0 3 5 1 2 4 1 6 2 7 2 2 7 1 1 3 4 5 2 4 6 5 5 3 5 6 1 4 7 5 5 1 1 1 2 2 0 2 7 5 3 2 6 3 3 7 5 5 6 1 2 7 8 3 1 2 4 2 1 4 6 1 1 2 3 3 1 3 3 1 4 5 4 2 2 2 1 5 3 7 1 6 5 2 2 2 5 6 5 3 4 2 2 6 2 4 5 2 2 4 2 4 2 7 5 4 5 5 6 7 7 3 0 5 5 0 5 1 2 4 4 4 1 6 3 6 6 5 1 2 5 4 3 5 6 2 8 2 3 2 3 5 3 6 5 4 1 2 5 1 4 1 3 7 7 4 2 4 6 4 6 3 
0 4 3 4 8 6 6 2 7 8 6 5 7 6 7 6 2 3 3 8 9 8 4 8 0 7 5 3 4 1 6 9 8 2 8 8 0 6 4 8 2 7 9 2 7 8 6 7 4 7 8 4 7 9 5 0 7 9 8 7 8 9 1 7 4 3 4 8 7 7 7 5 5 1 6 4 5 2 6 8 8 2 7 9 6 7 7 7 6 4 9 9 4 8 1 4 4 5 1 7 7 2 4 4 7 3 1 7 2 4 5 4 5 2 4 6 9 3 4 0 4 9 8 8 4 4 1 8 9 2 3 6 8 4 6 2 2 4 9 1 8 9 9 2 1 6 1 5 8 2 7 9 9 4 1 3 9 6 2 6 3 7 7 4 5 7 6 9 0 1 6 0 5 7 9 8 5 5 9 9 9 5 7 2 6 8 8 8 2 8 5 5 8 0 2 4 1 1 5 3 
88 19 82 91 91 91 25 101 48 89 68 53 98 80 79 35 98 77 41 74 59 80 64 64 49 87 106 45 104 108 50 100 42 103 23 70 49 38 85 94 77 100 44 68 32 83 108 63 89 22 50 103 95 52 102 30 29 20 85 62 53 74 23 37 48 53 49 102 36 27 19 32 108 42 26 107 96 69 60 101 99 110 29 103 30 22 88 47 87 62 89 95 70 32 44 98 36 74 67 25 46 63 66 108 24 47 37 57 98 29 92 107 51 57 69 39 83 58 70 109 68 71 86 86 31 38 57 61 96 63 36 103 41 60 48 28 42 63 33 41 101 25 18 74 80 100 106 34 56 49 102 105 61 28 81 23 66 44 45 87 46 58 41 110 26 86 66 37 51 23 33 45 86 75 109 75 40 40 65 33 53 102 59 50 37 38 26 51 81 74 95 36 110 83 84 28 94 43 50 29 
8 5 7 4 0 1 1 5 2 7 2 10 2 4 4 9 3 9 5 0 1 3 3 3 7 2 2 4 4 7 11 3 0 7 6 0 8 1 6 4 4 8 8 8 7 0 9 1 3 4 0 4 7 8 10 6 4 5 0 0 2 6 4 1 6 4 4 1 1 8 8 6 9 5 8 3 3 8 2 6 1 7 3 0 2 0 1 7 2 5 1 7 4 7 4 3 7 10 5 9 8 4 2 2 8 8 5 6 7 3 10 3 8 5 7 2 7 5 3 8 3 8 6 6 3 3 7 4 4 5 4 2 7 1 2 8 4 10 7 7 7 0 4 4 4 2 5 4 0 7 7 5 4 5 6 4 7 2 8 11 1 0 3 2 2 0 6 7 5 7 2 5 2 5 0 7 10 3 6 5 7 2 0 4 5 8 2 8 8 7 2 3 0 7 5 3 5 4 1 8 
8 3 6 4 3 3 3 5 2 4 2 9 1 1 1 7 5 8 7 4 3 0 4 0 8 2 1 6 5 7 9 0 1 6 3 2 8 3 4 1 5 6 5 7 4 1 7 4 2 1 3 3 5 5 9 7 0 1 2 0 1 2 5 3 5 5 6 1 2 5 6 5 7 5 6 2 5 8 0 3 2 6 0 3 2 0 3 4 0 7 4 3 2 4 5 2 6 8 7 6 6 4 2 3 5 7 5 4 6 4 9 2 7 4 6 2 4 7 2 8 4 5 2 3 4 5 7 0 0 4 3 3 4 2 2 7 4 9 4 7 4 3 0 5 6 3 6 6 3 6 5 1 1 3 7 3 4 1 8 9 1 3 0 4 4 1 3 4 6 7 0 6 4 2 3 4 8 1 3 1 3 5 1 5 3 5 0 5 8 4 1 5 3 7 4 4 7 5 4 7 
107 21 100 115 119 117 29 126 61 120 88 63 129 107 107 43 122 94 45 96 76 105 79 85 56 113 139 52 132 135 59 134 54 128 32 91 55 46 108 129 95 131 61 81 43 110 139 79 114 32 63 133 127 73 127 31 44 30 110 82 70 105 23 46 57 63 57 134 45 35 23 37 138 48 30 138 121 82 79 136 130 137 40 135 37 29 114 63 115 74 116 133 89 44 50 126 40 91 80 32 59 76 82 138 32 53 41 75 121 31 115 138 61 68 84 49 118 69 89 135 84 97 121 116 36 45 66 84 130 76 41 133 56 75 60 29 48 75 49 46 136 31 26 90 99 128 132 38 71 57 135 142 83 32 98 24 93 56 50 108 57 74 56 141 29 114 87 53 59 22 43 50 109 99 144 105 47 50 93 46 77 129 78 58 46 52 34 68 98 100 123 41 143 101 104 31 116 50 61 29 
35 8 32 33 32 32 9 37 17 33 23 24 33 27 27 17 35 31 18 27 21 26 24 21 22 29 35 19 37 41 23 32 14 39 10 24 22 14 31 31 29 38 18 28 14 27 41 23 31 7 18 36 35 21 40 15 10 6 29 20 18 26 11 14 19 21 20 34 13 13 11 14 41 17 13 37 35 29 19 36 34 41 8 36 11 6 31 19 29 25 32 35 25 13 17 34 16 31 27 13 19 23 23 37 12 21 16 21 37 12 37 37 22 22 27 14 31 23 25 42 25 27 31 31 13 16 24 20 31 24 14 36 17 21 17 14 16 27 14 18 37 10 5 27 30 34 39 15 20 21 38 34 19 11 31 10 25 15 21 36 15 21 13 39 11 29 24 15 21 13 11 19 31 26 37 28 19 14 24 10 20 36 20 19 14 16 8 21 32 28 32 15 38 32 31 12 36 17 19 14 
60 13 56 60 60 59 15 68 31 61 44 38 64 52 52 26 65 54 28 49 38 51 42 41 34 56 69 30 69 73 37 65 26 70 17 45 34 24 58 62 52 69 32 47 23 54 75 41 58 14 32 69 66 38 71 21 20 12 55 39 34 51 15 23 32 35 33 66 23 20 15 22 75 29 19 70 64 48 38 69 64 74 17 68 19 12 58 34 56 41 59 66 46 23 29 64 26 52 45 19 33 42 43 71 18 33 25 39 66 19 65 70 36 39 47 25 59 39 46 74 45 50 59 59 20 25 39 39 62 42 23 68 30 38 31 21 28 45 25 29 69 16 10 49 54 65 71 23 36 34 70 68 39 19 55 15 47 28 32 61 29 37 25 73 16 56 45 27 34 17 20 31 57 50 72 53 30 25 46 21 38 67 38 33 25 28 15 37 56 52 62 24 72 57 57 18 64 29 32 21 
80 18 76 88 92 90 25 96 49 93 69 47 100 83 84 34 93 69 35 75 61 82 61 68 42 88 107 41 101 101 45 105 44 96 27 72 41 37 83 100 73 101 49 60 35 86 106 62 88 27 51 102 98 58 95 23 36 26 86 65 56 82 18 37 45 49 45 104 37 29 20 30 104 37 25 106 93 60 63 105 101 103 33 105 31 25 88 50 89 57 91 103 69 36 39 97 32 68 61 26 47 59 64 106 26 39 31 59 91 26 86 106 47 52 65 39 92 53 69 101 65 76 94 90 29 36 49 67 101 58 32 102 45 59 48 21 38 56 40 34 106 27 23 69 75 99 99 30 57 43 104 110 66 26 74 20 73 45 36 81 45 59 45 108 24 89 68 43 44 16 36 38 84 78 111 82 36 40 74 39 61 99 61 45 37 42 29 54 72 78 95 33 111 75 79 25 87 38 48 22 
28 9 29 30 33 32 10 32 18 36 25 22 36 31 32 17 29 28 11 28 23 31 21 26 15 32 37 13 33 35 21 39 18 36 14 27 15 14 31 38 22 39 23 23 17 32 41 22 30 13 20 36 38 26 38 7 16 13 31 24 22 33 4 14 18 16 14 37 15 15 13 14 40 14 13 36 31 24 24 40 36 37 15 38 12 11 31 22 32 18 33 40 25 17 11 33 15 28 19 15 21 20 22 35 14 17 10 24 32 9 35 36 21 18 26 15 37 17 25 35 22 31 37 35 10 12 18 26 38 20 12 35 21 20 18 11 14 24 19 13 41 12 12 21 23 35 32 10 22 17 40 42 27 11 25 8 30 18 16 33 16 22 19 36 9 32 27 20 13 8 14 12 28 30 40 33 18 15 30 18 26 34 23 13 16 20 13 24 28 31 33 11 40 27 27 9 28 12 16 11 
3 1 0 3 7 5 5 2 5 4 5 3 5 4 4 3 2 1 5 8 8 6 3 6 3 5 3 4 4 2 3 7 7 0 4 7 3 6 1 5 3 4 6 1 4 7 3 7 2 5 7 1 4 6 3 3 4 6 7 6 6 6 2 6 1 3 5 6 5 4 4 1 2 0 3 2 5 2 4 5 6 0 5 8 5 6 6 4 3 5 8 6 1 5 2 2 1 2 4 4 3 0 3 3 4 1 1 3 1 3 3 2 2 0 1 5 6 5 1 3 4 5 5 5 4 5 1 5 6 0 1 5 5 3 5 0 0 2 5 1 5 8 6 2 2 5 3 6 8 0 4 7 7 1 2 0 5 5 2 4 1 6 4 5 5 6 3 5 2 1 4 2 5 4 8 5 3 3 6 7 6 5 6 2 3 5 6 4 1 4 3 5 7 1 0 3 4 1 5 0 
35 8 32 32 31 31 9 37 16 33 23 24 33 27 27 17 35 31 18 26 21 26 23 21 21 29 35 18 37 41 23 32 13 39 11 23 22 14 32 32 29 38 19 28 14 27 41 23 31 8 18 36 36 22 40 15 10 7 28 19 17 27 11 13 19 20 20 34 12 13 11 14 42 17 13 37 35 29 19 36 33 41 9 35 11 6 30 19 29 24 31 35 25 14 17 33 16 31 26 13 20 23 23 37 12 21 15 22 37 12 37 37 22 22 27 13 31 23 25 42 25 27 31 31 13 15 24 20 31 24 14 36 17 20 17 14 16 27 15 18 37 9 5 27 30 34 39 14 19 21 38 35 19 11 31 10 26 15 21 36 15 20 13 39 10 28 24 16 21 13 10 19 31 26 37 28 20 14 24 11 21 36 19 19 14 17 8 21 32 28 32 15 38 32 31 12 36 17 18 14 
5 1 1 4 8 6 6 4 6 3 5 2 5 4 3 1 4 1 7 9 9 6 4 6 5 6 4 6 5 4 2 7 7 0 4 8 4 7 0 5 5 2 4 2 2 7 1 8 3 4 8 2 2 5 2 4 4 6 7 7 7 5 4 7 2 4 7 7 6 3 2 1 1 1 1 3 7 3 4 4 7 2 5 8 6 6 7 2 4 7 9 5 2 4 4 3 0 2 5 2 2 2 4 4 3 1 2 3 2 5 2 3 0 2 0 6 5 7 2 4 5 4 4 4 5 6 3 5 6 2 2 6 4 4 6 0 1 2 4 3 4 9 7 4 4 6 5 7 9 2 2 6 7 1 4 1 4 5 3 3 2 7 4 6 6 7 3 4 4 3 4 4 6 4 9 4 1 3 5 7 5 7 7 4 3 4 7 3 2 3 4 7 8 2 2 5 5 3 7 1 
26 8 28 31 35 33 11 32 19 36 26 20 37 32 32 16 31 26 13 29 25 32 22 27 13 33 38 15 35 33 20 40 19 34 14 28 13 15 30 38 24 39 22 22 17 33 40 24 31 13 21 36 38 25 36 7 16 14 33 25 23 33 5 16 17 17 16 38 16 15 12 13 39 13 12 37 33 22 24 40 37 36 15 39 13 12 32 22 33 20 35 40 25 17 12 34 14 27 20 14 20 20 23 36 14 16 10 24 31 10 33 37 20 18 25 16 37 19 25 33 23 31 37 35 11 13 17 27 39 20 12 37 21 21 19 9 13 22 19 12 41 14 13 22 24 36 32 12 23 16 39 42 27 11 24 8 30 18 14 32 16 23 19 37 10 33 27 20 13 6 15 11 30 30 42 33 16 16 30 18 26 35 24 14 16 20 14 23 26 31 34 13 41 25 27 10 29 12 18 10 
56 11 50 59 63 61 18 65 33 62 47 32 67 56 56 22 63 47 26 52 42 56 42 46 30 60 71 29 68 69 31 71 31 64 18 50 29 26 54 67 50 67 33 41 23 59 70 43 58 18 36 67 65 39 65 17 24 18 59 44 38 55 13 26 29 33 32 70 26 19 13 19 70 24 16 70 64 42 42 70 69 69 23 72 21 18 60 33 59 40 63 69 45 24 27 64 20 46 42 17 31 39 43 71 17 27 21 39 62 18 58 70 31 35 42 27 62 38 46 69 44 51 63 60 20 25 34 45 68 39 21 70 30 40 33 14 25 38 27 24 70 20 16 47 51 67 68 22 40 29 69 74 45 17 51 13 49 31 26 55 30 41 30 74 18 60 45 29 31 12 24 27 57 52 76 55 24 27 49 27 41 68 42 31 25 28 20 36 50 52 63 24 76 51 53 18 60 26 34 14 
