50 
200 
226 1589
181 1458
680 2681
665 2818
166 1389
725 2854
524 2465
151 1339
519 2473
635 2571
403 2096
90 1056
700 2907
428 2224
488 2313
498 2363
236 1742
544 2428
715 2911
201 1461
362 2007
478 2257
423 2188
171 1463
771 2789
221 1618
80 956
514 2407
85 970
730 2856
181 1432
221 1618
297 1893
337 2046
478 2187
418 2179
65 896
685 2915
307 1994
408 2226
236 1690
272 1735
257 1666
257 1774
725 2703
448 2364
619 2658
766 2882
559 2485
110 1214
22 20 32 15 17 34 11 18 26 14 15 18 34 30 32 14 20 21 6 15 25 19 10 22 31 30 33 33 31 7 31 9 20 22 32 31 28 20 11 16 18 19 29 16 24 19 7 5 25 17 31 33 26 14 34 18 19 15 6 31 10 26 17 30 12 9 27 28 19 12 20 6 12 23 24 14 22 29 16 12 14 9 12 34 30 28 25 34 31 16 30 5 15 5 34 26 33 19 9 33 28 6 20 13 19 14 7 19 24 33 10 34 20 13 6 9 9 15 13 11 10 27 22 34 32 16 15 31 17 17 6 7 8 26 26 9 34 8 25 17 15 34 24 25 21 33 20 26 30 34 25 7 25 11 7 15 26 7 28 12 5 34 28 31 31 33 33 10 16 20 18 15 17 34 33 8 10 19 34 15 27 13 6 32 34 20 13 21 13 13 21 9 18 24 14 8 33 25 16 26 
27 22 37 18 21 35 18 24 32 14 21 25 37 30 37 15 26 23 8 19 31 26 18 29 38 38 40 40 33 10 34 10 20 22 33 32 35 21 16 16 18 20 32 17 30 25 9 10 29 18 39 39 31 18 36 21 25 17 14 34 14 30 19 33 14 11 33 30 27 16 22 14 18 27 25 19 22 30 16 13 14 15 13 39 38 29 26 40 37 21 32 14 21 11 37 28 38 20 16 39 29 13 25 14 26 20 11 24 23 41 15 35 22 16 9 14 8 19 20 11 12 32 25 38 33 23 17 30 18 18 11 8 7 26 29 17 36 12 24 19 20 35 24 27 26 34 28 29 32 35 30 13 31 13 8 19 33 6 35 15 6 39 30 34 33 41 41 14 20 25 22 19 18 37 35 10 14 21 38 16 33 14 13 39 33 28 19 28 15 16 24 11 23 25 21 7 36 31 18 32 
29 29 37 25 21 41 18 21 31 21 21 23 41 39 36 23 23 31 16 21 27 21 18 23 34 38 35 40 36 16 37 15 28 31 41 40 34 28 17 24 27 29 35 22 27 22 13 13 33 27 34 40 29 19 41 25 22 25 7 37 18 31 27 37 20 19 33 32 27 19 28 7 15 27 32 17 30 35 26 18 22 13 18 40 36 37 35 37 34 19 37 13 18 8 41 32 38 28 9 39 34 7 27 23 22 20 12 23 32 33 14 42 28 20 13 15 16 22 15 20 16 37 29 43 40 18 25 39 27 27 10 14 15 35 33 8 40 15 32 24 21 44 32 36 23 38 27 32 36 41 29 13 28 16 17 20 28 15 31 19 16 37 36 35 38 41 35 20 20 27 23 19 26 41 40 15 14 29 43 23 30 20 11 31 42 27 16 27 20 18 26 19 27 34 13 16 39 28 22 32 
4 7 2 8 2 5 7 0 5 5 6 6 4 7 4 8 3 8 8 3 1 3 8 1 4 8 1 7 2 7 5 3 6 6 7 7 7 6 3 6 6 8 3 4 2 1 4 8 7 8 4 7 1 3 4 6 2 8 3 3 7 3 8 5 5 8 7 3 8 4 5 3 1 2 7 0 6 5 7 3 6 5 4 4 7 8 8 0 3 1 4 9 2 3 4 4 4 7 0 6 5 1 7 8 0 6 4 4 5 2 1 7 6 6 4 3 5 4 2 7 4 9 4 8 6 4 8 5 8 8 1 5 5 7 4 1 4 4 5 4 3 8 6 9 3 4 8 5 3 5 1 6 1 3 8 3 0 6 0 4 8 0 7 1 4 8 3 8 2 4 2 2 7 4 4 4 4 8 8 6 2 5 5 1 6 7 1 6 4 3 3 8 8 8 1 6 3 1 4 6 
3 6 2 7 0 3 7 1 5 3 6 5 3 5 3 6 3 6 6 2 2 4 8 2 4 7 2 7 0 6 3 1 4 4 5 5 6 5 2 4 4 6 2 3 2 1 2 6 6 6 4 6 1 1 3 4 2 6 4 1 5 2 6 4 3 7 6 2 8 3 3 4 1 0 5 0 4 3 5 1 4 4 2 2 6 6 6 1 3 1 2 8 2 3 3 2 4 6 2 5 3 2 6 6 2 5 4 3 3 4 0 5 5 5 3 2 3 3 3 5 2 7 3 7 5 4 6 3 6 6 1 3 3 5 3 3 2 2 3 3 2 6 4 7 3 2 7 4 2 3 1 5 1 1 6 2 2 4 2 3 7 0 5 0 3 8 4 7 0 2 0 1 6 3 3 2 3 6 7 5 2 3 5 2 4 7 1 6 3 1 1 6 7 6 2 4 2 1 2 6 
48 43 69 35 39 70 30 42 59 29 38 44 69 60 70 31 48 45 15 33 57 46 29 52 70 69 73 74 64 19 66 19 39 43 66 64 65 43 27 34 35 40 61 35 55 44 17 17 56 36 71 73 58 32 69 41 45 33 21 65 25 57 37 65 25 21 62 60 48 27 41 21 30 51 51 33 43 60 34 25 30 26 27 72 69 59 52 74 69 37 61 20 37 17 69 55 72 41 26 73 59 20 47 29 45 36 19 44 48 75 25 70 43 31 14 22 19 33 34 22 23 60 45 74 66 40 34 60 37 36 16 17 17 54 54 27 71 19 50 37 34 70 47 53 49 69 50 57 61 70 55 21 56 24 17 35 59 14 63 26 12 73 60 65 63 75 75 26 37 44 40 35 37 69 68 17 26 41 74 32 61 29 20 72 68 50 32 51 27 30 46 21 43 50 36 16 69 56 35 60 
6 0 7 2 5 2 6 7 6 0 6 7 4 0 5 0 7 0 0 6 7 8 7 8 7 7 8 6 4 3 3 3 1 1 0 0 7 0 6 0 1 0 4 1 6 7 3 4 4 0 8 5 6 5 4 3 7 0 9 4 3 5 0 3 3 0 6 3 8 5 3 9 7 5 1 6 1 1 0 3 0 6 2 6 7 0 0 7 7 6 3 8 7 7 4 3 5 0 9 5 1 8 5 0 8 6 4 6 0 9 7 0 1 3 5 6 0 5 8 0 3 4 4 3 0 7 1 0 0 0 6 1 0 0 5 9 3 5 1 3 6 0 1 0 6 2 8 3 3 3 7 6 7 3 0 5 8 0 8 5 0 6 2 4 4 7 8 3 5 6 6 5 0 4 4 3 4 0 4 0 7 1 7 8 0 8 6 7 3 4 4 0 4 0 8 0 4 7 3 6 
9 0 9 0 7 4 3 9 4 3 3 5 8 4 5 1 7 3 1 9 7 7 4 9 5 4 8 3 6 1 4 6 5 5 3 0 4 1 9 2 5 1 6 2 6 7 5 1 1 1 7 2 7 6 7 2 7 3 8 6 1 5 1 3 7 2 3 3 5 8 7 9 8 7 0 8 5 2 4 5 2 5 3 9 5 3 2 8 6 8 6 5 6 6 7 5 4 0 9 3 2 9 2 3 9 4 2 5 4 9 8 0 0 2 8 9 3 8 8 4 5 0 7 0 1 6 0 4 2 4 8 2 3 4 8 9 6 8 4 5 9 2 5 4 5 3 5 1 6 6 8 4 7 5 2 5 9 3 9 8 4 8 0 5 7 4 8 0 6 9 7 6 0 8 7 6 3 1 0 0 7 1 5 8 3 5 7 5 7 6 5 3 1 2 9 4 5 7 5 4 
53 44 72 35 40 74 22 43 53 33 30 37 77 67 67 33 44 49 17 39 55 42 21 50 63 61 72 66 68 18 66 24 48 51 70 67 56 44 30 36 43 44 64 35 52 44 19 12 52 40 65 66 57 34 76 39 42 36 17 68 23 56 39 63 32 25 53 59 39 33 48 17 30 52 52 35 51 62 39 30 33 18 27 77 60 62 56 74 65 39 67 11 34 13 77 57 68 42 24 67 59 19 41 33 46 29 15 41 54 72 27 72 43 29 21 27 23 39 31 29 26 58 52 72 69 34 35 68 40 42 20 17 21 59 61 24 74 25 56 40 39 74 55 57 44 69 41 53 67 75 58 15 56 28 20 34 59 20 64 33 18 74 59 67 70 67 70 24 37 49 43 35 38 77 74 24 21 43 72 34 59 29 13 69 74 41 32 42 34 31 47 25 39 54 34 22 71 55 38 52 
3 4 3 5 1 1 6 3 4 1 5 5 3 3 2 4 4 4 4 3 3 5 7 4 4 7 4 6 0 4 1 0 2 2 3 3 6 3 3 2 2 4 0 1 3 2 0 5 4 4 5 5 2 0 2 2 3 4 5 0 4 1 4 2 2 5 5 0 7 3 3 5 3 1 3 2 2 1 3 0 2 4 0 3 6 4 4 3 3 2 1 7 3 3 3 0 3 3 4 4 1 4 4 4 4 5 2 3 1 5 2 3 3 3 3 3 1 3 4 3 0 5 2 5 3 4 4 2 4 4 2 1 1 3 3 5 0 3 1 0 3 4 2 5 3 0 7 2 1 1 3 4 2 0 4 1 4 2 4 3 5 2 3 0 2 7 5 5 1 3 2 1 3 3 2 2 2 4 5 3 3 1 5 4 2 6 2 5 2 0 0 4 5 4 4 2 0 3 0 5 
0 6 1 8 2 3 9 3 7 4 8 8 0 4 5 6 6 6 6 0 5 7 10 5 7 10 4 9 0 7 5 0 3 3 5 6 9 5 1 4 3 6 2 4 5 4 3 8 7 6 7 8 4 3 0 6 5 6 6 3 7 5 7 6 1 7 8 4 10 0 1 7 4 3 6 1 3 4 5 1 4 7 3 0 9 6 6 4 6 1 0 11 5 6 0 3 6 6 4 7 4 5 8 6 4 8 6 6 3 6 2 6 6 6 0 0 4 0 5 4 3 9 0 8 5 7 7 2 6 6 0 4 3 5 0 6 2 0 3 3 0 6 3 6 6 3 10 6 0 3 2 8 4 1 6 5 4 3 3 0 6 2 6 1 0 10 7 8 3 0 2 3 6 0 1 1 6 7 8 5 5 5 8 5 4 10 4 9 1 3 3 6 8 6 5 3 3 4 3 8 
10 5 9 6 7 6 1 7 2 5 1 1 9 8 3 6 4 7 6 9 5 4 1 6 0 1 6 1 7 5 5 7 8 8 7 5 0 5 9 5 8 7 7 4 4 6 6 3 3 7 3 1 6 6 9 4 5 7 5 6 4 4 6 4 9 7 0 3 1 9 9 5 6 6 5 7 8 5 8 7 5 0 4 9 0 7 7 6 4 8 8 1 4 3 9 6 3 5 6 2 4 7 2 8 8 1 1 3 7 6 7 5 4 4 10 9 6 10 5 8 6 5 9 4 5 1 6 7 6 8 8 4 6 7 9 6 7 9 7 6 9 7 8 8 2 4 0 2 8 8 8 1 6 6 7 4 7 7 8 9 9 7 4 5 9 1 4 5 6 9 7 5 5 10 8 8 1 6 4 5 5 4 1 5 7 0 6 0 9 6 6 8 4 7 6 7 6 5 7 1 
74 61 104 46 57 106 36 61 81 44 47 58 109 94 99 43 65 66 20 53 81 63 33 73 97 93 106 101 98 21 95 32 65 70 99 94 88 61 41 49 58 59 92 49 77 63 25 15 75 53 99 100 84 47 108 55 62 48 25 98 30 81 53 91 42 30 83 86 61 43 66 25 42 74 72 48 70 88 52 40 44 30 38 110 94 87 78 108 98 55 96 19 50 20 109 82 102 58 35 101 85 26 61 42 65 45 22 61 75 107 37 102 60 40 25 35 29 53 45 37 34 82 72 102 97 52 46 96 53 55 25 22 26 81 85 35 107 31 78 55 53 104 76 79 67 101 64 78 95 107 82 24 81 37 23 49 86 24 92 43 19 108 84 97 99 102 105 31 53 68 60 50 51 109 105 30 32 59 102 45 86 39 22 103 105 64 45 67 45 44 67 30 54 74 49 28 103 81 52 81 
5 7 4 7 2 5 6 2 4 4 5 4 5 7 2 7 1 8 7 5 0 2 7 1 3 6 0 6 3 6 4 4 6 6 6 7 5 6 4 5 6 8 3 4 1 1 4 6 6 8 2 6 1 2 5 5 0 7 1 3 6 2 7 4 6 8 5 2 6 5 6 1 1 2 6 2 6 4 7 3 5 3 3 5 5 7 7 1 1 2 5 7 1 1 5 4 3 6 1 4 4 1 5 8 2 4 3 2 5 2 2 6 5 5 5 5 5 5 0 7 4 7 5 7 6 2 7 5 7 8 3 4 5 7 5 1 4 5 5 4 4 7 6 8 1 3 6 4 4 5 3 4 1 3 7 2 1 5 2 5 8 1 6 2 5 6 1 7 2 5 3 2 6 6 5 5 2 7 7 6 0 4 3 0 6 5 1 5 5 3 3 8 7 8 1 6 3 0 4 5 
9 4 8 4 6 5 1 6 0 4 0 1 8 7 2 5 3 6 5 8 4 3 2 6 1 1 5 1 5 3 3 6 7 6 5 4 1 4 8 4 6 5 5 3 3 5 5 2 2 5 3 1 5 5 8 3 4 6 4 5 3 3 5 2 8 6 0 2 2 8 8 5 5 5 3 6 6 3 6 5 4 0 3 8 1 6 6 5 3 7 7 2 3 3 8 5 1 4 6 0 3 6 1 6 7 0 0 2 5 6 6 4 3 2 8 8 4 8 4 7 5 4 8 3 4 1 5 6 5 7 7 3 4 6 8 5 6 8 5 5 8 6 6 7 1 3 1 1 6 6 7 0 5 5 5 3 6 5 7 8 7 6 3 4 7 2 4 4 5 8 6 4 4 8 7 7 0 5 3 3 4 2 1 5 5 1 5 0 7 5 4 6 3 6 5 6 5 4 5 0 
5 7 4 8 3 5 7 1 5 5 6 5 6 8 3 8 2 8 8 5 1 2 7 0 3 7 0 7 3 7 5 4 7 7 7 7 6 6 4 6 7 8 4 4 2 1 4 7 7 8 3 7 1 3 5 6 1 8 1 4 7 3 8 5 6 9 6 3 7 5 6 1 1 2 7 1 6 5 8 4 6 3 4 5 6 8 8 1 2 2 5 8 2 2 5 4 4 7 0 5 5 0 6 8 1 5 4 3 6 1 2 7 6 6 5 5 5 5 1 8 4 8 5 8 7 2 8 6 8 9 3 5 5 8 5 0 5 5 5 5 4 8 6 9 2 4 7 5 4 5 3 5 1 3 8 3 1 6 2 5 9 1 7 2 5 7 2 8 2 5 3 2 7 6 5 5 3 8 8 6 1 5 4 0 6 6 1 5 5 3 3 9 7 9 0 6 4 1 4 5 
8 1 7 1 5 3 2 7 3 2 2 3 7 4 3 2 5 3 2 7 5 6 3 7 4 3 7 2 4 0 2 4 5 4 3 1 3 1 7 1 4 2 4 1 5 6 3 1 0 2 5 1 5 5 6 1 5 3 6 4 0 3 2 1 6 3 2 2 4 7 6 7 6 5 0 6 4 1 4 4 1 3 1 7 4 3 3 6 4 7 5 4 5 5 6 3 2 1 7 2 1 7 1 3 8 3 1 3 3 8 7 0 0 0 7 8 2 7 6 4 4 1 6 1 1 4 2 3 2 4 7 0 2 3 7 7 4 7 3 3 7 3 4 4 3 1 4 0 5 4 7 2 6 4 2 3 7 3 7 7 4 6 0 4 6 3 6 1 5 7 6 4 1 7 6 5 1 2 1 0 5 0 4 6 3 4 6 3 6 4 4 3 1 3 7 3 4 5 4 3 
24 27 32 23 18 38 19 19 33 19 22 25 36 36 37 21 25 29 14 16 28 24 20 25 37 39 36 42 32 15 36 11 25 27 38 38 36 26 12 21 23 27 32 20 28 21 11 13 33 25 37 41 28 16 36 24 22 23 11 34 17 30 25 36 15 17 35 31 28 14 23 11 14 25 31 13 26 33 23 14 19 15 16 36 38 35 32 36 36 15 32 15 19 10 36 30 38 26 11 40 33 9 28 21 20 21 12 24 28 37 11 41 26 20 8 10 14 17 17 17 14 36 24 42 38 21 23 35 24 24 5 12 12 33 28 12 37 10 29 21 16 41 29 33 25 37 29 32 32 38 25 14 27 13 14 19 28 12 29 14 13 34 35 32 34 42 38 19 18 22 19 18 24 36 36 11 15 27 43 21 30 18 13 35 39 29 15 29 16 16 24 17 26 32 17 13 36 28 19 33 
4 5 3 6 1 3 5 2 3 3 4 4 4 5 1 5 2 6 6 4 1 3 6 2 3 6 2 5 1 5 2 2 4 4 5 5 5 4 3 3 4 6 2 2 1 1 2 5 5 6 3 5 0 1 4 3 1 6 3 2 4 1 6 3 4 6 4 1 6 4 4 3 1 1 4 1 4 2 5 2 3 3 1 4 5 5 6 1 2 2 3 7 1 2 4 2 2 5 3 4 2 2 4 6 3 4 2 2 3 3 2 4 4 4 4 4 3 4 2 5 2 6 4 6 4 3 6 4 5 6 2 3 3 5 4 3 2 4 3 2 4 6 4 7 1 1 6 3 3 3 2 4 1 1 6 1 2 4 3 4 6 1 4 0 4 6 3 6 0 4 2 0 5 4 3 3 2 6 6 4 1 3 4 2 4 5 1 5 4 1 1 6 5 6 2 4 1 1 2 4 
8 5 7 5 5 5 2 5 0 4 1 0 8 7 1 5 2 7 6 7 3 2 3 5 0 2 4 2 5 4 3 5 7 6 6 5 1 4 7 4 6 6 5 3 2 4 4 3 3 6 2 2 4 4 7 3 3 6 3 5 3 2 6 3 7 7 1 2 3 7 7 4 4 4 4 5 6 3 7 5 4 0 3 7 1 6 6 4 2 6 6 3 2 2 7 4 1 5 5 1 3 5 2 7 6 0 0 1 5 4 5 4 4 3 8 7 4 8 3 7 4 5 7 4 4 0 5 6 6 7 6 3 4 6 7 4 5 7 5 5 7 6 6 7 0 3 2 1 6 6 6 1 4 4 6 2 5 5 6 7 7 5 3 3 7 3 3 5 4 7 5 3 4 8 6 6 0 5 4 4 3 3 0 4 5 2 4 1 7 4 4 7 3 6 4 6 4 3 5 1 
27 21 37 18 21 35 17 24 31 13 20 24 37 31 36 15 26 23 8 19 30 26 17 29 37 37 39 39 33 10 33 10 21 22 32 32 35 21 16 16 18 20 31 16 29 24 9 9 29 19 38 38 31 17 37 20 24 17 13 33 13 29 19 33 14 11 32 30 26 16 23 14 17 27 25 18 23 29 17 13 13 15 12 39 37 29 26 39 36 21 32 13 20 11 37 28 37 20 16 38 28 13 24 15 26 20 10 24 23 41 15 35 21 16 10 14 8 19 19 12 12 31 25 38 32 22 17 31 18 19 11 7 7 27 29 16 36 12 24 18 20 35 24 27 26 34 27 29 32 35 30 12 30 12 8 18 33 6 34 15 7 39 30 33 34 40 40 14 20 25 22 19 18 37 35 10 13 21 38 16 32 14 12 39 33 27 18 27 15 16 24 11 22 26 21 8 35 30 18 32 
11 5 10 6 8 7 1 9 3 6 2 3 11 9 5 6 5 8 6 11 7 5 0 8 2 0 8 1 8 5 6 8 9 9 7 6 1 5 10 6 9 7 8 5 6 7 7 3 4 7 5 1 7 8 10 5 6 8 6 8 4 6 6 5 10 8 0 5 0 11 10 7 8 8 5 8 9 5 9 8 6 2 5 11 1 7 8 8 5 9 9 0 6 5 10 7 4 5 8 3 5 8 3 8 9 2 2 5 7 8 9 5 5 4 11 11 7 11 6 9 7 5 10 5 6 3 6 8 7 9 10 5 7 8 11 7 8 11 7 7 11 7 9 9 3 5 1 3 9 9 9 2 7 7 7 6 9 7 9 10 9 8 4 7 10 0 6 5 7 11 9 7 5 11 9 9 3 6 4 5 6 5 3 7 7 1 7 2 10 7 7 8 4 7 7 8 7 7 8 2 
6 2 6 3 4 2 3 5 2 1 2 3 6 4 1 3 3 4 3 6 4 4 4 5 3 4 5 3 3 2 0 3 4 4 3 2 3 1 6 1 4 3 3 0 3 4 2 2 1 3 4 2 3 3 5 0 3 4 5 3 1 1 3 0 5 4 2 0 4 5 5 5 4 3 1 4 4 0 4 3 1 2 0 6 4 3 4 4 3 5 4 5 3 3 5 2 1 2 6 2 0 5 2 4 6 2 0 2 2 6 5 2 1 1 6 6 2 6 4 4 2 3 5 2 2 3 3 3 3 5 5 0 2 3 5 5 3 6 2 2 6 3 4 5 2 0 4 0 4 3 5 2 4 2 3 1 5 2 6 5 5 4 1 2 5 4 4 3 3 6 4 3 2 6 4 4 0 3 3 1 3 0 3 5 3 4 4 3 5 2 2 4 2 4 5 3 2 4 3 2 
6 7 4 8 3 5 6 2 4 5 5 4 6 8 3 8 1 8 8 5 1 1 7 0 3 7 0 6 3 7 5 4 7 7 7 7 5 6 4 6 7 8 4 4 1 1 4 7 6 8 2 6 1 3 6 5 1 8 1 4 6 3 8 5 6 9 5 3 7 5 6 1 1 3 6 2 7 5 8 4 6 3 4 5 5 8 8 1 2 3 5 7 1 2 6 4 4 7 1 5 5 1 6 8 2 4 3 3 6 1 3 7 6 6 6 5 5 6 0 8 4 8 6 7 6 2 8 6 8 9 3 5 5 8 6 0 5 5 6 5 5 8 7 9 1 4 6 4 5 6 3 5 1 4 8 3 1 6 2 6 9 1 6 2 6 7 1 8 2 5 3 2 7 6 6 5 3 8 8 6 1 5 4 0 6 6 1 5 6 3 3 8 7 8 0 6 4 1 5 5 
23 27 32 23 19 38 20 20 33 18 23 25 35 35 37 21 25 28 13 16 29 25 20 26 38 40 36 42 32 15 36 10 24 26 38 38 37 26 11 21 22 26 32 20 28 22 11 13 33 24 37 41 29 16 35 24 23 22 11 34 17 30 24 36 14 16 35 31 29 13 22 12 15 25 30 14 26 33 22 13 19 16 16 35 39 35 32 37 36 16 31 15 20 10 35 29 39 26 12 40 32 10 28 20 21 21 13 24 28 38 11 40 26 20 7 10 13 16 18 16 13 36 24 42 38 22 23 34 24 24 5 12 12 32 27 13 37 9 29 21 15 41 28 32 26 37 29 32 31 37 26 14 28 12 14 19 29 11 30 13 12 34 35 32 33 43 39 19 19 21 19 18 24 35 35 10 15 26 42 21 31 18 13 36 39 29 16 29 15 16 24 16 26 31 18 12 36 28 19 34 
4 3 4 4 2 0 6 4 5 0 5 5 3 2 3 3 5 3 3 3 4 6 7 5 5 7 5 6 1 4 2 0 1 1 2 2 6 2 4 1 1 3 1 0 4 4 0 5 4 3 6 5 4 2 2 2 4 3 6 1 3 2 3 2 2 3 5 1 7 3 2 6 4 2 2 3 1 0 2 0 1 5 0 4 6 3 3 4 4 3 1 8 4 4 2 0 3 2 6 5 0 6 5 3 5 5 3 4 0 7 4 2 2 3 3 4 0 3 5 2 0 5 2 4 2 5 4 1 3 3 3 1 0 2 3 6 0 3 0 0 4 3 1 3 4 0 7 2 1 0 4 5 4 0 3 2 5 0 5 2 3 3 3 1 2 7 6 5 2 3 3 2 3 3 1 1 3 3 5 2 4 1 5 5 1 7 4 6 2 1 1 3 5 3 5 1 1 4 0 5 
28 24 37 19 20 37 14 22 28 16 17 20 39 35 32 18 22 26 10 20 27 22 15 26 33 34 36 36 33 10 32 12 24 26 36 35 31 23 16 18 22 24 31 17 25 22 9 8 28 22 34 36 28 16 39 20 21 20 10 33 13 26 21 31 17 14 30 27 24 17 25 10 15 25 27 17 26 30 21 14 16 11 12 39 33 32 30 37 33 20 34 10 17 7 39 28 33 22 13 35 29 10 22 18 24 16 7 20 27 37 14 37 22 15 11 14 11 21 16 16 12 31 27 38 35 18 19 35 21 22 10 8 10 30 31 13 37 13 28 19 20 39 28 31 22 33 24 27 33 37 29 9 28 13 11 15 30 10 32 17 11 37 31 32 36 37 36 14 18 25 21 17 20 39 37 12 10 23 38 18 29 14 8 35 37 24 15 24 18 15 22 14 22 29 18 12 35 27 19 28 
93 86 132 67 70 140 49 74 107 60 64 75 141 126 129 62 81 91 31 65 100 78 46 89 126 126 133 137 126 34 127 39 86 94 134 130 117 85 48 68 78 83 119 67 96 77 31 25 105 75 126 137 104 58 141 76 76 67 26 127 45 106 75 124 53 43 112 113 82 53 85 26 49 94 101 58 93 119 70 51 60 38 50 141 124 118 107 137 125 66 124 26 60 21 141 107 134 82 38 136 115 26 85 59 78 60 30 78 101 134 42 141 85 56 29 41 40 65 53 50 43 115 93 142 133 66 67 129 74 75 27 31 36 110 109 38 140 37 104 71 64 143 101 108 85 134 85 107 124 140 103 32 101 46 35 62 106 33 114 53 27 137 117 125 129 138 134 47 65 85 74 61 74 141 136 36 42 82 142 65 108 55 27 129 141 85 53 88 57 54 86 43 78 103 57 37 135 100 67 108 
4 7 2 8 1 4 7 0 5 4 6 5 4 6 3 7 3 8 7 3 1 3 8 1 4 8 1 7 2 7 4 3 5 5 6 7 7 6 2 5 5 8 3 4 2 0 4 7 7 8 4 7 1 2 4 5 2 7 3 3 6 3 8 5 4 8 6 2 8 4 4 3 0 1 6 0 5 4 7 2 5 4 3 3 6 7 7 0 3 1 3 8 2 3 4 3 4 7 1 6 4 1 6 8 1 5 4 3 5 3 1 6 6 6 4 3 5 4 2 6 3 8 4 7 6 3 8 5 7 8 1 4 4 7 4 2 3 3 4 4 3 7 5 8 3 3 7 5 3 4 1 6 0 2 7 3 0 5 1 4 8 0 6 1 4 8 3 8 1 3 1 2 7 4 4 4 4 7 8 6 1 5 5 1 5 7 0 6 4 2 3 8 7 8 1 5 3 1 3 6 
91 86 129 67 68 139 51 73 109 60 66 78 139 125 131 62 83 91 31 62 102 80 48 90 129 128 134 139 125 34 128 38 84 92 133 130 119 85 45 68 76 83 118 67 98 77 31 27 106 75 129 139 105 57 139 77 78 67 28 126 46 107 75 124 51 43 114 114 84 50 83 28 49 93 101 55 92 119 70 49 60 41 51 138 127 118 106 137 127 64 122 29 63 23 139 106 136 82 38 138 115 26 86 59 77 62 32 79 100 136 40 141 85 57 27 38 40 63 55 49 42 116 91 143 133 68 67 128 74 75 25 32 35 110 107 39 138 34 103 71 62 142 100 107 87 135 88 108 122 139 100 34 101 45 35 63 106 32 113 51 27 136 118 124 127 140 136 47 65 82 72 61 74 139 135 35 44 83 143 65 110 56 29 130 140 87 53 90 55 54 86 43 79 103 58 36 134 101 66 110 
8 1 8 2 6 4 2 7 3 2 2 3 7 5 4 2 5 4 2 8 6 6 3 7 4 3 7 2 5 1 3 5 5 5 3 2 3 1 8 2 5 3 5 2 5 6 4 0 0 3 6 1 6 5 7 2 5 4 7 5 1 4 2 2 7 4 1 2 3 8 7 7 6 6 1 7 5 2 4 5 2 3 2 8 3 3 3 7 5 7 6 4 5 5 7 4 3 1 8 2 1 8 1 4 8 3 1 4 4 8 7 1 1 1 8 8 3 8 6 5 5 1 7 0 2 4 2 4 3 5 7 1 3 4 7 8 5 8 4 4 8 3 5 5 3 2 4 0 6 5 7 2 6 5 3 4 8 3 8 7 5 7 0 4 7 3 6 1 5 8 7 5 1 8 6 6 1 2 0 1 6 1 4 7 4 4 6 3 7 5 5 4 0 3 7 4 5 6 5 2 
52 39 72 30 40 72 26 44 56 30 34 41 75 63 68 28 46 44 12 38 57 45 25 52 67 65 74 70 67 14 65 23 44 47 66 62 61 40 30 33 40 39 63 33 54 45 18 12 52 35 69 68 58 33 74 38 44 32 20 67 21 56 34 62 30 20 57 59 43 31 46 20 31 52 47 35 48 59 35 28 29 23 26 76 65 58 52 75 68 39 65 16 36 16 74 56 70 37 27 69 57 21 43 28 47 32 16 43 51 75 27 67 39 28 19 26 20 37 33 25 24 55 50 68 64 38 30 65 35 37 19 15 18 55 59 27 73 23 53 38 38 69 52 53 47 68 45 53 65 73 58 18 57 26 15 34 60 16 65 31 13 75 55 67 68 71 73 20 38 48 43 36 33 75 72 21 23 38 69 29 60 27 17 72 70 46 33 47 32 31 47 20 37 49 36 19 70 57 37 56 
30 20 40 15 24 38 14 26 30 16 18 23 41 34 37 14 26 24 7 23 32 26 14 30 36 34 41 36 36 7 34 14 25 26 35 31 33 20 19 17 22 20 34 18 30 26 11 6 26 18 38 35 33 20 41 20 25 17 14 36 11 30 18 32 18 11 30 31 24 20 27 14 19 29 24 21 26 31 20 17 16 13 14 42 35 30 27 41 37 24 36 10 21 11 41 31 37 19 18 36 29 15 22 16 28 18 9 24 27 42 18 33 20 15 14 17 11 23 20 15 15 27 29 34 33 22 15 34 18 21 14 8 11 29 33 18 39 16 28 21 23 36 28 28 26 35 25 27 36 39 33 11 32 16 8 19 35 10 37 19 9 41 27 36 38 37 40 10 22 28 25 21 16 41 39 14 13 20 34 14 34 14 11 40 37 25 20 26 19 18 26 12 19 26 22 12 38 32 21 30 
31 22 41 18 24 39 12 26 28 18 16 21 43 36 36 17 25 26 10 24 31 24 11 30 34 31 40 34 37 9 35 15 27 28 37 34 30 23 20 19 24 23 35 19 29 26 12 6 26 21 36 32 32 20 42 21 25 20 13 37 12 30 20 33 20 14 27 31 21 21 28 13 19 29 26 21 28 32 22 18 18 11 15 43 32 33 30 41 36 24 37 7 20 10 42 31 36 21 17 34 31 14 21 18 28 16 8 23 29 41 18 36 22 15 15 18 13 24 19 17 15 29 30 36 35 20 18 36 21 23 14 9 12 31 35 16 40 17 30 22 24 38 30 31 24 36 22 27 37 40 33 9 32 17 11 19 34 12 36 20 11 41 29 36 39 34 39 12 22 29 25 21 19 43 40 15 11 23 36 17 33 15 9 39 39 22 19 23 21 19 26 14 19 28 21 14 38 31 22 28 
6 8 5 8 3 6 6 2 4 6 5 4 6 8 3 8 1 9 8 6 1 1 7 1 2 6 1 6 4 7 5 5 7 7 7 8 5 7 5 6 7 9 5 5 2 2 5 7 6 9 2 6 2 4 6 6 1 9 0 4 6 3 8 5 7 9 5 3 6 6 7 0 2 3 7 2 7 5 8 4 6 3 4 6 5 8 9 2 2 3 6 7 1 2 6 5 4 7 1 5 5 1 6 9 2 4 4 3 6 0 3 7 6 6 6 6 6 6 0 8 5 8 6 8 7 2 8 7 8 9 4 5 6 8 6 0 5 6 6 5 5 8 7 9 1 4 6 4 5 6 4 5 2 4 8 3 2 7 3 6 9 2 7 3 6 7 1 8 3 6 4 3 7 7 6 6 3 8 8 7 1 5 4 0 7 5 2 5 6 4 4 9 7 9 0 7 4 1 5 5 
7 7 6 8 4 6 5 3 3 6 4 3 7 8 3 8 1 9 8 7 2 0 6 2 1 5 2 5 5 7 5 5 8 8 8 7 4 7 6 6 8 8 5 5 2 3 5 6 6 8 1 5 2 4 7 5 2 9 0 5 6 3 8 5 7 9 4 3 5 7 8 0 3 4 7 3 7 5 8 5 6 2 4 7 4 8 9 3 1 4 6 6 1 1 7 5 3 7 2 4 5 2 5 9 4 4 3 2 7 1 4 7 6 5 7 7 6 7 1 8 5 8 7 7 7 0 8 7 8 9 5 5 6 8 7 1 6 7 6 6 6 8 7 9 0 4 5 4 6 7 5 4 3 5 8 3 3 7 4 7 9 3 6 3 7 6 0 8 3 7 5 3 7 7 7 7 3 8 7 6 2 5 3 1 7 4 3 4 7 4 4 9 7 9 1 7 5 2 5 4 
5 8 3 9 3 6 8 1 6 6 7 6 5 8 4 9 3 9 9 4 2 4 9 1 5 9 1 8 3 8 6 4 7 7 8 8 8 7 3 7 7 9 4 5 3 2 5 8 8 9 4 8 2 3 4 7 3 9 3 4 8 4 9 6 5 9 7 4 9 4 5 3 1 3 7 0 6 5 8 4 6 5 5 4 7 8 9 1 4 1 4 9 3 4 4 5 5 8 0 7 6 1 8 9 0 6 5 4 6 2 2 8 7 7 5 4 6 5 2 8 5 9 5 9 7 4 9 6 8 9 2 6 6 8 4 1 5 4 6 5 3 9 6 9 3 5 8 6 4 6 2 7 2 3 9 4 0 6 0 4 9 0 8 2 5 9 3 9 3 4 3 3 8 5 5 5 5 9 9 7 2 6 6 0 7 8 2 7 5 4 4 9 9 9 1 7 4 2 5 7 
92 84 131 65 69 138 49 74 107 58 64 76 140 124 130 61 83 89 29 63 102 79 46 91 128 126 135 137 125 32 126 37 84 91 132 128 117 83 47 67 75 81 117 65 98 77 29 25 104 73 128 137 105 56 139 75 78 65 28 125 44 105 73 123 51 41 113 112 82 51 83 28 50 92 100 57 91 118 68 49 59 39 49 139 125 116 105 138 126 66 122 27 62 22 139 105 134 80 39 136 114 27 84 57 79 60 30 78 99 136 42 140 83 55 28 39 38 64 55 48 41 114 91 141 131 67 65 127 73 73 26 30 34 108 107 40 138 35 102 69 63 141 99 106 86 133 86 106 122 138 102 32 101 44 33 61 107 31 115 51 26 138 116 123 127 138 135 45 64 83 73 60 72 140 135 35 42 81 141 63 110 54 28 131 139 86 53 89 55 52 84 41 77 101 59 35 133 101 65 108 
6 5 4 6 3 4 4 3 2 3 3 2 6 6 1 6 0 7 6 5 1 1 5 2 2 5 2 4 3 5 3 3 6 5 5 5 4 4 5 4 5 6 3 2 0 1 3 5 4 6 2 4 1 2 5 3 0 6 2 3 4 1 6 3 5 7 3 1 5 5 6 2 2 2 4 2 5 3 6 3 4 2 2 5 4 6 6 2 0 3 4 5 0 0 5 3 1 5 3 3 3 3 4 7 3 3 1 1 4 3 3 5 4 3 6 5 4 6 1 6 3 6 5 5 5 1 6 5 6 7 4 3 4 6 5 2 4 5 4 3 5 6 5 7 0 2 5 2 4 4 4 3 1 3 6 1 3 4 3 5 7 2 4 1 5 5 2 6 2 5 3 1 5 6 5 5 1 6 5 4 0 3 2 2 5 4 1 3 5 2 2 7 5 7 2 5 3 1 3 3 
8 7 6 8 5 6 5 4 3 6 4 3 8 9 3 8 1 9 8 7 2 0 6 2 1 5 2 5 5 7 5 6 8 8 8 7 4 7 6 6 8 9 5 5 2 3 5 6 6 9 0 5 3 4 7 5 2 9 1 5 6 3 8 5 8 9 4 3 5 7 8 1 3 4 7 4 8 5 9 5 6 1 4 7 4 8 9 3 1 5 7 5 2 1 8 5 3 7 2 4 5 3 5 9 4 3 3 2 7 2 5 7 6 5 8 7 6 8 1 8 5 8 7 7 7 0 8 7 8 9 5 5 6 8 7 1 6 7 7 6 7 8 8 10 0 4 4 4 6 7 5 4 3 5 8 3 3 7 4 7 10 3 6 4 7 5 0 8 4 7 5 4 7 8 7 7 2 8 7 6 2 5 2 1 7 4 3 3 7 5 5 9 7 9 1 7 5 3 6 4 
5 4 4 5 2 2 5 3 3 2 4 3 4 5 1 5 2 5 5 4 1 3 6 3 3 5 2 5 1 4 2 2 4 4 4 4 4 3 4 3 4 5 2 1 1 1 2 4 4 5 3 4 1 1 4 3 1 5 3 1 4 0 5 2 4 6 4 0 6 4 4 3 2 1 4 2 4 2 5 2 3 3 1 4 4 5 5 2 2 3 3 6 1 2 4 1 2 4 3 3 2 3 4 5 3 3 1 1 3 4 2 4 3 3 5 4 3 5 2 5 2 5 4 5 4 2 5 3 5 6 3 2 2 5 4 3 2 4 3 2 4 5 4 6 1 1 5 2 3 3 3 3 1 1 5 0 3 3 3 4 6 2 4 0 4 6 3 5 1 4 2 0 4 4 3 3 1 5 5 3 1 2 3 3 3 5 1 4 4 1 1 6 5 6 3 4 1 1 2 4 
27 26 35 22 19 38 17 19 30 18 20 22 39 37 34 21 21 28 13 20 25 21 17 23 34 36 33 39 33 13 35 12 26 28 38 37 33 26 15 21 24 26 32 20 25 19 10 11 31 24 33 39 26 16 39 23 19 22 7 34 16 28 24 34 17 17 32 30 25 17 25 8 12 25 30 15 28 33 23 15 19 12 15 39 35 35 32 34 32 18 34 12 16 6 39 29 36 25 10 37 32 7 25 21 21 18 10 21 29 35 12 40 25 18 11 14 14 20 13 18 13 34 27 41 38 18 22 36 24 25 9 11 12 33 31 10 38 13 30 21 19 41 30 33 22 36 26 30 34 39 27 11 25 14 14 17 27 12 30 17 13 35 34 32 36 40 35 17 17 25 20 16 23 39 38 13 12 26 41 21 27 17 10 32 39 26 13 26 18 15 23 17 24 32 15 14 36 25 20 31 
30 26 39 21 22 40 14 23 27 19 17 19 42 38 34 21 22 29 13 23 28 20 13 26 30 33 37 36 36 12 35 15 28 29 39 37 30 25 18 21 25 26 34 20 26 23 12 9 29 24 32 36 30 19 42 22 22 23 9 36 15 29 24 34 20 17 29 31 22 20 28 9 16 28 29 19 29 33 24 18 19 8 16 42 31 35 33 38 33 22 37 8 17 7 42 31 35 25 13 35 32 10 23 21 25 15 8 21 30 37 16 39 25 17 14 17 15 23 16 19 15 33 30 39 38 15 22 38 24 26 12 11 13 33 34 12 40 16 31 22 23 41 31 34 21 37 22 28 36 41 31 9 29 16 14 18 31 13 34 20 14 39 33 35 39 36 35 16 20 28 24 19 23 42 40 15 11 26 39 20 30 17 6 35 41 22 17 22 21 18 26 17 23 32 17 15 38 29 22 28 
31 24 40 20 23 39 12 24 27 18 15 18 42 37 34 19 23 27 11 23 29 22 12 28 31 31 38 34 37 11 34 15 27 29 38 36 28 24 19 20 25 25 34 19 27 24 12 7 27 23 34 34 31 19 42 21 23 21 10 36 13 29 22 33 20 15 27 30 20 20 28 11 17 28 28 20 29 33 23 17 18 9 15 42 30 34 31 39 34 23 37 7 18 8 42 31 35 23 15 34 31 12 21 20 26 14 7 21 30 39 17 38 23 16 15 17 14 24 17 18 15 31 30 38 36 17 20 37 22 24 13 10 13 32 34 14 40 16 30 22 23 40 31 32 22 36 21 27 37 40 32 7 30 16 13 18 32 12 35 20 12 40 31 35 39 34 37 14 21 28 24 19 21 42 40 15 10 24 38 19 31 16 7 37 40 21 18 21 21 18 26 16 21 30 19 14 38 30 22 26 
30 26 38 22 21 39 15 22 28 19 18 20 41 38 34 21 20 29 13 22 27 19 14 25 31 34 36 37 35 12 35 14 27 29 39 37 31 25 17 21 25 26 34 20 25 22 12 10 30 24 31 37 29 18 41 22 21 22 8 36 15 29 24 34 19 17 30 30 23 19 27 8 15 27 29 18 29 33 24 17 19 9 15 41 33 35 32 37 32 21 36 9 16 6 41 30 35 25 12 36 32 9 24 21 24 16 9 20 30 36 15 40 25 17 13 16 14 23 15 19 15 33 29 40 38 15 22 37 24 25 11 11 13 33 33 11 39 15 31 22 22 41 31 33 20 36 23 29 36 40 30 9 28 15 14 18 30 13 33 19 13 38 33 34 38 37 34 16 19 27 23 18 23 41 39 14 11 26 40 20 29 17 7 34 40 23 16 23 20 17 25 17 23 32 16 15 37 27 21 29 
2 6 0 7 1 3 8 2 6 3 7 6 2 5 4 6 4 7 7 1 3 5 9 3 6 9 3 8 0 7 4 1 4 4 5 6 8 5 0 4 4 6 2 3 4 2 3 7 7 6 6 8 2 1 2 5 3 6 5 2 6 3 7 5 2 7 7 3 9 1 2 5 2 1 6 0 3 3 6 1 4 6 3 1 8 6 6 2 4 0 1 9 4 4 2 3 5 6 3 6 4 3 7 7 2 6 5 4 3 5 0 6 5 6 2 1 4 2 4 5 2 8 2 7 5 5 7 3 6 6 0 4 3 5 2 4 2 1 3 3 1 6 4 7 4 3 9 5 1 3 0 6 2 1 6 3 2 4 2 1 7 0 6 0 2 9 5 8 2 1 0 2 6 2 2 2 4 7 8 5 3 4 6 3 4 8 2 7 2 2 2 7 8 7 3 4 2 2 2 7 
2 4 3 5 3 1 8 5 6 1 7 7 1 1 5 3 6 4 4 2 5 7 9 6 7 9 6 8 1 5 3 0 0 0 3 3 8 3 3 2 0 3 2 2 5 4 2 6 6 3 7 7 4 3 1 4 5 4 7 2 5 4 4 4 0 4 7 2 9 2 0 7 5 3 3 3 0 2 2 0 2 7 2 3 8 3 3 5 6 3 0 9 5 6 1 2 5 3 6 6 2 6 6 4 5 7 5 5 0 7 4 3 3 5 1 3 1 2 6 2 2 6 1 6 3 7 4 0 3 3 3 2 1 3 1 7 1 2 0 2 3 3 0 4 5 2 9 4 0 0 4 7 5 0 4 4 6 1 5 1 3 3 4 1 0 9 7 6 3 2 3 3 4 1 0 0 4 4 6 3 5 3 7 6 1 9 4 8 0 2 2 4 6 4 6 0 2 5 1 7 
8 2 8 3 6 4 1 7 1 3 1 2 8 6 3 3 4 5 3 8 5 5 2 6 2 2 6 1 5 2 3 5 6 5 4 3 2 2 8 3 5 4 5 2 4 5 4 1 1 4 4 0 5 5 7 2 4 5 6 5 1 3 3 2 7 5 0 2 2 8 7 6 6 5 2 6 6 2 5 5 3 2 2 8 2 4 4 6 4 7 6 3 4 4 7 4 2 2 7 1 2 7 0 5 7 1 0 3 4 7 7 2 2 1 8 8 3 8 5 5 4 2 7 2 3 3 3 5 4 6 7 2 3 5 8 6 5 8 4 4 8 4 5 6 2 2 2 0 6 5 7 1 5 4 4 3 7 4 7 7 6 6 1 4 7 2 5 2 5 8 6 4 2 8 6 6 0 3 2 2 5 1 2 6 4 2 5 2 7 5 4 5 1 4 6 5 4 5 5 1 
9 3 8 4 6 5 0 7 1 4 0 1 8 6 3 4 4 6 5 8 5 4 1 6 1 1 6 0 5 3 3 6 7 6 5 4 1 3 8 4 6 5 5 3 4 5 5 2 2 5 4 0 5 5 8 3 4 6 5 5 2 3 4 2 8 6 0 2 2 8 8 5 6 5 3 6 6 3 6 5 4 1 3 8 1 5 5 6 3 7 7 2 4 3 8 5 2 3 6 0 3 6 1 6 7 1 0 2 5 6 7 3 3 2 8 8 4 9 5 6 5 3 8 3 4 2 4 6 5 7 7 3 4 6 8 6 6 8 5 5 8 5 6 7 2 3 1 0 6 6 7 0 5 5 5 3 7 5 7 8 7 6 2 4 8 1 4 3 5 8 6 5 3 8 7 7 0 4 3 3 4 2 1 5 5 1 5 1 7 5 5 6 2 5 6 6 5 5 5 0 
6 4 5 4 3 3 3 4 1 3 2 2 6 5 0 4 2 5 5 6 2 2 4 4 2 4 3 3 3 3 2 3 5 5 4 4 3 3 5 3 5 5 3 1 1 3 2 3 3 5 3 3 2 2 5 2 2 5 3 3 3 1 5 1 5 6 2 0 4 5 5 4 3 3 3 3 5 2 5 3 3 1 1 6 3 5 5 3 1 4 4 5 1 1 6 2 0 4 4 2 2 4 2 6 5 2 0 0 4 4 4 3 3 2 6 6 3 6 3 5 3 4 5 4 3 2 5 4 5 6 4 2 3 5 6 4 3 5 3 3 5 5 5 6 0 1 4 1 4 4 4 2 3 3 5 0 4 4 5 5 6 3 3 2 5 4 3 4 2 6 4 2 4 6 5 5 0 5 4 3 2 2 2 3 4 4 3 3 5 2 2 6 4 5 3 4 2 2 3 2 
51 40 71 30 40 71 26 43 56 29 33 41 74 63 68 28 46 44 13 37 56 45 25 52 67 65 73 70 66 14 64 22 44 47 66 62 61 39 29 32 39 39 62 33 53 44 17 12 51 35 69 68 58 33 74 37 44 32 19 66 21 56 35 62 29 20 57 58 43 31 45 20 30 51 47 34 47 59 35 28 28 22 25 75 65 58 52 75 67 39 65 16 35 15 74 55 69 38 26 69 56 20 42 28 46 32 16 42 50 74 27 67 39 27 18 25 19 37 33 25 24 55 50 69 64 37 30 64 35 37 19 14 17 54 58 26 72 23 52 37 37 69 51 53 46 67 45 53 65 72 57 18 56 26 15 34 60 16 64 30 13 74 55 66 67 71 73 21 37 47 42 35 34 74 71 21 22 39 69 29 60 26 17 71 70 45 32 47 31 30 46 20 38 49 36 18 70 56 36 56 
