200 400 15 10
44.789 16.888
65.1249 74.5167
16.9502 47.7134
53.1449 65.3445
63.3801 96.6576
1.4096 31.3027
47.0371 7.6439
88.6326 79.1415
11.4028 36.5384
44.2541 58.5099
65.9548 18.3337
29.4773 7.6919
95.0368 15.3663
69.4286 82.6876
20.6807 30.0957
55.4762 38.3884
87.9278 65.0749
55.7858 81.7371
75.2334 76.6266
89.4901 37.4176
84.1844 18.9862
13.0857 64.6502
18.9154 0.36053
15.364 28.2888
2.8902 63.8601
0.90849 59.2075
59.6452 32.5289
60.9049 98.8951
91.8923 12.3236
73.3574 73.5877
30.1147 15.6617
49.5574 43.4647
25.8163 83.2243
73.2854 35.991
11.6761 7.6238
74.6042 55.6926
80.9789 27.393
74.5234 13.2055
33.7143 69.9655
58.4325 48.5905
46.8952 18.2716
8.7265 10.1215
82.8717 20.1584
68.5945 13.4746
26.7325 32.3789
96.9484 95.0545
18.3774 53.2131
29.9941 24.7686
41.1185 43.7276
23.6489 66.9088
19.5055 54.7696
70.5379 60.9054
18.0548 86.3135
52.2333 38.0696
29.6172 74.8956
46.2782 15.6697
92.5232 5.8124
21.5889 33.9707
0.10089 81.7176
90.6606 37.7548
68.0042 97.2605
51.4952 60.5319
52.2069 33.8236
10.2919 92.7984
99.688 89.8425
35.8969 85.0706
62.5243 25.6792
39.3367 28.5496
0.76624 77.9947
54.5285 70.1395
50.911 49.2512
24.6779 96.7668
4.5395 47.6161
84.173 99.4906
4.825 49.0579
31.632 50.3453
78.3419 76.8773
97.24 38.8084
58.6464 45.3259
77.8044 13.2854
72.7697 75.8506
65.0987 56.5237
66.4615 64.8637
93.878 79.8058
53.5081 22.0448
39.844 85.7891
67.0458 90.4729
44.0534 29.202
13.2874 72.587
43.9204 33.9446
54.7643 27.2681
39.5136 17.0275
39.8272 66.4018
75.1349 53.5852
52.235 82.9109
49.0433 26.7362
8.8679 17.6156
25.0852 43.1186
44.7559 47.5655
63.7961 78.5221
70.9445 13.0652
99.262 5.1356
93.2195 62.7506
9.2229 2.9088
95.354 13.6195
16.2796 69.4556
97.0455 51.5679
59.7007 54.2582
24.0227 80.8484
7.0295 79.3686
30.0041 50.1867
81.3545 27.6632
7.671 11.9665
35.4473 88.6598
13.2011 97.0289
15.818 94.2526
6.2147 63.8128
70.1843 9.059
8.6482 7.4708
61.6787 18.2451
17.3772 3.1688
65.1401 72.4936
49.8696 14.4159
28.4511 63.5927
83.056 78.9848
81.836 56.6253
93.8169 37.7414
0.03261 82.1586
64.0389 30.4881
0.73557 31.9373
10.6421 78.498
10.6794 50.3736
36.7109 26.0997
23.9608 73.2476
34.614 16.295
24.962 92.1075
38.7064 22.2223
42.1038 8.3609
64.0077 7.3702
78.7553 76.9552
26.9994 81.7677
84.3982 74.0426
74.0468 75.8249
82.6102 96.1195
18.2192 46.6425
6.5436 78.6996
61.035 42.2568
70.1553 94.373
11.1618 0.13144
9.5824 98.1268
59.7834 57.0194
81.2233 34.6471
81.4578 55.7503
8.9437 29.9785
73.1279 15.9073
90.3857 66.5256
45.2232 68.4203
7.0688 79.2409
24.1278 34.8624
73.1865 25.0075
4.0492 34.5003
42.4523 32.8633
54.0215 92.7486
95.3828 75.6072
20.8906 28.8239
11.6332 60.618
64.622 76.6029
10.8411 84.6152
98.3497 90.1981
24.8344 59.5707
60.6356 6.8536
81.6695 21.8043
83.0054 86.9408
48.9039 41.4218
76.0728 66.1209
91.5108 78.3485
90.0975 24.7886
21.4238 55.4425
54.7061 22.9585
78.4709 0.69128
19.4441 76.6639
74.6889 2.1833
47.5558 39.3103
58.3259 25.254
26.0548 20.4217
8.4822 66.2279
29.8133 91.4742
91.7129 0.69025
47.0518 74.6423
26.9468 79.9671
76.297 90.7799
77.2172 97.4574
2.13 11.9863
87.9986 51.897
79.817 82.1975
32.4165 63.7023
66.9044 95.391
29.6294 94.6926
92.9952 96.6605
28.196 6.7344
43.7535 75.0116 1
32.084 48.7184 1
13.4052 38.4786 1
13.4585 6.1409 1
80.5948 21.3691 1
52.4764 54.3873 1
94.4257 41.0645 1
98.834 90.0963 1
40.9894 5.629 1
37.1188 44.3509 1
22.6854 53.7813 1
44.6031 13.4061 1
26.6221 54.0947 1
45.9096 85.7368 1
43.2905 19.8017 1
25.9623 15.5609 1
13.3715 6.1378 1
41.9228 66.1074 1
50.6861 1.8603 1
32.4325 29.1103 1
68.4689 97.3824 1
44.3094 76.464 1
43.5663 24.3684 1
79.3024 68.2116 1
81.5556 13.7855 1
75.2113 62.9812 1
78.9256 85.7015 1
50.1267 89.9798 1
55.5182 34.8368 1
63.075 48.631 1
9.7989 67.9517 1
24.5676 70.4122 1
61.5725 46.0884 1
30.496 36.4272 1
76.6968 28.0265 1
26.7229 7.6204 1
3.9506 44.4625 1
29.6562 16.5706 1
55.6365 39.8749 1
96.9074 92.0585 1
68.9125 51.1334 1
71.7881 91.4142 1
55.9029 9.1934 1
53.3354 99.3037 1
87.5724 9.6434 1
39.3099 31.3147 1
45.8067 78.5375 1
20.8245 60.24 1
75.7273 46.5908 1
54.6692 29.8131 1
35.7388 13.3173 1
70.0998 29.5009 1
10.9222 16.6627 1
0.66108 31.7104 1
59.7302 10.984 1
65.9176 83.2088 1
58.0006 97.1593 1
90.9952 21.8271 1
63.6006 70.6078 1
52.5561 3.9014 1
25.9623 61.6295 1
5.1171 66.9364 1
73.195 3.7202 1
16.4291 0.33346 1
28.0397 14.2464 1
25.9427 86.2405 1
54.7096 27.6037 1
54.1268 53.1692 1
78.8113 52.2221 1
86.9606 56.7618 1
78.7541 33.3033 1
96.9428 41.3417 1
18.0468 41.4348 1
93.0599 98.3922 1
4.5152 5.7739 1
24.0646 39.6543 1
0.8855 79.1321 1
67.1594 59.4185 1
90.4813 30.9563 1
57.2416 90.1803 1
15.5461 9.3127 1
50.2367 31.9027 1
56.7733 88.6962 1
18.8272 65.7432 1
32.4196 68.4517 1
71.6037 47.3949 1
55.2929 14.1244 1
14.2282 95.0925 1
38.0364 88.2626 1
39.6569 43.7439 1
57.6742 83.4957 1
1.9402 32.5143 1
57.758 36.7639 1
93.2196 79.4839 1
10.6873 9.9309 1
73.215 95.1782 1
97.0523 0.14739 1
60.8886 29.5396 1
71.9666 4.8455 1
30.2752 44.274 1
45.9022 78.9846 1
4.8029 91.3521 1
38.5352 53.3254 1
36.1716 80.4076 1
28.7584 56.266 1
81.6713 75.0876 1
45.0528 0.92304 1
80.6633 47.6785 1
79.0173 25.033 1
28.2958 30.7918 1
6.8309 96.6949 1
5.4931 20.8804 1
63.7523 52.0476 1
42.4286 22.5546 1
90.5531 56.7198 1
41.7321 99.8164 1
15.4058 13.1865 1
53.9999 95.4677 1
93.7091 12.3878 1
66.0955 18.6238 1
39.4657 64.6503 1
25.8991 12.8169 1
84.7912 8.1321 1
94.5056 65.9227 1
37.7 2.7399 1
6.728 98.518 1
18.1582 53.9331 1
57.5748 37.3835 1
18.5885 70.6735 1
29.1448 94.7411 1
46.1664 38.2277 1
34.6977 69.2909 1
31.8166 60.2071 1
45.9915 77.5258 1
23.5895 59.1834 1
2.7752 37.618 1
65.8453 85.0649 1
15.8804 22.5735 1
80.2663 79.6958 1
40.858 99.6881 1
32.7392 28.1311 1
74.6015 71.0381 1
74.6352 66.4642 1
17.3955 41.4836 1
11.7545 49.827 1
17.4038 94.9123 1
62.7409 95.3182 1
84.189 73.2923 1
51.0083 38.468 1
16.5764 4.0083 1
71.4305 58.2934 1
90.7037 56.4713 1
21.8538 35.5183 1
87.0961 88.0201 1
21.1836 62.453 1
83.6665 62.4016 1
85.9302 29.5741 1
52.3377 7.468 1
47.7363 29.3706 1
88.9883 23.474 1
6.5076 34.5897 1
50.9456 84.849 1
62.0798 16.0364 1
73.3567 15.7864 1
22.9996 50.8659 1
2.1872 60.3301 1
13.8989 16.1397 1
76.9507 63.5454 1
96.9765 84.3941 1
38.6794 78.2269 1
99.3428 26.4566 1
32.6393 31.4699 1
13.7161 18.3196 1
38.4754 44.7473 1
56.2636 32.6679 1
63.3835 27.9816 1
54.1606 93.1764 1
31.4993 39.9692 1
15.9327 37.9423 1
15.2616 59.2846 1
13.6951 6.8507 1
70.9803 20.5238 1
46.4864 72.3618 1
11.3271 57.5148 1
70.0879 20.0233 1
17.9986 84.348 1
80.3668 42.373 1
51.3956 54.4751 1
54.8438 52.7967 1
20.7845 18.5108 1
78.4589 8.169 1
52.649 46.4094 1
57.1023 3.0555 1
42.2041 43.4984 1
72.1156 55.7865 1
7.3138 63.8782 1
59.4862 3.4217 1
86.1977 70.99 1
44.8801 16.9324 1
65.2577 59.3382 1
30.3473 60.8065 1
60.744 77.236 1
27.8902 5.6274 1
79.9562 85.4725 1
79.6169 38.4284 1
95.4087 39.9619 1
44.4338 32.5417 1
45.6883 55.539 1
59.9817 29.542 1
84.2622 36.612 1
3.12 34.9048 1
18.727 63.0224 1
94.3594 66.4442 1
94.7922 99.2096 1
45.2984 94.4361 1
81.0833 35.0348 1
92.8879 19.2998 1
67.2717 91.9576 1
37.2332 28.8692 1
40.5696 55.0859 1
43.8824 91.9324 1
67.8649 9.0049 1
46.507 25.7696 1
95.3264 42.7048 1
35.4698 57.7723 1
33.9021 89.9521 1
89.586 21.8226 1
54.5434 96.7032 1
74.9284 43.3981 1
12.4877 78.4822 1
45.3235 52.5234 1
7.4749 33.1277 1
66.3341 43.1594 1
70.3652 71.7902 1
91.8951 91.6212 1
66.0072 89.0028 1
69.0105 13.4706 1
85.3724 11.9913 1
46.7902 89.3452 1
45.8479 65.3086 1
80.6104 4.0278 1
82.4767 50.4716 1
19.0436 89.4453 1
2.5673 38.5728 1
5.6815 29.2052 1
14.2936 23.4037 1
17.1419 20.0948 1
62.5845 38.0306 1
2.9515 59.479 1
47.2332 26.8386 1
67.8443 62.2443 1
11.4789 80.4567 1
23.6064 10.3971 1
28.9081 72.924 1
17.2756 64.859 1
32.3706 47.4655 1
80.111 93.2912 1
29.9634 9.6444 1
77.5626 59.9107 1
55.2771 23.3565 1
55.4692 3.2328 1
73.0647 57.9859 1
77.3625 84.2198 1
90.0847 55.6897 1
13.8167 83.9883 1
79.4077 20.4952 1
18.9413 62.1255 1
2.8974 17.4021 1
12.7387 28.954 1
13.3736 1.8503 1
12.8311 70.1496 1
93.526 95.2091 1
27.323 74.9009 1
94.2679 75.6727 1
63.8151 54.2089 1
87.2531 28.2063 1
36.7073 24.4875 1
23.6202 28.6318 1
18.7318 96.3134 1
54.5649 23.0695 1
25.5116 53.7321 1
30.5824 20.5008 1
1.5549 43.4041 1
58.7488 14.2212 1
96.2558 37.5584 1
84.9848 79.3561 1
0.79403 81.2816 1
63.4026 90.3791 1
35.9291 54.0376 1
11.406 81.7863 1
54.0818 70.8417 1
41.6421 4.3209 1
51.7098 14.5946 1
88.6123 23.3336 1
14.9396 24.6701 1
43.4677 17.0283 1
5.9039 23.5057 1
38.103 27.5461 1
72.2369 95.1607 1
9.5119 34.6671 1
66.719 29.7322 1
29.6401 40.4426 1
59.8563 30.2237 1
15.1852 75.7311 1
43.6377 35.9744 1
1.2682 12.49 1
22.9023 61.7183 1
26.368 35.5519 1
51.1385 36.2938 1
21.5085 6.8488 1
34.611 86.7162 1
74.7817 45.7896 1
41.3619 7.7615 1
5.5753 90.4921 1
39.0028 28.1696 1
47.4484 61.3878 1
82.5321 66.1858 1
30.3644 20.0025 1
82.179 95.9986 1
56.568 66.5106 1
5.4382 54.13 1
26.0014 86.8969 1
58.9104 55.7047 1
47.9734 2.1398 1
19.8651 48.2681 1
23.9013 80.7986 1
78.0193 73.6009 1
61.731 57.2304 1
14.4129 0.89849 1
71.6132 71.828 1
40.1506 44.9427 1
46.2385 65.9617 1
70.7282 75.3208 1
40.1211 80.4739 1
1.4385 2.9156 1
7.464 77.9817 1
59.1068 56.735 1
44.6002 7.6117 1
92.6621 25.1622 1
9.4893 13.3455 1
37.5419 56.4474 1
54.5999 54.0981 1
11.1678 6.8921 1
90.4463 98.8431 1
63.3277 25.1095 1
90.5412 31.5473 1
63.0553 30.0657 1
1.4228 4.2039 1
31.6478 52.7901 1
11.1871 25.6022 1
62.9463 40.871 1
6.0709 94.7513 1
67.3995 91.9281 1
47.7439 12.1244 1
30.5546 59.1945 1
51.6333 35.9652 1
70.7028 71.9307 1
81.3611 52.3551 1
31.5808 26.0843 1
31.1302 49.3079 1
34.4977 85.5836 1
66.6305 72.4406 1
86.1072 19.911 1
76.1779 15.7286 1
87.5838 37.0476 1
87.1235 86.2272 1
17.279 68.4763 1
85.0224 63.4198 1
95.9588 14.1323 1
77.0207 7.9302 1
87.5015 87.6145 1
6.7413 42.0429 1
64.6792 48.7664 1
32.4097 46.0325 1
64.0347 51.5677 1
87.9751 27.1994 1
37.3638 23.158 1
76.6738 89.9534 1
16.8087 90.8697 1
51.9725 60.3643 1
62.7456 36.5236 1
71.3914 59.8591 1
30.6396 66.8487 1
26.3687 89.4564 1
91.6004 8.7336 1
61.5034 53.901 1
9.3175 42.845 1
62.7697 61.7153 1
19.2028 55.8876 1
77.6965 22.5851 1
86.4501 10.452 1
33.3582 0.99777 1
13.5414 5.9153 1
76.5467 32.2652 1
31.8614 77.9477 1
25.238 33.5479 1
20.0075 61.9569 1
6.901 99.2886 1
55.1911 64.8006 1
40.3812 53.9776 1
