200 400 15 10
91.8922 63.0573
60.2537 98.5457
70.2138 63.4278
74.3675 60.0456
38.5102 90.9187
25.1504 57.0837
3.676 33.542
47.2123 95.7139
64.5072 43.9923
27.897 60.1543
51.7861 72.0262
24.5667 67.8778
29.7508 21.2759
65.0474 8.1623
89.1393 27.4479
86.1106 86.7518
20.9915 55.9357
39.9094 46.4628
88.7883 43.0301
25.6528 77.3986
96.6802 65.392
61.9157 65.7729
16.5346 16.1021
82.6199 43.2377
65.5693 50.5086
54.6453 37.5332
25.1329 48.0372
4.0156 34.2421
23.3375 77.7146
36.1113 38.3944
63.3455 71.1556
98.6098 48.0933
20.7157 72.918
75.7084 93.7559
88.6328 51.7254
47.223 90.3069
15.8914 21.8193
81.0921 87.3219
47.6508 8.2693
11.6288 46.5403
87.5721 2.193
63.5186 80.8281
9.7281 17.921
90.8439 16.5392
3.5016 18.1603
3.975 69.1437
98.8568 21.3764
68.6182 29.8105
37.6689 76.8335
50.4324 50.115
76.3496 90.9465
4.8875 5.7853
72.5928 43.6752
70.1328 57.2255
45.8891 56.5067
58.2295 82.3817
33.909 12.6099
17.0625 30.0117
39.9193 0.2122
91.9777 95.1107
22.6045 76.6299
36.1007 75.1304
32.4562 13.8865
8.3582 34.932
51.2666 15.1341
83.2865 49.6721
90.4613 80.8652
72.3596 63.2869
38.2996 68.8401
29.8017 63.957
69.1712 72.9322
88.0457 85.9846
92.4548 62.6955
8.1253 18.0591
48.2673 57.3307
12.8265 16.3566
25.2911 90.6052
88.3962 7.7343
19.6277 33.8535
12.1354 58.0618
54.3695 47.5235
31.4621 80.532
38.2041 53.0778
79.1539 22.731
83.9179 70.9485
68.0236 14.8633
41.6922 65.8116
64.289 63.3983
21.4081 22.9306
61.7271 18.2228
67.5191 16.6353
60.1023 14.9607
34.631 20.2747
36.4401 95.4959
17.1481 1.5908
79.5362 95.7514
49.2667 2.5692
35.4623 97.1111
77.5061 29.7596
23.6805 52.5073
84.4833 86.2339
81.6527 89.6405
84.6228 18.9011
37.0187 66.072
38.323 94.1231
86.1335 97.5707
46.3909 10.7935
57.0548 17.8899
69.5307 74.6551
96.0917 4.9469
54.6313 7.1285
63.6577 48.9126
57.0892 84.9894
92.7112 99.7041
86.3766 0.43926
16.9839 54.2607
17.8699 86.1348
24.3504 90.9139
75.1779 84.5351
19.9134 87.8873
98.2941 74.6182
70.9639 11.7489
17.5436 50.9022
85.8297 16.8832
90.9411 83.1112
96.1663 92.8011
57.06 16.9484
56.2879 88.3737
17.6661 38.7863
51.3679 38.2569
54.8472 27.1453
16.5277 86.7883
49.3893 74.1502
53.5117 44.7873
19.8807 70.9639
62.3169 94.4331
2.6315 17.4118
31.8791 24.4596
53.3 64.0929
32.6774 80.8613
60.219 85.3371
36.1933 39.8118
13.4921 11.5494
91.3814 8.0281
64.0559 36.0468
65.8774 82.8906
67.533 21.461
74.4558 79.104
84.2178 65.4688
51.6657 2.6146
15.1869 78.5776
38.0664 92.2563
82.1019 49.2313
17.1364 83.4012
32.9975 13.1354
96.6472 75.9783
80.6293 92.5736
22.2188 83.2708
99.9773 25.9401
6.3739 21.3022
42.5483 52.2315
40.4338 39.7357
40.0293 47.911
11.1923 99.3904
42.4311 60.4478
61.3546 94.4909
98.8061 49.0442
21.9901 43.7947
35.4081 77.2656
26.6242 74.4067
29.1498 44.2904
18.839 5.3
2.286 8.7822
44.9404 79.7986
24.364 65.5582
86.8727 3.2336
52.8611 55.7067
91.4135 71.9802
97.393 11.0408
58.5426 21.6647
11.8975 81.102
92.6533 13.8662
59.3561 88.1899
88.3615 92.3556
42.4476 1.2756
60.7257 37.7159
7.0764 16.7812
92.4772 54.0223
64.2079 10.1662
10.45 3.9268
70.0225 93.3229
39.5804 97.1592
8.4905 36.0928
21.4479 64.4205
24.8799 6.7947
22.6653 20.7912
70.3004 3.9604
75.4153 46.9359
54.7287 15.0097
55.3483 99.1307
42.7062 74.4444 1
95.5372 83.9349 1
72.4247 26.2432 1
58.0892 51.4238 1
54.0258 44.6774 1
70.5441 34.1211 1
0.50289 83.9142 1
78.2516 98.2493 1
92.686 62.6465 1
0.82957 18.1275 1
82.4628 12.3017 1
76.7336 57.9969 1
99.7137 32.8536 1
22.7653 26.8186 1
91.9542 55.0239 1
64.1999 18.0517 1
10.532 67.8492 1
26.8161 5.5688 1
76.3844 3.4057 1
80.551 28.6518 1
10.4253 7.739 1
46.9759 90.0572 1
21.9062 84.6606 1
92.2708 39.5698 1
32.0323 16.9215 1
85.7544 43.0452 1
25.9847 41.6218 1
87.8063 72.8763 1
18.8268 40.6474 1
75.9194 95.1807 1
3.1689 91.1985 1
64.2339 95.1414 1
56.6871 34.6001 1
37.641 29.0244 1
21.2548 88.6701 1
79.2157 21.0031 1
14.5443 13.0877 1
48.9142 52.0516 1
1.2846 90.5463 1
18.6612 40.253 1
48.523 21.5761 1
83.8226 7.8739 1
14.1057 93.306 1
73.2217 60.2872 1
69.1067 37.7492 1
3.4493 66.4931 1
48.8857 79.219 1
97.139 33.3492 1
11.2451 69.2659 1
74.3214 20.3816 1
63.8541 95.8714 1
59.4183 71.1832 1
49.8623 16.6907 1
56.7853 44.2777 1
42.6504 63.2994 1
7.6239 92.9967 1
29.0587 52.9331 1
56.1335 62.6474 1
63.3333 68.0819 1
93.0776 92.3198 1
97.7769 15.2834 1
9.3597 40.5721 1
66.1735 31.2476 1
60.2773 69.3899 1
47.3818 89.0688 1
35.6256 49.0671 1
47.5578 80.5824 1
67.1022 32.6439 1
95.9645 54.9879 1
8.9084 38.8784 1
79.7742 89.6829 1
59.0776 67.612 1
91.2197 82.8397 1
10.1129 11.0089 1
29.3295 27.9227 1
5.1588 76.7636 1
50.4128 21.6057 1
76.8376 3.4062 1
28.2985 43.6552 1
22.536 93.6864 1
33.129 26.2089 1
45.3251 56.9745 1
73.7385 35.9553 1
50.9886 2.6839 1
38.2514 50.0419 1
90.5483 82.7015 1
96.5258 25.8982 1
62.8267 4.5885 1
13.2031 24.6472 1
61.8302 66.0732 1
38.302 32.941 1
99.1194 65.9496 1
28.6827 1.3004 1
70.6191 71.8068 1
53.5206 39.1119 1
19.3211 3.3505 1
68.9435 40.6015 1
5.0455 71.6308 1
18.4434 92.1336 1
4.5658 98.4016 1
88.5042 98.3421 1
83.9794 89.6306 1
11.8155 86.5703 1
41.0415 80.0961 1
12.0229 55.4979 1
57.2093 41.8872 1
94.939 12.7123 1
25.6385 65.4621 1
98.9865 86.3965 1
34.9808 27.4598 1
20.8522 84.0164 1
66.5827 7.0755 1
97.3345 37.8792 1
62.27 26.8169 1
6.3538 15.2921 1
37.351 63.1 1
16.6252 31.6375 1
23.1278 95.9112 1
5.2209 49.8674 1
90.1756 73.8609 1
79.3292 1.2756 1
37.3014 60.5353 1
83.2055 57.6451 1
75.3835 80.7379 1
62.1863 65.4968 1
39.4093 87.8228 1
35.9278 90.2373 1
8.8852 15.2233 1
34.1677 19.258 1
54.8671 79.0976 1
46.0547 6.0705 1
64.5452 38.9827 1
51.3521 29.9966 1
81.4426 73.418 1
9.7183 10.4209 1
46.3714 79.2575 1
58.9817 78.2729 1
18.7172 53.2398 1
61.133 25.3352 1
5.1942 7.0955 1
57.5727 62.5803 1
84.2345 2.4681 1
49.9726 6.2042 1
43.9025 12.9612 1
14.9057 45.0614 1
2.8279 67.2336 1
75.667 85.6111 1
79.6106 49.8445 1
29.3556 4.8785 1
11.5207 31.3832 1
37.5092 64.1631 1
82.8894 78.6387 1
84.1777 28.915 1
66.5238 49.7868 1
96.014 81.8435 1
94.3118 59.5128 1
11.2699 53.6425 1
64.8287 33.0873 1
48.0804 41.169 1
6.6521 79.4006 1
89.7771 34.3208 1
49.723 46.2607 1
77.1303 36.7824 1
6.0362 67.9571 1
26.2457 56.7779 1
65.1069 65.1777 1
13.3604 49.1114 1
63.8546 39.8458 1
38.4943 47.7484 1
76.5698 6.6588 1
65.2916 41.1028 1
38.1489 96.9092 1
30.0019 78.0721 1
34.014 72.9018 1
91.8927 76.5651 1
45.6267 75.6581 1
44.2497 84.327 1
45.4186 77.0157 1
94.5282 97.8661 1
21.9119 11.1359 1
88.2403 39.6077 1
1.9875 49.2061 1
34.1765 25.8095 1
76.6027 3.6966 1
34.2804 97.4381 1
61.8806 72.6426 1
45.3021 14.7965 1
1.0163 14.7895 1
59.9081 70.4824 1
60.1568 38.0994 1
64.9417 7.6411 1
34.2721 41.084 1
49.3299 14.2991 1
70.1774 79.892 1
88.7803 93.0248 1
5.5058 0.47195 1
9.8362 65.0041 1
64.9783 67.8532 1
76.4071 25.3623 1
98.7959 84.3181 1
12.5325 29.3959 1
36.4477 2.686 1
67.623 9.3307 1
37.5758 79.7885 1
86.3458 71.1403 1
29.1977 78.3407 1
13.3475 62.3923 1
67.2651 82.5415 1
20.2585 3.5023 1
86.8515 40.5475 1
75.1157 24.9669 1
41.938 48.0897 1
0.023107 88.0839 1
14.9464 28.0685 1
27.3834 59.9143 1
87.2425 2.6226 1
60.1251 15.5199 1
32.1188 83.3911 1
28.4293 19.4893 1
43.5316 82.9788 1
90.3759 33.8075 1
92.5106 67.1117 1
50.5292 5.2366 1
62.7582 73.4309 1
71.9264 49.9482 1
2.3913 94.33 1
57.4933 28.9772 1
4.6534 37.656 1
42.2531 11.3755 1
46.7734 96.4851 1
2.2628 43.2512 1
6.5074 8.4563 1
92.3956 71.6676 1
53.4143 50.6787 1
36.6796 32.8088 1
36.3946 75.3524 1
15.1374 83.6006 1
14.9609 25.3716 1
35.0802 53.4425 1
33.5966 43.5165 1
78.4028 15.7704 1
48.6739 60.0481 1
46.4798 93.7451 1
13.1253 10.7759 1
88.6391 89.9981 1
67.4557 55.0465 1
83.516 42.7357 1
65.6488 15.2381 1
98.3917 24.7546 1
97.979 44.7369 1
25.0153 53.2783 1
62.4571 35.4651 1
72.8242 77.3115 1
49.817 88.1681 1
84.9828 73.4092 1
19.0918 40.6432 1
12.4144 60.4179 1
0.27904 64.1105 1
15.2953 12.7467 1
53.4161 49.6192 1
51.0634 31.0469 1
38.5216 57.8574 1
31.0596 94.3609 1
0.35554 42.694 1
81.5242 3.3128 1
63.8418 92.9434 1
44.8339 92.4982 1
24.4086 35.8307 1
80.3385 25.9989 1
82.3971 78.686 1
85.2191 51.1582 1
46.7252 56.2527 1
97.0699 68.4794 1
84.1244 9.2397 1
7.8548 87.2579 1
23.7599 94.2938 1
81.7571 9.6594 1
40.5829 84.5883 1
46.6312 90.9396 1
95.1536 1.1341 1
96.5005 52.3683 1
76.5285 65.0345 1
57.4534 38.5145 1
91.5925 64.9302 1
49.5432 76.2853 1
16.6012 57.5686 1
32.5998 63.1919 1
29.6436 27.8204 1
55.8298 83.9836 1
6.7477 42.6835 1
6.8978 63.1622 1
16.6785 83.3467 1
94.7438 27.0185 1
81.1088 40.0801 1
71.0456 55.4255 1
97.0246 44.3865 1
99.8427 9.0384 1
98.7455 74.4381 1
15.0087 3.2615 1
95.8479 42.9743 1
53.0459 3.7262 1
7.4087 97.5798 1
31.1821 52.234 1
89.5171 90.963 1
83.4768 38.3248 1
0.23488 88.4452 1
64.021 25.5018 1
80.3183 90.905 1
24.5131 89.456 1
6.4122 39.8517 1
26.3148 62.502 1
10.272 56.7597 1
48.3719 89.4512 1
41.8884 21.4166 1
38.1289 0.38592 1
88.6765 88.0581 1
42.0558 23.5122 1
28.3848 24.4865 1
4.8181 64.0917 1
21.9166 30.4524 1
23.9176 82.5621 1
2.9258 88.3689 1
70.2311 94.5373 1
0.76356 39.0795 1
61.0921 80.132 1
40.809 15.7113 1
24.8947 62.5165 1
65.246 69.8985 1
32.0277 8.5869 1
10.3672 53.118 1
53.5565 88.8567 1
16.487 26.3666 1
88.3439 23.4786 1
66.6457 83.9657 1
84.7742 49.554 1
76.2661 15.2366 1
80.7014 23.0768 1
63.2952 65.7954 1
71.0427 56.2948 1
68.8664 29.1829 1
32.0948 62.2305 1
53.1648 71.5905 1
87.3194 28.0731 1
5.454 41.2273 1
50.0401 36.2206 1
43.2763 78.1392 1
90.4282 13.5487 1
63.0183 90.207 1
98.3036 28.9636 1
58.52 49.9558 1
84.0637 78.359 1
46.8814 67.7062 1
54.5222 14.9812 1
17.9104 69.6619 1
63.4462 12.9013 1
96.2959 94.5946 1
53.4014 88.6412 1
47.9614 51.5005 1
79.3666 67.9409 1
9.2714 97.6793 1
88.08 12.546 1
0.38735 75.2243 1
51.1529 82.7052 1
67.8464 78.143 1
56.5748 19.0883 1
47.8459 42.8641 1
32.0513 1.4457 1
60.158 32.5285 1
91.3153 13.4702 1
68.2518 45.0517 1
94.6733 57.2275 1
9.9089 79.2023 1
51.1029 41.9737 1
11.0128 53.2537 1
54.5262 92.5704 1
68.8786 89.9082 1
14.7417 54.4833 1
77.7561 90.1124 1
39.9051 5.1827 1
89.83 80.8603 1
30.7044 33.4905 1
6.1051 22.8683 1
21.9471 82.2402 1
8.2833 34.8235 1
95.0395 16.5471 1
1.6371 2.8134 1
11.4668 95.537 1
1.241 68.0291 1
21.6227 86.0562 1
1.1428 93.9094 1
64.2449 68.0194 1
51.6991 91.7424 1
24.5542 25.6692 1
19.3747 88.5618 1
9.0871 92.0043 1
36.8442 30.0063 1
0.77929 7.3391 1
60.2701 76.7399 1
47.8855 8.4952 1
30.8118 72.8764 1
