200 400 15 10
81.4724 64.4318
90.5792 37.8609
12.6987 81.158
91.3376 53.2826
63.2359 35.0727
9.754 93.9002
27.8498 87.5943
54.6882 55.0156
95.7507 62.2475
96.4889 58.7045
15.7613 20.7742
97.0593 30.1246
95.7167 47.0923
48.5376 23.0488
80.028 84.4309
14.1886 19.4764
42.1761 22.5922
91.5736 17.0708
79.2207 22.7664
95.9492 43.5699
65.5741 31.1102
3.5712 92.338
84.9129 43.0207
93.3993 18.4816
67.8735 90.4881
75.774 97.9748
74.3132 43.887
39.2227 11.1119
65.5478 25.8065
17.1187 40.872
70.6046 59.4896
3.1833 26.2212
27.6923 60.2843
4.6171 71.1216
9.7132 22.1747
82.3458 11.7418
69.4829 29.6676
31.7099 31.8778
95.0222 42.4167
3.4446 50.7858
43.8744 8.5516
38.1558 26.2482
76.5517 80.1015
79.52 2.922
18.6873 92.8854
48.9764 73.0331
44.5586 48.8609
64.6313 57.8525
70.9365 23.7284
75.4687 45.8849
27.6025 96.3089
67.9703 54.6806
65.5098 52.1136
16.2612 23.1594
11.8998 48.8898
49.8364 62.406
95.9744 67.9136
34.0386 39.5515
58.5268 36.7437
22.3812 98.7982
75.1267 3.7739
25.5095 88.5168
50.5957 91.3287
69.9077 79.6184
89.0903 9.8712
95.9291 26.1871
54.7216 33.5357
13.8624 67.9728
14.9294 13.6553
25.7508 72.1227
84.0717 10.6762
25.4282 65.3757
81.4285 49.4174
24.3525 77.9052
92.9264 71.5037
34.9984 90.3721
19.6595 89.0923
25.1084 33.4163
61.6045 69.8746
47.3289 19.781
35.166 3.0541
83.0829 74.4074
58.5264 50.0022
54.9724 47.9922
91.7194 90.4722
28.5839 60.9867
75.72 61.7666
75.3729 85.9442
38.0446 80.5489
56.7822 57.6722
7.5854 18.2922
5.395 23.9932
53.0798 88.6512
77.9167 2.8674
93.4011 48.9901
12.9906 16.7927
56.8824 97.8681
46.9391 71.2694
1.1902 50.0472
33.7123 47.1088
16.2182 5.9619
79.4285 68.1972
31.1215 4.2431
52.8533 7.1445
16.5649 52.165
60.1982 9.673
26.2971 81.8149
65.4079 81.7547
68.9215 72.244
74.8152 14.9865
45.0542 65.9605
8.3821 51.8595
22.8977 97.2975
91.3337 64.8991
15.2378 80.0331
82.5817 45.3798
53.8342 43.2392
99.6135 82.5314
7.8176 8.347
44.2678 13.3171
10.6653 17.3389
96.1898 39.0938
0.46342 83.138
77.491 80.3364
81.7303 6.0471
86.8695 39.9258
8.4436 52.6876
39.9783 41.6799
25.987 65.686
80.0068 62.7973
43.1414 29.1984
91.0648 43.1651
18.1847 1.5487
26.3803 98.4064
14.5539 16.7168
13.6069 10.6216
86.9292 37.241
57.9705 19.8118
54.986 48.9688
14.4955 33.9493
85.3031 95.163
62.2055 92.0332
35.0952 5.2677
51.325 73.7858
40.1808 26.9119
7.5967 42.2836
23.9916 54.7871
12.3319 94.2737
18.3908 41.7744
23.9953 98.3052
41.7267 30.1455
4.9654 70.1099
90.2716 66.6339
94.4787 53.9126
49.0864 69.8106
48.9253 66.6528
33.7719 17.8132
90.0054 12.8014
36.9247 99.908
11.1203 17.1121
78.0252 3.2601
38.9739 56.12
24.1691 88.1867
40.3912 66.9175
9.6455 19.0433
13.1973 36.8917
94.2051 46.0726
95.6135 98.1638
57.5209 15.6405
5.978 85.5523
23.478 64.4765
35.3159 37.6272
82.1194 19.0924
1.5403 42.8253
4.3024 48.2022
16.899 12.0612
64.9115 58.9507
73.1722 22.6188
64.7746 38.4619
45.0924 58.2986
54.7009 25.1806
29.6321 29.0441
74.4693 61.7091
18.8955 26.5281
68.6775 82.4376
18.3511 98.2663
36.8485 73.0249
62.5619 34.3877
78.0227 58.4069
8.1126 10.7769
92.9386 90.6308
77.5713 87.9654
48.6792 81.7761
43.5859 26.0728
44.6784 59.4356
30.6349 2.2513
50.8509 42.5259
51.0772 31.2719
81.7628 16.1485
79.4831 17.8766
42.2886 68.3716 1
9.4229 13.2083 1
59.8524 72.2725 1
47.0924 11.0353 1
69.5949 11.7493 1
69.9888 64.0718 1
63.8531 32.8814 1
3.3604 65.3812 1
6.8806 74.9131 1
31.96 58.3186 1
53.0864 74.0032 1
65.4446 23.4827 1
40.7619 73.4958 1
81.9981 97.0599 1
71.8359 86.693 1
96.8649 8.6235 1
53.1334 36.6437 1
32.5146 36.9199 1
10.5629 68.5028 1
61.0959 59.7942 1
77.8802 78.9364 1
42.3453 36.7653 1
9.0823 20.6028 1
26.6471 8.6667 1
15.3657 77.1934 1
28.1005 20.5675 1
44.0085 38.8272 1
52.7143 55.1779 1
45.7424 22.8953 1
87.5372 64.1941 1
51.8052 48.448 1
94.3623 15.1846 1
63.7709 78.1932 1
95.7694 10.0606 1
24.0707 29.4066 1
67.6122 23.7373 1
28.9065 53.0872 1
67.1808 9.1499 1
69.514 40.5315 1
6.7993 10.4846 1
25.479 11.2284 1
22.404 78.4428 1
66.7833 29.157 1
84.4392 60.3533 1
34.4462 96.4423 1
78.052 43.2485 1
67.5332 69.4752 1
0.67153 75.8099 1
60.217 43.2642 1
38.6771 65.5498 1
91.5991 10.9755 1
0.11511 93.376 1
46.2449 18.7461 1
42.4349 26.6179 1
46.0916 79.783 1
77.016 48.7604 1
32.2472 76.8958 1
78.4739 39.6007 1
47.1357 27.2939 1
3.5763 3.7235 1
17.5874 67.3295 1
72.1758 42.9564 1
47.3486 45.1739 1
15.2721 60.9857 1
34.1125 5.9403 1
60.7389 31.5811 1
19.1745 77.2722 1
73.8427 69.6433 1
24.285 12.5332 1
91.7424 13.0151 1
26.9062 9.2352 1
76.55 0.78203 1
18.8662 42.3109 1
28.7498 65.5573 1
9.1113 72.2923 1
57.6209 53.1209 1
68.3363 10.8818 1
54.6593 63.1766 1
42.5729 12.65 1
64.4443 13.4303 1
64.7618 9.8594 1
67.9017 14.2027 1
63.5787 16.8251 1
94.5174 19.6249 1
20.8935 31.748 1
70.9282 31.6429 1
23.6231 21.7563 1
11.9396 25.1042 1
60.7304 89.2922 1
45.0138 70.3223 1
45.8725 55.5738 1
66.1945 18.4434 1
77.0286 21.2031 1
35.0218 7.7347 1
66.201 91.38 1
41.6159 70.6715 1
84.1929 55.7789 1
83.2917 31.3429 1
25.6441 16.6204 1
61.3461 62.2497 1
58.2249 98.7935 1
54.0739 17.0432 1
86.9941 25.7792 1
26.4779 39.6799 1
31.8074 7.3995 1
11.9215 68.4096 1
93.9829 40.2388 1
64.5552 98.2835 1
47.9463 40.2184 1
63.9317 62.0672 1
54.4716 15.437 1
64.7311 38.1345 1
54.3886 16.1134 1
72.1047 75.8112 1
52.2495 87.1111 1
99.3705 35.0777 1
21.8677 68.5536 1
10.5798 29.4149 1
10.9697 53.0629 1
6.3591 83.2423 1
40.458 59.749 1
44.8373 33.5311 1
36.5816 29.9225 1
76.3505 45.2593 1
62.7896 42.2646 1
77.198 35.9606 1
93.2854 55.8319 1
97.2741 74.2545 1
19.2028 42.4335 1
13.8874 42.9356 1
69.6266 12.4873 1
9.382 2.4434 1
52.5404 29.0185 1
53.0344 31.7521 1
86.114 65.369 1
48.4853 95.6936 1
39.3456 93.5731 1
67.1431 45.7886 1
74.1258 24.0478 1
52.0052 76.3898 1
34.7713 75.9327 1
14.9997 74.0648 1
58.6092 74.3688 1
26.2145 10.592 1
4.4454 68.156 1
75.4933 46.3261 1
24.2785 21.2163 1
44.2402 9.8519 1
68.7796 82.3574 1
35.9228 17.501 1
73.634 16.357 1
39.4707 66.5987 1
68.3416 89.4389 1
70.4047 51.6558 1
44.2305 70.2702 1
1.9578 15.359 1
33.0858 95.3457 1
42.4309 54.0884 1
27.027 67.9734 1
19.7054 3.6563 1
82.1721 80.9204 1
42.9921 74.8619 1
88.7771 12.0187 1
39.1183 52.5045 1
76.9114 32.5834 1
39.6792 54.6449 1
80.8514 39.8881 1
75.5077 41.5093 1
37.7396 18.0738 1
21.6019 25.5387 1
79.0407 2.0536 1
94.9304 92.3676 1
32.7565 65.37 1
67.1264 93.2614 1
43.8645 16.3512 1
83.3501 92.1097 1
76.8854 79.4658 1
16.7254 57.7394 1
86.198 44.0036 1
98.9872 25.7614 1
51.4423 75.1946 1
88.4281 22.8669 1
58.8026 6.4187 1
15.4752 76.733 1
19.9863 67.1202 1
40.6955 71.5213 1
74.8706 64.2061 1
82.5584 41.9048 1
78.9963 39.0762 1
31.8524 81.614 1
53.4064 31.7428 1
8.9951 81.454 1
11.1706 78.9074 1
13.6293 85.2264 1
67.8652 50.5637 1
49.5177 63.5661 1
18.971 95.0894 1
49.5006 44.3964 1
14.7608 6.0019 1
5.4974 86.675 1
85.0713 63.1189 1
56.056 35.5074 1
92.9609 99.7003 1
69.6667 22.4171 1
58.2791 65.2451 1
81.5397 60.4991 1
87.9014 38.7245 1
98.8912 14.2187 1
0.052238 2.5135 1
86.5439 42.1112 1
61.2566 18.41 1
98.995 72.5775 1
52.768 37.0363 1
47.9523 84.156 1
80.1348 73.423 1
22.7843 57.1026 1
49.8094 17.6855 1
90.0852 95.7384 1
57.4661 26.5322 1
84.5178 92.4581 1
73.864 22.377 1
58.5987 37.3564 1
24.6735 8.75 1
66.6416 64.0117 1
8.3483 18.0617 1
62.596 4.5051 1
66.0945 72.3173 1
72.9752 34.7438 1
89.0752 66.0617 1
98.2303 38.3869 1
76.9029 62.7347 1
58.1446 2.165 1
92.8313 91.057 1
58.009 80.0559 1
1.6983 74.5847 1
12.086 81.3113 1
86.2711 38.3306 1
48.4297 61.7279 1
84.4856 57.5495 1
20.9405 53.0052 1
55.2291 27.507 1
62.9883 24.8629 1
3.1991 45.1639 1
61.4713 22.7713 1
36.2411 80.445 1
4.9533 98.6104 1
48.957 2.9992 1
19.251 53.5664 1
12.3084 8.7077 1
20.5494 80.2091 1
14.6515 98.9145 1
18.9072 6.6946 1
4.2652 93.9398 1
63.5198 1.8178 1
28.1867 68.3839 1
53.8597 78.3736 1
69.5163 53.4138 1
49.9116 88.5359 1
53.5801 89.9005 1
44.5183 62.5938 1
12.3932 13.7869 1
49.0357 21.7802 1
85.2998 18.2141 1
87.3927 4.182 1
27.0294 10.6942 1
20.8461 61.6443 1
56.498 93.9661 1
64.0312 35.4456 1
41.7029 41.0629 1
20.5976 98.4349 1
94.7933 94.5579 1
8.2071 67.6645 1
10.5709 98.8302 1
14.2041 76.6831 1
16.646 33.6699 1
62.0959 66.2382 1
57.371 24.4165 1
5.2078 29.5507 1
93.1201 68.0178 1
72.8662 52.7847 1
73.7842 41.1594 1
6.3405 60.2638 1
86.0441 75.052 1
93.4405 58.3533 1
98.4398 55.1793 1
85.8939 58.3571 1
78.5559 51.182 1
51.3377 8.2593 1
17.7602 71.957 1
39.8589 99.6156 1
13.3931 35.4534 1
3.089 97.1259 1
93.9142 34.6449 1
30.1306 88.6544 1
29.5534 45.4695 1
33.2936 41.3427 1
46.7068 21.7732 1
64.8198 12.5655 1
2.5228 30.8915 1
84.2207 72.6104 1
55.9033 78.2872 1
85.41 69.3788 1
34.7879 0.98023 1
44.6027 84.3213 1
5.4239 92.2332 1
17.7108 77.0954 1
66.2808 4.266 1
33.0829 37.8186 1
89.8486 70.434 1
11.8155 72.9513 1
98.8418 22.4277 1
53.9982 26.9055 1
70.6917 67.3031 1
99.9492 47.7492 1
28.7849 62.3716 1
41.4523 23.6445 1
46.484 17.7124 1
76.3957 82.9643 1
81.8204 76.6922 1
10.0222 93.4478 1
17.8117 10.7889 1
35.9635 18.2228 1
5.6705 9.9095 1
52.1886 48.9764 1
33.5849 19.3245 1
17.5669 89.5892 1
20.8947 9.909 1
90.5154 4.4166 1
67.5391 55.7295 1
46.8468 77.2495 1
91.2132 31.194 1
10.4012 17.8982 1
74.5546 33.8956 1
73.6267 21.0146 1
56.1861 51.0153 1
18.4194 90.6364 1
59.7211 62.8924 1
29.9937 10.1534 1
13.4123 39.0855 1
21.2602 5.4617 1
89.4942 50.1283 1
7.1453 43.1721 1
24.2487 99.756 1
5.3754 81.1603 1
44.1722 48.5652 1
1.3283 89.4448 1
89.7191 13.7547 1
19.6658 39.0005 1
9.3371 92.7356 1
30.7367 91.7494 1
45.6058 71.3574 1
10.1669 61.8337 1
99.539 34.3288 1
33.2093 93.6027 1
29.7347 12.4774 1
6.2045 73.0585 1
29.8244 64.6477 1
4.6351 83.3152 1
50.5428 39.8282 1
76.1426 74.9822 1
63.107 83.5221 1
8.9892 32.246 1
8.0862 55.2262 1
77.7241 97.9129 1
90.5135 54.9309 1
53.3772 33.0424 1
10.9154 61.9472 1
82.5809 36.0637 1
33.8098 75.651 1
29.3973 41.3901 1
74.6313 49.2345 1
1.0337 69.4743 1
4.8447 97.2734 1
66.7916 32.7755 1
60.3468 83.7803 1
52.6102 73.9072 1
72.9709 95.4174 1
70.7253 3.1923 1
78.1377 35.6869 1
28.7977 66.2654 1
69.2532 28.1502 1
55.667 23.0383 1
39.6521 71.1129 1
6.1591 62.4573 1
78.0176 59.0609 1
33.7584 66.0438 1
60.7866 4.7555 1
74.1254 34.8785 1
10.4813 45.1341 1
12.7888 24.0905 1
54.954 71.5045 1
48.5229 85.6182 1
89.0476 28.1508 1
79.896 73.1051 1
73.4341 13.7763 1
5.1332 83.6723 1
7.2885 13.8602 1
8.8527 58.8209 1
79.8351 36.6157 1
94.3008 80.676 1
