200 400 15 10
81.6911 4.9858
18.9471 54.5886
12.3693 94.317
82.0996 32.1473
63.7898 80.6467
1.612 60.1399
89.5955 78.962
51.5375 79.9185
54.4522 4.9565
60.6442 28.3199
76.0436 65.3457
85.5347 48.9655
38.2868 97.2852
8.4649 74.849
73.3873 56.7841
33.1989 29.8964
83.975 25.611
37.1723 88.6564
82.8215 44.6801
17.6519 81.5987
12.952 9.8337
87.9884 85.9593
4.4079 2.7629
68.672 89.9156
73.3773 89.9936
43.7172 52.4106
37.9839 12.02
97.9657 17.7794
39.8993 70.6108
44.0187 83.136
15.6808 3.4834
32.6034 75.7839
31.4062 95.7112
89.4501 34.2871
24.7024 63.8244
31.0679 34.3006
40.8869 21.6471
70.8011 78.6201
14.3638 72.309
87.1322 27.8839
8.3156 58.2431
46.1738 42.1006
3.0389 9.2069
75.3201 2.4027
70.0043 49.1146
21.4512 27.8267
67.9905 33.9757
55.7293 28.735
85.0679 17.0903
55.8565 39.9263
90.1774 69.765
41.9518 20.3676
35.8128 66.6326
48.8988 44.3066
25.5962 43.3295
92.9169 17.5239
46.6757 19.3202
25.4008 61.6421
43.1218 26.9011
70.253 55.9678
40.233 94.4784
18.184 71.4472
85.6251 67.922
58.4201 95.9381
37.3579 77.5334
22.1695 60.7727
21.8994 94.8002
52.2232 5.9642
43.3423 26.8712
74.1304 98.668
7.045 77.2207
84.7333 47.5354
67.988 68.09
13.6652 41.6935
85.8402 38.0149
19.9834 21.327
60.734 38.2938
54.3045 2.9668
16.2325 47.2321
0.56531 33.3373
77.1485 97.5845
76.4788 55.5444
42.1069 84.6304
5.6813 40.8063
58.5747 46.2018
17.4155 82.6307
72.8611 99.1203
53.4291 52.3948
25.3064 92.5437
91.7057 73.9022
75.8195 56.743
88.7031 96.8778
6.8798 82.4499
18.3528 95.9609
73.7073 64.6346
69.6715 37.9573
77.6993 47.6575
50.1903 91.189
42.5497 1.4854
61.1237 15.6694
85.5772 47.1568
67.0797 54.2992
52.3592 5.9691
29.8815 65.803
70.3969 88.9635
38.1611 10.9633
56.7685 43.7773
88.7861 28.023
84.2949 98.5246
89.8799 60.8759
93.9003 25.3749
81.5435 13.2615
0.13578 54.5005
0.30907 82.7804
8.7469 83.7006
26.0727 83.3349
2.2799 20.3715
42.4085 54.4418
34.1065 87.4943
54.1354 12.1
92.6169 85.6351
29.8499 89.9776
33.8085 21.7865
85.948 7.6979
34.0478 47.4215
13.812 83.5027
50.7799 46.9394
85.6656 41.377
38.4314 50.2746
69.5691 12.544
62.7904 13.2285
45.0388 87.0475
47.3618 60.295
94.9706 26.5302
8.3498 86.4803
27.9829 5.8109
44.7007 45.7754
58.7571 72.221
87.7634 33.8999
46.9101 40.122
43.7418 52.698
74.6185 89.4236
46.791 77.8361
86.0827 6.9368
46.6512 27.8785
49.8104 37.937
48.7431 86.4673
22.9469 41.996
8.5552 23.9877
6.7383 59.7655
88.8391 47.9404
23.3168 89.8548
86.1596 93.4709
71.1735 81.7887
87.2813 70.8909
93.8002 74.3221
13.9689 89.971
39.39 6.524
98.0563 33.5911
64.4794 0.43351
89.641 82.8096
48.223 50.7435
1.4093 36.6162
62.288 22.664
23.1095 53.4832
52.7434 28.9485
72.4992 6.8371
60.7416 8.4971
58.8366 6.8339
43.3435 40.9816
24.4173 12.3381
42.896 44.3017
1.0177 89.894
60.8821 35.3639
95.7975 12.0178
9.5447 56.9111
3.5591 87.5033
88.6235 34.8575
24.6941 4.1921
0.89151 14.234
81.492 7.6593
14.0499 74.0527
87.9866 45.6525
9.5377 66.8249
35.256 69.9246
59.3421 57.1357
58.5182 62.8693
66.7682 87.7764
64.8027 66.2352
43.3369 87.5414
13.9759 46.7517
75.193 14.1336
24.1787 6.8134
65.0459 71.4242
85.7374 30.7986
8.437 67.1164
97.2089 65.2421
3.146 53.1049
83.5405 71.5107
83.5713 50.4811
48.7999 24.8952 1
49.7838 38.6423 1
93.5976 43.1433 1
38.9282 83.0886 1
11.7145 82.4647 1
24.0424 45.2999 1
68.4908 38.056 1
83.9254 92.5869 1
97.0145 74.0844 1
21.517 73.7633 1
76.0343 94.6916 1
58.4103 51.01 1
40.2952 79.1879 1
51.004 45.2174 1
49.5644 84.9199 1
65.1368 39.0431 1
74.3706 73.8377 1
30.1953 97.6439 1
8.9612 52.3299 1
82.5965 42.9915 1
38.9587 20.7158 1
77.5305 32.3401 1
17.9369 11.087 1
10.9361 37.521 1
90.5158 32.9904 1
87.6351 34.2105 1
99.9793 81.7119 1
86.4255 53.1685 1
3.6878 52.1122 1
54.4682 77.431 1
99.7616 12.0263 1
51.1008 62.545 1
87.3512 34.6649 1
7.0221 33.4619 1
98.7539 57.4617 1
92.2713 86.3938 1
56.4261 19.8563 1
43.1462 67.2451 1
33.7845 90.1831 1
72.0723 19.9157 1
1.3656 29.8284 1
37.406 49.652 1
92.2685 88.9904 1
54.648 50.1415 1
47.3887 27.6995 1
49.6537 53.3958 1
30.8971 57.425 1
95.0838 41.2804 1
98.1993 1.4764 1
51.3563 70.2765 1
99.259 50.6747 1
45.5844 38.1266 1
42.6041 6.4932 1
21.3215 35.858 1
19.3249 23.4251 1
83.2754 20.3504 1
72.6637 81.378 1
52.9746 39.3435 1
82.9081 5.3575 1
51.1874 37.5052 1
55.1962 77.4994 1
21.3285 16.5298 1
58.7821 91.2219 1
14.2763 31.9206 1
5.2224 32.978 1
68.3308 20.4236 1
60.8559 76.7215 1
21.9656 6.9973 1
40.628 95.0034 1
62.9908 15.821 1
55.5308 28.6446 1
12.7579 68.7129 1
16.9198 14.115 1
0.099942 51.2087 1
41.8162 72.1327 1
48.8486 92.8845 1
15.9869 73.2104 1
66.6839 74.9848 1
1.792 40.732 1
11.9675 23.9492 1
95.2125 52.085 1
97.5854 21.9077 1
3.0915 84.2388 1
49.3882 66.2933 1
86.2722 81.6235 1
24.2876 79.3878 1
83.427 46.9105 1
81.3591 30.9525 1
62.8973 68.7579 1
0.22382 98.6852 1
37.9724 76.9934 1
90.4406 82.9581 1
68.0352 70.6085 1
37.8823 59.5336 1
63.1955 75.2874 1
24.327 49.6722 1
57.1413 86.5133 1
98.1729 6.8028 1
84.9682 96.8546 1
28.3444 9.8756 1
68.2458 54.6977 1
35.8125 40.297 1
98.6927 10.704 1
8.3986 72.4166 1
25.0306 61.3682 1
81.1347 78.2968 1
8.4423 56.6621 1
53.1254 81.1319 1
80.0623 57.6776 1
73.8823 94.4029 1
14.1663 87.1452 1
43.7894 50.7602 1
35.038 78.8823 1
47.8497 47.3031 1
58.7403 82.8802 1
14.5806 32.2482 1
90.5331 97.6147 1
64.0194 27.8211 1
16.294 7.2831 1
56.5911 75.1224 1
93.1616 83.1189 1
78.3102 92.2338 1
68.5687 32.7024 1
46.6219 80.4069 1
26.0318 53.825 1
56.9268 46.3295 1
24.8771 82.075 1
31.9302 95.1907 1
91.0802 7.6273 1
88.522 70.8671 1
79.4589 23.4926 1
92.581 39.8896 1
17.884 26.8124 1
51.7541 83.2513 1
62.7005 99.5374 1
91.3182 64.9751 1
66.3968 70.3953 1
38.9193 93.2303 1
74.0008 68.7653 1
81.7635 56.8354 1
60.0345 38.0848 1
8.4997 63.4579 1
92.2358 36.3229 1
5.3598 40.7619 1
52.7025 36.87 1
11.8853 46.8399 1
38.0143 50.3414 1
81.2833 91.0536 1
24.4096 20.6431 1
88.4423 33.8604 1
71.2647 57.4126 1
37.8148 48.6932 1
24.892 26.2219 1
25.2854 57.9593 1
76.7244 87.8328 1
4.9862 6.095 1
68.5289 44.0876 1
62.0278 8.4258 1
74.6685 56.3238 1
97.7256 53.9311 1
38.3914 76.8058 1
26.0206 23.309 1
87.747 58.7362 1
80.6096 45.8974 1
46.1121 86.0982 1
9.0962 66.0836 1
56.4269 35.3879 1
18.7383 34.7186 1
53.169 25.3718 1
35.5033 95.2528 1
31.4784 29.8201 1
72.6741 15.8406 1
51.5773 36.1297 1
79.0645 74.1629 1
20.4493 70.59 1
67.8106 70.0892 1
5.2486 0.62258 1
80.1172 37.4346 1
67.8569 90.1496 1
94.6009 31.8345 1
9.1558 59.7083 1
90.8438 29.7795 1
50.9953 12.5014 1
61.4904 38.8356 1
31.6071 81.7688 1
7.7487 98.1176 1
85.0614 86.199 1
14.4527 8.3821 1
37.0486 33.7712 1
62.2391 23.6129 1
99.7552 31.7805 1
51.7344 98.4448 1
99.0511 54.8251 1
22.6534 74.9251 1
39.8005 84.1852 1
69.6569 16.689 1
6.4641 90.3098 1
74.7662 10.5124 1
42.04 74.5093 1
81.1317 72.9372 1
37.9605 71.747 1
31.9068 13.3432 1
98.6051 44.5789 1
71.8181 50.8787 1
41.3183 53.049 1
9.863 85.9717 1
73.4559 67.7725 1
63.7306 80.5838 1
7.3842 53.1243 1
12.0508 95.5896 1
98.1596 6.6677 1
49.6799 54.1518 1
2.2414 28.166 1
5.3832 48.09 1
14.0874 68.4864 1
89.3474 20.8258 1
46.582 60.8161 1
56.0857 32.6176 1
49.4456 88.0847 1
6.7785 13.3395 1
89.7647 10.2408 1
28.8565 95.9117 1
26.9047 15.2902 1
59.4194 15.2538 1
47.5879 15.5553 1
36.8311 8.9569 1
65.5611 45.4425 1
93.82 66.8896 1
62.0425 83.1302 1
28.284 79.0235 1
20.5181 71.2711 1
43.9134 47.2598 1
2.725 70.8588 1
87.6184 95.8059 1
61.0092 50.5776 1
20.3592 30.5053 1
51.9917 78.9811 1
5.3824 23.6387 1
86.2187 23.4303 1
44.2935 46.4699 1
54.8009 61.9387 1
56.6861 61.5329 1
68.0395 12.2624 1
37.1379 12.3794 1
7.8229 28.4459 1
45.6351 73.5733 1
4.7844 41.1308 1
73.8257 82.8982 1
3.8002 93.5114 1
95.4244 39.9067 1
74.2372 5.2211 1
93.745 57.1186 1
51.3364 74.767 1
24.0905 32.0244 1
25.9965 49.2934 1
75.8974 22.1653 1
99.3343 93.9274 1
35.6706 48.2305 1
75.2858 53.9996 1
11.0048 22.1057 1
59.7045 9.5945 1
43.0595 6.0165 1
73.0718 81.9509 1
26.1176 77.1478 1
9.4808 19.5696 1
45.0963 89.5118 1
64.0075 68.43 1
13.2039 65.6846 1
45.2822 99.0381 1
65.22 3.3692 1
82.6998 42.4253 1
30.8077 48.9984 1
40.2364 58.3504 1
88.4231 8.327 1
70.058 66.0155 1
24.1872 5.2305 1
75.9832 55.6831 1
29.0926 71.2025 1
27.7439 48.7911 1
0.61078 61.7601 1
37.4711 21.3778 1
43.6933 64.5659 1
30.4298 38.0642 1
29.086 10.3713 1
24.2516 37.7512 1
93.6684 26.2861 1
86.019 24.1286 1
39.7228 62.2924 1
47.9419 52.2928 1
56.4996 41.3238 1
48.9619 21.7792 1
26.9812 85.8554 1
98.974 86.1008 1
18.3676 28.3939 1
86.1657 61.5393 1
3.2633 77.949 1
33.1958 95.4847 1
74.8747 91.9603 1
64.4366 38.4816 1
16.9238 16.2643 1
95.2205 79.6751 1
54.327 11.3817 1
25.1413 15.8824 1
57.8572 35.5828 1
91.5477 84.7759 1
89.5597 58.2781 1
48.2507 58.6178 1
44.274 92.5838 1
31.1755 57.5078 1
5.5314 0.99774 1
75.3792 80.9377 1
13.1947 60.8808 1
35.5922 47.9914 1
39.5871 26.844 1
88.5521 25.8096 1
2.124 48.101 1
84.4081 22.7341 1
28.8071 4.8602 1
25.0343 16.9242 1
48.838 25.8446 1
72.9036 19.791 1
20.2616 60.5693 1
21.6276 82.3704 1
97.6335 81.0615 1
59.3236 80.2237 1
30.4404 70.8113 1
96.7703 85.9378 1
89.597 78.1085 1
19.0025 20.3797 1
0.17993 99.3343 1
71.1764 9.3625 1
86.7727 65.0619 1
11.8308 21.5177 1
3.9023 24.3873 1
59.8195 33.9688 1
60.4314 19.7862 1
51.6432 50.6833 1
0.75074 95.0758 1
68.8933 39.4607 1
94.602 58.4465 1
87.3536 60.6537 1
11.3276 71.4643 1
35.4569 40.1536 1
24.1937 85.8691 1
56.0333 92.0485 1
61.2727 75.0839 1
30.0809 28.5592 1
79.8142 79.6816 1
79.5642 14.2766 1
78.1092 50.455 1
35.1098 61.0688 1
5.4297 70.3797 1
70.8705 38.334 1
99.2928 72.8683 1
16.2476 88.7285 1
11.3566 5.5848 1
91.2875 13.8216 1
48.1657 86.3065 1
85.1806 42.1746 1
80.9914 41.1314 1
18.676 95.9141 1
24.72 75.0245 1
5.4189 98.0997 1
60.8961 23.3516 1
77.7232 9.6227 1
51.1064 38.4582 1
2.775 50.0273 1
99.0385 57.0256 1
50.094 97.6632 1
33.1997 49.2855 1
17.3883 40.0883 1
62.5636 99.499 1
57.5135 26.0998 1
75.0985 66.5325 1
15.3519 96.4257 1
35.6787 67.1151 1
14.3951 29.9175 1
85.0608 53.1127 1
33.787 0.14632 1
27.5196 88.3789 1
0.6011 40.4384 1
80.1912 30.1206 1
49.7408 95.0582 1
53.7843 46.0648 1
87.0913 28.7648 1
72.2844 8.4627 1
66.8086 58.2181 1
17.8828 15.3069 1
55.0495 7.3094 1
95.9875 58.0565 1
59.6022 28.7015 1
80.8571 36.192 1
98.4532 72.4825 1
88.5924 85.8312 1
21.3837 34.7916 1
3.463 96.1746 1
45.1124 95.3569 1
1.3795 20.6037 1
47.3711 76.8245 1
95.1197 61.5532 1
