50 
200 
38 695
100 1034
375 2126
88 1000
380 2177
177 1397
80 999
88 1073
83 1048
283 1832
341 1997
275 1740
158 1284
105 1122
289 1771
58 873
417 2118
436 2273
325 1908
63 886
314 1934
294 1742
403 2120
116 1194
47 724
69 934
289 1708
333 1936
316 1940
177 1393
44 765
419 2093
419 2312
369 2116
380 1999
350 2108
358 2120
33 621
80 1001
380 2083
155 1290
408 2163
303 1763
397 2116
75 950
358 2032
72 933
311 1887
211 1582
175 1386
26 30 13 25 32 7 28 29 16 5 13 16 20 23 25 17 32 24 13 10 33 18 5 16 20 12 27 30 25 29 14 8 27 10 13 21 14 15 13 28 29 33 11 28 30 32 17 25 7 18 17 22 31 12 29 30 26 18 8 11 15 30 21 6 32 28 26 24 9 9 12 30 25 24 5 8 16 11 6 26 19 34 15 8 26 16 12 28 21 29 29 18 17 9 7 8 9 29 29 34 20 30 19 7 17 30 24 12 28 25 24 22 8 11 16 5 10 25 27 12 20 20 14 8 12 31 24 19 20 9 19 16 22 29 11 21 15 6 15 15 19 28 28 10 22 10 28 34 5 13 34 11 33 34 30 13 32 14 31 28 13 29 7 17 7 33 21 11 32 18 20 26 28 28 17 27 18 22 5 19 20 6 28 6 29 31 32 14 10 14 21 32 20 28 23 12 16 9 13 34 
105 127 53 104 131 36 116 116 72 26 58 70 84 95 102 74 135 99 56 41 137 80 23 65 83 55 111 128 104 116 59 37 108 49 53 85 64 61 58 116 123 141 52 119 126 132 78 109 33 75 70 89 126 53 117 120 110 77 32 49 62 127 87 30 132 111 107 101 43 39 48 121 108 97 25 41 70 49 29 109 82 145 60 39 105 68 54 117 92 117 122 75 74 45 29 38 42 122 120 138 86 124 83 33 71 125 97 52 118 105 98 89 38 49 65 24 45 108 114 49 87 85 59 37 49 130 102 81 86 42 86 74 88 123 46 84 65 30 64 64 79 118 112 47 97 49 121 143 22 54 142 50 141 142 128 56 130 64 127 119 55 123 33 78 34 140 90 44 132 74 87 111 113 117 68 113 72 95 20 82 84 27 112 30 118 127 134 63 42 61 89 131 83 117 98 48 70 43 56 137 
58 64 32 52 71 15 60 66 33 18 29 34 44 52 54 36 69 51 29 28 69 36 14 39 44 29 57 61 56 65 35 22 61 21 33 52 34 40 30 63 64 69 24 58 68 66 37 53 17 39 40 53 67 29 68 67 55 38 24 27 40 62 48 20 72 63 55 57 22 21 32 67 52 57 13 18 33 23 16 58 41 69 38 17 58 33 25 59 48 64 65 40 36 18 23 19 25 60 61 74 42 62 41 17 37 65 56 31 58 54 55 50 21 25 39 16 22 50 63 34 42 46 31 24 30 67 50 42 42 19 41 35 51 59 28 48 37 17 33 33 44 62 65 23 48 22 57 69 17 31 71 27 68 74 66 34 71 28 70 60 30 62 21 37 18 66 48 30 71 42 43 60 65 61 40 60 44 47 18 44 46 14 64 16 62 66 68 34 25 35 44 70 47 59 48 31 40 22 27 74 
2 2 5 3 1 5 5 5 5 2 6 6 6 1 1 6 8 2 1 6 4 5 4 2 5 8 4 6 0 3 2 0 4 5 2 6 3 6 1 2 2 5 3 6 2 1 6 5 5 2 4 4 0 0 6 5 5 4 5 0 6 3 6 2 2 3 4 3 2 3 5 2 4 5 5 5 5 5 5 0 6 5 5 4 4 3 5 5 2 2 1 5 3 6 6 6 1 4 6 4 3 1 3 3 1 0 4 1 4 0 2 2 1 6 2 0 5 5 3 6 4 1 5 2 5 0 3 5 4 5 5 6 3 5 3 3 1 1 1 0 0 1 5 2 4 4 6 4 3 0 2 1 5 0 3 2 3 5 2 2 0 2 1 6 1 5 0 5 1 4 2 3 5 0 3 0 5 2 5 1 0 2 5 0 4 0 1 2 0 1 6 6 1 2 5 3 3 2 3 4 
53 67 27 53 67 22 59 58 40 16 31 37 43 49 52 40 70 50 29 21 70 43 12 33 42 30 56 67 54 58 31 21 54 28 27 44 36 32 32 60 65 74 29 62 66 68 43 58 18 38 35 46 64 29 60 60 57 41 17 27 33 66 44 18 68 56 54 53 25 20 25 61 57 49 14 24 37 26 16 57 43 76 31 23 52 35 29 60 49 59 64 38 40 26 16 21 23 63 61 69 45 64 44 18 36 64 49 28 61 55 50 45 22 26 33 14 24 57 60 26 47 45 30 21 25 67 53 42 45 23 47 41 44 64 23 42 35 18 33 34 40 62 57 26 53 28 65 75 11 28 74 28 74 73 68 30 66 35 65 63 28 65 19 44 19 73 47 22 68 37 46 59 58 61 33 58 37 50 10 44 44 15 56 17 59 64 70 35 22 33 46 66 44 61 51 24 38 25 29 68 
4 6 3 0 5 5 0 5 4 8 0 0 0 4 2 1 3 1 2 5 0 3 2 5 0 2 0 2 5 4 5 6 4 5 5 7 7 7 5 6 7 6 5 1 8 2 6 6 0 1 3 6 4 5 7 4 0 1 5 5 7 3 3 8 7 4 0 8 6 0 5 5 4 6 0 5 0 0 0 6 0 5 5 3 3 0 1 0 7 4 7 0 3 4 7 0 7 2 0 3 3 3 4 2 2 5 6 6 1 5 6 5 6 0 5 6 0 3 8 7 4 6 0 7 2 5 3 0 2 1 6 6 4 2 4 3 7 6 2 4 5 7 6 5 7 6 5 4 5 3 4 6 5 6 7 7 5 3 6 6 4 6 7 6 5 3 6 5 6 3 5 8 6 5 3 5 6 4 5 7 6 1 5 5 0 3 5 7 4 7 0 3 6 3 0 4 8 5 0 4 
31 35 18 26 38 9 31 36 18 13 15 17 23 28 28 18 36 26 15 17 35 19 9 22 23 16 29 30 31 35 20 14 33 12 19 30 20 24 17 35 35 37 14 28 38 34 21 29 9 20 22 30 36 17 38 36 27 19 15 16 24 32 26 14 39 34 28 33 13 11 19 37 27 32 7 11 16 11 9 32 21 36 22 10 31 17 12 30 27 34 36 20 19 10 16 9 16 30 31 39 22 32 22 9 20 35 31 19 29 29 31 28 13 13 22 11 11 26 36 21 22 26 16 16 17 36 26 21 21 9 23 20 28 29 16 26 22 11 17 18 24 34 36 14 27 13 30 36 11 17 37 16 36 40 37 21 38 15 38 33 17 34 14 21 11 34 27 18 39 23 24 34 36 33 22 32 26 25 12 26 26 8 35 10 32 35 36 21 15 21 22 37 27 31 24 18 24 13 14 40 
54 63 32 55 66 20 63 64 39 10 34 40 47 49 53 41 74 51 29 27 72 43 15 35 46 34 60 68 49 61 31 15 59 26 29 48 31 36 29 56 60 72 27 64 60 67 41 56 21 40 39 48 63 24 64 66 59 42 22 22 37 65 49 12 65 60 58 50 21 23 29 63 55 53 17 22 39 29 19 53 46 74 36 22 57 37 31 63 44 60 58 42 39 25 20 24 18 64 65 73 45 63 42 19 37 62 53 24 62 51 50 46 17 30 34 9 27 56 55 31 45 39 34 16 30 64 53 45 46 25 45 39 48 65 26 46 29 13 33 31 39 56 62 24 49 25 64 74 14 28 72 23 72 69 63 27 68 35 64 59 27 61 13 42 15 73 43 28 64 41 43 53 62 56 38 55 42 48 16 38 39 16 62 13 63 64 66 29 21 28 50 71 40 60 53 27 33 22 31 73 
53 67 29 55 67 23 62 59 41 15 33 40 46 49 53 42 73 52 30 23 72 44 14 32 45 33 59 69 53 58 30 20 56 29 26 43 36 31 32 58 65 75 30 64 65 69 45 59 21 40 37 44 64 29 59 62 59 43 17 27 31 67 46 16 66 56 57 52 25 22 25 60 58 49 17 25 39 29 18 57 45 77 31 24 55 37 32 63 49 59 63 41 41 27 15 24 22 65 64 71 47 65 45 20 37 64 49 26 63 55 48 44 21 29 32 13 27 59 59 26 48 44 32 20 27 67 55 45 47 26 48 43 44 66 24 43 34 17 34 34 40 61 57 27 53 29 66 76 12 28 75 28 75 73 68 28 66 37 64 63 29 65 18 45 20 75 47 24 66 39 47 57 57 60 36 58 37 51 11 43 43 16 58 17 62 65 70 34 22 32 49 69 42 62 53 24 37 25 31 71 
52 66 28 53 66 22 60 59 40 15 31 38 44 48 51 40 71 50 29 22 70 43 13 32 43 31 57 67 53 57 29 20 54 28 26 44 35 32 31 58 64 74 29 62 65 67 43 58 19 38 35 45 63 28 60 61 57 41 17 26 32 66 45 16 67 55 55 52 24 21 25 60 57 49 15 24 37 27 17 56 44 76 31 23 53 36 30 61 48 58 62 39 40 26 16 22 22 63 62 69 45 63 44 18 36 63 48 26 61 54 49 44 21 27 32 13 25 57 59 26 47 44 31 20 26 66 53 43 45 24 47 41 43 64 23 41 34 17 33 33 39 60 57 26 52 28 65 74 10 27 73 27 74 72 67 29 65 35 64 62 28 64 18 43 19 73 46 23 66 37 46 57 57 60 34 58 37 50 11 43 43 15 57 16 60 63 69 34 21 32 47 67 42 60 51 23 37 24 30 69 
7 3 8 4 8 1 6 10 1 8 6 4 6 7 5 4 8 4 4 10 5 2 6 8 6 7 6 4 6 8 8 6 9 1 8 11 5 11 5 8 6 1 1 4 8 3 0 1 5 5 8 10 6 5 11 9 5 4 10 5 12 3 9 8 8 9 5 10 3 5 10 9 2 10 5 1 3 4 6 6 5 1 10 2 8 4 3 5 5 7 7 6 3 1 11 5 7 4 6 8 3 3 3 4 5 6 10 8 4 4 9 8 5 6 8 6 4 2 9 12 2 6 6 8 8 6 4 6 4 3 1 1 8 3 8 8 7 5 4 4 7 6 10 3 3 1 0 2 8 6 4 5 1 7 6 9 8 2 9 4 6 4 7 0 4 2 6 10 8 8 3 8 11 5 7 6 10 3 10 6 6 4 10 4 6 5 4 6 6 7 5 9 8 4 5 8 9 4 3 8 
4 2 6 2 5 1 4 7 2 5 5 4 5 4 2 3 7 2 1 8 4 2 4 5 4 7 4 3 3 6 5 3 6 1 5 8 3 8 2 5 3 1 0 3 5 0 3 1 4 2 5 7 3 2 8 7 4 2 7 2 9 0 6 6 5 6 4 7 1 3 7 6 0 8 4 1 3 3 4 3 5 1 7 1 5 2 3 4 3 4 4 4 1 2 8 4 5 2 5 5 1 0 0 2 2 3 7 5 2 2 6 5 2 5 5 4 4 1 6 9 0 4 4 5 6 3 1 4 2 3 2 2 5 2 5 5 4 3 1 1 4 3 8 1 2 1 2 0 5 3 1 2 1 4 3 6 5 1 6 1 3 2 4 3 1 2 3 7 5 5 1 6 8 3 5 3 8 0 7 4 3 1 7 2 4 2 1 4 3 5 4 6 5 1 3 5 6 1 2 6 
3 4 7 6 2 8 7 6 8 0 9 9 8 4 4 9 11 4 4 7 7 8 6 3 7 11 7 9 0 4 3 1 6 8 3 6 4 6 4 0 3 7 6 9 0 4 9 7 8 5 5 4 2 2 5 7 8 7 6 2 6 6 8 0 0 4 7 0 4 6 6 2 7 5 8 7 8 8 8 2 9 8 6 7 6 6 8 8 3 3 0 7 6 9 6 9 0 7 8 6 6 4 6 6 4 3 5 0 7 2 2 2 2 9 2 0 8 8 0 7 7 0 7 0 7 3 6 8 7 8 8 8 4 8 4 4 0 2 4 3 1 0 6 5 7 6 9 7 4 2 5 2 7 2 4 0 4 8 2 5 2 5 0 9 3 8 2 6 0 6 4 0 5 1 5 2 6 5 6 0 0 5 6 2 6 3 3 2 2 0 9 8 0 5 8 3 0 5 6 6 
27 36 17 30 34 16 34 31 25 8 21 24 26 26 28 25 41 28 17 14 39 26 10 16 25 22 32 39 27 30 16 11 30 19 13 23 21 17 19 29 35 42 19 36 33 36 27 34 14 22 21 23 33 16 31 34 34 25 10 15 18 37 26 9 33 29 31 26 15 14 14 29 33 26 12 17 23 18 13 30 27 43 17 16 29 22 20 35 27 30 32 24 24 18 9 16 12 36 36 38 26 34 26 13 20 34 25 13 35 29 23 22 12 18 16 7 17 33 30 15 28 23 19 11 16 35 30 26 27 17 29 26 23 37 14 22 18 11 19 19 20 31 31 17 31 18 38 42 7 15 40 16 42 38 37 14 34 22 32 34 15 36 10 28 12 42 25 14 33 22 26 30 30 32 19 31 21 28 7 23 22 10 31 10 34 33 37 19 11 17 28 37 21 34 31 13 20 16 18 37 
54 69 28 56 69 24 62 58 42 17 33 40 45 51 54 42 72 53 31 22 72 45 15 34 45 33 59 70 56 59 32 22 56 31 28 43 38 31 34 60 67 77 32 65 67 70 46 61 21 41 38 46 66 31 59 61 60 43 17 29 30 68 46 19 69 57 57 54 27 23 25 62 59 49 17 27 40 29 19 59 45 78 30 25 55 38 32 63 51 60 65 41 42 29 14 24 25 66 64 71 48 66 47 21 39 66 50 29 63 57 50 46 23 29 34 16 27 60 61 24 49 46 32 22 27 69 56 45 48 26 50 44 45 67 26 44 36 20 35 36 42 63 57 29 55 31 67 77 13 30 76 30 77 75 70 30 67 38 66 65 31 67 20 46 22 76 49 22 68 39 49 59 57 63 36 60 37 53 10 45 46 17 58 19 62 66 72 36 24 35 49 68 44 63 54 25 39 27 32 71 
1 7 1 3 4 8 4 0 8 6 5 6 3 3 2 6 6 3 3 0 4 7 3 1 2 6 2 7 4 0 3 5 0 8 1 2 8 2 6 4 8 9 8 6 6 4 10 9 5 3 1 2 2 5 2 0 5 5 0 6 2 6 2 6 4 0 2 6 7 3 0 2 7 1 5 9 5 5 4 6 5 8 0 7 1 4 6 5 8 1 6 3 6 8 2 6 6 6 4 1 6 4 7 5 3 5 1 4 5 5 2 1 6 4 1 5 5 7 6 2 7 5 2 6 1 6 6 5 6 6 10 10 0 7 2 0 6 6 3 4 3 6 0 7 9 9 9 7 2 2 6 6 9 6 8 4 2 8 4 7 3 8 6 10 6 8 6 0 4 1 7 7 1 5 0 5 0 7 0 6 5 3 0 6 2 3 6 7 2 6 5 2 4 5 5 0 7 7 4 1 
79 97 39 77 99 28 87 88 55 21 43 53 62 72 76 56 101 74 42 31 102 60 17 50 62 42 82 96 79 88 45 29 81 38 40 66 50 48 45 88 94 107 40 89 96 99 60 83 25 56 52 69 95 41 90 90 82 58 25 38 48 96 64 24 100 85 80 78 34 29 37 92 82 74 19 32 52 37 21 83 61 110 46 30 78 51 41 88 70 88 93 56 56 34 23 29 33 92 90 102 65 94 63 25 53 94 74 40 88 80 75 67 30 36 50 19 34 82 88 39 67 65 43 30 36 98 77 61 65 32 66 57 66 93 35 63 51 24 48 49 60 90 85 36 75 38 92 108 17 41 108 39 107 107 98 43 98 49 97 91 42 94 27 60 27 106 68 34 100 54 66 85 86 89 50 86 55 72 16 63 64 20 85 23 88 95 102 49 32 48 67 97 64 89 73 37 55 34 42 102 
1 5 2 0 3 5 1 3 5 6 3 3 2 2 0 3 5 0 1 3 1 4 0 2 1 5 0 4 3 2 3 4 2 5 2 5 6 5 4 4 6 6 5 4 6 1 7 6 2 0 1 4 1 4 5 2 3 2 3 4 5 3 2 5 4 2 0 6 5 0 3 3 4 4 2 6 3 2 2 4 3 5 3 4 1 1 3 2 6 1 5 1 3 5 4 3 5 3 2 1 3 2 4 2 0 3 3 4 2 3 3 2 4 3 2 4 2 4 6 5 4 4 1 5 1 4 3 2 3 3 7 7 1 4 1 1 5 5 1 2 2 5 3 4 7 6 6 4 2 1 4 4 6 4 6 4 2 5 4 5 1 5 5 7 4 5 4 3 4 1 4 6 4 4 0 3 3 4 3 5 3 0 3 4 0 1 4 6 1 5 3 2 4 2 3 2 6 5 1 1 
1 7 3 5 3 9 5 1 9 5 7 7 5 3 3 8 8 4 4 2 6 8 4 0 4 9 4 9 4 0 2 4 2 9 0 1 8 1 6 2 7 9 8 8 5 5 11 9 6 4 3 0 2 5 0 2 7 6 1 5 1 7 4 5 3 0 4 4 7 4 1 0 8 0 7 9 7 7 6 5 7 9 1 8 3 5 7 7 7 1 5 5 7 9 1 7 5 7 6 3 6 5 7 6 3 4 0 3 6 5 0 0 5 6 0 4 7 8 5 1 8 4 4 4 3 5 6 6 7 7 10 10 0 8 2 1 4 6 4 4 2 5 1 7 9 9 10 8 2 2 7 6 9 5 8 2 2 8 2 7 3 7 4 11 6 9 5 1 2 3 7 5 0 5 1 4 1 7 1 5 4 4 2 5 4 3 6 6 2 4 7 4 2 6 7 0 5 7 5 2 
2 9 2 6 5 10 6 0 10 7 7 8 6 5 4 8 8 5 6 2 7 10 5 2 5 9 5 10 6 1 4 6 2 11 2 1 10 1 8 4 9 11 10 9 7 6 12 11 7 5 4 2 4 7 1 1 8 7 1 7 0 9 4 7 5 1 5 6 9 5 2 2 9 1 7 11 8 7 7 7 7 11 0 9 3 6 8 7 9 3 7 5 8 11 0 8 7 8 6 4 8 6 9 7 5 6 2 5 7 7 2 2 8 7 2 6 7 10 7 0 9 6 4 6 3 7 8 7 8 8 12 12 1 9 4 2 7 8 6 6 4 7 1 9 11 11 11 9 3 4 8 8 11 7 10 4 3 10 4 9 5 9 7 12 8 10 7 0 4 4 9 7 1 7 2 6 1 9 0 7 6 5 2 7 4 4 8 8 4 7 7 4 5 7 8 2 8 9 6 3 
83 93 45 77 102 22 88 95 48 22 43 50 64 74 78 53 102 74 41 38 102 54 19 54 64 42 85 92 80 93 48 29 88 31 45 72 47 54 42 91 92 101 34 86 97 98 53 77 24 56 57 74 97 40 96 97 81 56 32 37 55 91 69 25 103 91 81 80 30 30 44 97 76 80 18 25 50 35 22 83 61 103 53 24 84 50 38 87 68 92 93 58 52 28 30 27 33 88 91 108 62 91 59 23 54 94 80 42 86 78 79 72 28 37 54 20 33 75 89 46 61 65 46 31 42 97 73 61 62 29 60 50 72 88 39 69 51 22 47 48 62 89 92 32 69 32 85 102 21 43 104 37 101 107 95 46 102 42 100 87 43 90 27 53 24 99 68 41 103 60 62 85 93 88 56 86 62 68 23 63 65 20 92 21 91 96 99 48 34 48 66 102 66 86 72 42 55 30 40 108 
4 1 7 3 5 1 5 7 2 5 5 4 6 4 3 4 8 2 1 8 4 2 5 5 5 7 4 4 3 6 5 3 7 2 5 9 2 9 1 5 3 1 0 4 5 1 3 1 5 2 5 7 3 2 9 7 5 3 7 2 9 1 7 5 5 6 4 6 1 4 7 6 1 8 4 1 4 4 5 3 5 2 8 1 6 3 4 4 2 4 4 5 2 3 8 5 4 3 5 6 1 0 0 3 2 3 7 4 3 1 6 5 2 5 5 3 4 2 6 9 1 3 5 5 6 2 2 5 3 4 2 2 6 3 5 5 4 2 1 1 4 3 8 0 1 1 3 1 5 3 1 2 1 3 3 5 5 2 6 1 2 1 4 3 1 2 3 8 5 6 0 5 8 2 5 3 8 0 8 3 3 2 7 1 4 2 1 3 3 4 5 7 4 2 4 5 5 0 2 6 
6 0 8 4 6 2 7 9 3 5 7 6 7 6 4 6 10 4 3 10 6 4 6 7 7 9 6 6 4 7 6 3 8 2 7 10 2 10 2 6 3 1 0 6 5 2 2 1 6 4 7 9 5 2 10 9 6 5 9 2 11 3 9 6 6 8 6 7 0 5 9 7 2 9 6 2 5 5 7 4 7 2 9 3 8 4 5 6 2 6 4 7 3 4 10 7 4 4 7 8 3 2 2 5 4 4 8 5 5 2 7 6 2 7 6 4 6 3 6 11 2 4 7 5 8 3 4 7 4 5 1 2 7 4 7 7 4 2 3 2 5 2 10 2 0 0 4 3 7 5 2 2 1 4 2 6 7 4 7 1 4 1 4 3 1 4 4 9 6 7 0 5 10 3 7 4 9 2 9 3 4 4 9 2 6 4 1 3 5 4 7 9 5 4 6 7 5 1 4 8 
5 0 8 5 5 4 7 8 5 2 8 7 8 5 4 7 11 4 3 9 7 5 6 5 7 10 7 7 2 6 5 1 8 4 6 9 0 9 2 4 0 4 2 7 2 3 5 4 7 4 7 7 3 0 9 8 7 6 8 0 10 4 9 3 4 7 7 5 0 6 8 6 4 8 7 4 7 7 8 2 8 4 9 5 7 5 7 7 0 5 1 7 4 6 9 8 2 5 8 7 4 2 3 5 4 3 7 3 6 0 5 5 0 8 5 2 7 5 4 10 4 1 7 3 8 2 4 8 5 7 4 5 6 6 6 6 2 0 3 2 3 0 9 2 2 2 6 4 6 4 3 0 4 2 0 4 6 5 5 1 3 1 2 5 0 6 2 9 4 7 0 3 9 1 6 3 9 3 8 0 2 4 8 0 6 3 0 0 4 2 8 9 3 4 7 6 3 2 5 7 
31 32 21 31 36 14 36 37 23 5 22 25 29 28 30 26 44 29 17 19 41 25 12 21 28 24 35 39 26 35 19 8 34 17 18 29 16 23 16 30 31 39 16 37 30 36 24 31 15 23 24 28 34 13 37 38 35 25 16 12 24 36 30 8 34 34 33 27 11 16 20 35 31 31 13 14 24 19 15 28 29 41 23 15 33 22 20 36 23 33 29 26 23 17 15 17 9 36 38 41 26 34 24 13 22 33 31 14 35 27 28 26 9 20 20 6 19 32 29 21 26 20 22 10 20 34 30 28 27 17 25 23 28 37 17 27 15 6 19 17 22 26 36 14 27 15 36 40 11 17 38 12 39 36 32 16 38 21 35 31 16 32 7 25 8 41 23 19 34 25 23 26 36 29 23 30 26 27 13 17 21 11 36 7 36 34 34 13 13 14 30 41 22 33 31 17 17 13 19 41 
104 127 54 104 130 36 117 117 72 25 58 70 85 94 102 75 136 99 55 42 137 79 23 64 84 56 111 128 103 115 58 36 109 48 51 85 63 61 58 114 122 141 51 119 125 132 78 109 33 75 70 88 125 52 117 122 110 78 32 48 62 126 87 29 131 111 108 100 42 39 48 120 107 96 26 40 70 50 29 109 82 144 61 39 106 68 54 118 91 116 121 76 74 45 29 38 40 122 121 138 86 124 82 33 70 124 96 50 118 104 97 88 37 50 64 23 46 108 113 50 87 84 59 36 50 129 102 82 86 43 85 74 87 123 45 84 64 29 63 64 78 117 113 46 97 48 121 143 21 53 142 49 140 141 127 54 129 64 126 119 54 123 32 78 33 140 89 45 130 74 86 109 113 116 69 112 73 94 21 81 83 27 113 29 119 126 134 62 41 60 90 132 82 117 98 47 69 43 56 137 
54 65 28 50 68 19 56 61 36 17 28 34 41 49 50 36 68 48 27 24 66 40 10 35 40 28 54 63 54 61 32 20 57 25 29 48 34 36 30 61 64 72 27 59 66 65 40 56 15 36 36 49 64 28 64 62 54 37 20 26 36 63 44 18 69 59 52 55 23 17 28 64 54 53 11 21 34 23 13 57 40 73 34 20 54 32 26 57 48 60 64 36 37 23 19 18 24 60 59 70 43 62 42 15 34 64 52 29 57 54 52 47 21 24 35 14 21 54 61 30 44 45 28 22 25 66 50 39 42 20 45 39 47 61 24 44 35 17 31 33 41 61 60 24 50 25 61 72 13 28 72 27 71 73 67 31 67 32 67 61 28 63 19 41 18 70 47 25 69 38 44 59 61 60 35 58 40 48 14 44 44 12 59 16 57 64 68 34 22 34 44 66 45 58 48 27 39 23 26 70 
4 1 6 3 4 2 5 7 3 4 6 5 6 3 2 4 8 2 1 7 4 3 4 5 5 8 4 5 2 5 4 2 6 2 5 8 2 8 0 4 2 2 1 5 4 0 3 2 5 2 5 7 2 1 8 7 5 3 7 1 9 1 7 4 4 5 4 5 0 3 7 5 2 7 5 2 4 4 5 2 6 2 7 2 5 3 4 5 2 4 3 5 2 4 8 5 3 3 5 5 1 0 0 3 2 2 6 3 3 0 5 4 1 6 4 2 5 3 5 9 1 2 5 4 6 2 2 5 3 4 3 3 5 3 4 4 3 1 1 0 3 2 7 0 2 1 4 2 5 2 0 1 2 2 2 5 5 3 5 0 2 0 3 4 0 3 2 7 4 5 0 4 7 1 5 2 7 0 7 2 2 2 7 0 4 2 0 2 3 3 5 7 4 1 4 5 4 0 2 5 
3 3 4 0 4 2 3 6 2 6 3 2 3 3 1 2 6 0 0 6 2 1 2 4 3 5 2 3 3 4 4 3 5 2 4 7 4 7 2 5 4 3 2 2 6 0 4 3 2 0 4 6 2 3 7 5 2 1 6 3 8 0 5 6 5 5 2 6 3 1 6 5 1 6 2 3 2 2 3 3 3 2 6 1 4 0 2 2 4 3 5 3 0 3 7 3 5 0 3 4 0 0 1 0 1 3 6 4 1 2 5 4 3 3 4 4 2 2 6 8 1 4 3 5 4 3 0 3 0 2 4 4 4 1 4 3 5 3 0 1 3 4 6 2 4 3 3 1 4 2 1 3 3 4 5 5 4 2 5 3 2 3 5 4 2 2 4 6 5 4 2 6 7 3 3 3 6 1 6 4 3 0 5 2 2 1 2 5 3 5 3 5 4 0 2 4 6 2 0 4 
2 7 0 2 4 7 2 1 7 7 3 4 1 3 1 4 4 2 2 2 2 6 1 2 0 5 0 5 5 2 4 5 1 7 2 4 8 4 6 5 7 8 7 4 7 3 9 8 3 1 1 4 2 5 4 0 3 3 2 5 4 5 0 7 5 2 0 7 7 1 2 3 6 3 3 7 3 3 2 6 3 7 2 6 1 2 4 3 7 2 6 1 5 7 4 4 6 4 2 1 5 3 6 3 2 4 3 5 3 5 3 2 6 2 2 5 3 6 7 4 6 6 0 6 0 5 4 3 4 4 9 9 1 5 2 1 6 6 2 4 3 6 2 6 8 7 7 6 2 2 5 6 7 6 8 5 3 6 5 6 3 7 6 9 6 6 6 1 5 1 6 7 3 5 0 5 2 6 2 7 5 2 2 5 0 2 6 7 3 6 3 0 5 4 3 2 7 6 2 1 
29 35 15 24 37 11 28 33 20 12 14 17 21 26 26 18 35 24 14 14 33 21 6 20 20 15 27 32 30 33 19 13 31 14 17 28 21 22 17 34 35 38 15 30 37 34 23 30 7 18 20 28 34 17 36 33 27 19 13 16 22 33 24 13 38 32 26 31 14 8 17 35 29 30 5 13 17 11 6 31 20 38 20 11 29 15 13 28 27 32 35 18 19 13 13 9 15 30 30 37 22 32 23 8 18 34 29 17 29 29 29 26 13 12 20 10 10 28 35 19 24 26 14 15 14 36 26 19 21 10 25 22 26 31 14 24 21 11 16 18 23 34 33 14 28 15 33 37 9 16 38 16 38 39 37 19 36 17 37 33 16 34 13 23 11 36 26 15 38 21 24 34 34 33 19 32 23 26 10 25 25 6 32 10 29 33 37 21 13 20 22 35 25 30 24 16 23 14 13 37 
106 126 53 101 132 34 113 118 70 27 54 67 81 95 101 71 132 97 54 43 133 77 20 67 80 52 108 124 104 118 60 37 110 46 55 89 63 65 57 117 123 139 50 115 127 130 76 107 30 72 69 92 126 53 121 121 106 74 35 49 65 124 85 30 133 114 104 103 42 36 51 123 105 100 22 38 66 46 25 109 78 142 63 37 105 65 51 114 91 118 122 72 72 42 32 35 42 119 117 137 84 123 81 30 69 124 99 53 114 104 100 91 37 46 67 25 42 105 115 53 85 85 56 38 48 129 99 78 83 39 84 72 90 120 46 85 66 30 62 63 79 118 115 45 95 47 118 141 23 54 141 49 138 141 127 57 131 61 129 118 55 122 34 76 33 137 89 46 133 73 85 111 116 117 68 112 75 93 23 82 85 25 115 29 115 126 133 63 42 62 86 129 85 115 94 50 71 42 53 137 
6 4 6 2 7 2 4 8 1 8 3 1 4 6 4 2 5 3 3 8 3 0 4 7 3 4 3 1 6 7 7 6 7 2 7 10 6 10 4 8 6 3 2 1 8 2 3 3 3 3 6 9 5 5 10 7 2 2 8 5 10 2 6 8 8 7 3 9 4 3 8 7 2 9 3 2 1 1 3 6 3 2 8 1 6 1 0 3 6 6 7 3 2 0 9 2 7 2 3 6 2 2 3 3 3 5 8 7 2 4 8 7 5 3 7 6 2 1 9 10 2 6 3 8 5 5 2 3 2 1 4 3 7 1 6 6 7 5 3 4 6 6 8 4 4 3 1 1 7 5 3 5 3 6 6 8 7 1 8 4 5 5 7 3 4 0 6 8 8 6 4 9 9 5 5 6 8 3 8 7 6 2 8 5 3 4 4 7 5 7 2 6 7 3 2 7 9 4 1 6 
5 2 6 2 5 1 4 7 1 6 4 3 4 5 3 3 6 2 1 8 3 1 4 6 4 6 4 3 4 6 6 4 7 1 6 9 4 9 3 6 4 2 1 3 6 1 2 1 3 2 5 8 4 3 9 7 3 2 8 3 9 0 6 6 6 6 3 7 2 3 7 6 0 8 3 1 2 2 4 4 4 1 8 0 6 2 2 3 4 5 5 4 1 1 9 3 6 1 4 6 1 1 1 2 2 4 7 5 2 2 6 5 3 4 5 4 3 0 7 9 0 5 4 6 6 4 1 4 1 2 2 2 6 1 5 5 5 3 1 2 4 4 8 2 3 1 2 0 6 4 1 3 1 5 4 7 6 0 7 2 3 3 5 2 2 1 4 7 6 6 2 7 8 3 5 4 8 1 8 5 4 2 7 3 4 3 2 5 4 6 3 6 6 2 3 6 7 2 1 6 
1 8 3 5 3 9 6 1 10 5 7 8 6 4 3 8 9 4 4 3 6 9 5 0 5 9 5 9 4 0 3 5 2 10 0 0 8 0 7 3 7 10 9 8 5 5 11 10 7 4 3 0 2 5 0 2 7 7 1 5 1 8 5 5 3 0 5 4 7 5 1 0 8 0 7 10 7 7 7 5 7 10 1 9 3 6 8 7 7 1 5 5 7 10 1 8 5 7 6 3 7 5 8 6 4 5 1 3 7 5 1 1 6 7 1 4 7 9 5 1 8 5 4 5 3 6 7 7 7 8 11 11 0 8 3 1 5 6 5 5 2 5 1 8 10 9 10 8 2 3 7 6 10 5 8 2 2 9 2 8 3 8 5 11 6 9 6 1 3 3 7 6 0 5 2 5 1 7 1 5 4 5 2 6 4 3 7 7 2 5 7 5 3 6 7 0 6 8 6 3 
7 2 8 4 7 1 6 9 1 7 6 5 7 6 5 5 8 4 3 10 6 2 6 8 6 8 6 4 5 8 7 5 9 1 8 11 4 11 4 7 5 0 0 5 7 3 0 0 6 4 7 10 5 4 11 9 5 4 10 4 11 2 9 7 7 8 6 9 2 5 9 8 2 10 5 0 4 4 6 5 6 1 10 2 8 4 4 5 4 7 6 6 3 2 11 5 6 4 6 8 3 3 2 4 4 5 9 7 4 3 8 7 4 6 7 5 5 2 8 11 2 5 6 7 8 5 3 6 4 4 0 0 8 3 7 7 6 4 3 3 6 5 10 2 1 0 1 2 8 5 3 4 0 6 4 8 8 2 8 3 5 3 6 1 3 2 5 10 7 8 2 7 10 4 7 5 10 3 10 5 5 4 9 3 6 5 3 5 6 6 5 9 7 4 5 8 7 2 4 8 
6 9 3 3 8 7 3 6 6 11 2 1 0 7 5 3 0 4 5 6 3 5 4 7 1 0 2 3 8 6 8 9 6 7 7 9 10 9 8 9 10 8 7 3 11 5 8 8 3 4 5 9 6 8 9 5 2 4 7 8 9 6 4 10 9 6 2 11 9 2 7 8 6 8 3 7 2 1 2 9 0 7 6 6 5 3 2 3 10 6 10 1 6 6 8 2 10 4 0 5 6 5 7 5 5 8 8 9 4 8 8 7 9 0 7 9 1 6 11 8 7 9 0 10 3 8 6 2 4 2 9 8 6 4 6 5 10 9 5 7 7 9 7 8 9 8 7 6 7 6 7 9 8 9 10 10 7 6 9 8 6 9 10 8 8 5 9 6 9 5 8 11 8 8 5 8 7 7 6 10 8 4 6 8 2 6 8 10 7 10 0 4 9 6 3 6 11 8 3 6 
5 5 5 1 6 3 2 7 2 8 2 0 2 5 3 0 4 2 2 7 2 1 3 6 2 3 2 0 5 6 6 6 6 3 6 9 6 9 4 7 6 4 3 0 8 2 4 4 2 2 5 8 4 5 9 6 1 1 7 5 9 2 5 8 7 6 2 9 5 1 7 6 2 8 1 3 0 0 2 6 1 3 7 2 5 0 0 1 6 5 7 2 2 2 8 1 7 1 2 5 2 2 3 2 2 5 7 7 1 4 7 6 5 2 6 6 0 2 9 9 3 6 2 8 4 5 2 2 1 0 5 4 6 0 5 5 7 6 2 3 5 6 7 4 5 4 3 2 6 4 3 5 4 6 7 8 6 1 7 5 4 5 7 4 4 1 6 7 7 5 4 8 8 5 4 5 7 3 7 7 6 1 7 5 2 4 5 7 5 7 1 5 7 3 1 6 8 4 0 5 
130 154 67 126 162 40 142 148 85 30 69 84 103 116 124 89 166 120 65 53 167 94 26 81 102 66 137 155 127 146 72 43 137 55 66 109 75 79 68 143 150 171 60 144 155 161 92 131 38 90 86 113 155 63 149 153 134 93 43 58 80 153 108 34 163 142 132 124 49 46 63 152 129 123 28 45 83 58 33 133 99 175 78 44 131 81 64 143 110 145 149 92 88 51 39 44 49 148 148 171 103 151 99 37 84 152 123 62 143 127 122 111 43 59 81 27 53 130 140 65 104 103 72 44 62 158 123 98 103 49 102 87 111 149 56 105 79 33 75 76 96 144 143 54 116 55 146 174 26 65 173 58 170 173 155 68 161 75 158 144 65 149 39 92 38 170 108 58 163 91 104 135 144 143 86 137 93 113 28 99 102 30 143 33 146 155 163 75 50 74 109 163 102 142 118 61 85 49 66 171 
54 65 28 50 68 19 57 61 37 16 28 34 41 48 50 37 68 48 27 23 67 40 10 35 40 28 54 64 54 60 31 20 57 25 29 47 34 35 30 61 64 72 27 59 66 66 41 56 15 36 35 49 64 28 63 62 54 38 20 26 36 63 44 18 69 59 52 54 23 17 27 63 54 52 12 21 34 24 13 57 40 73 33 20 54 32 26 58 48 60 64 36 37 23 19 18 24 60 59 69 43 62 42 15 34 63 52 28 58 54 52 47 21 24 35 14 22 54 61 29 44 45 28 22 25 66 51 39 42 20 45 39 46 61 24 43 35 17 31 33 41 61 60 24 51 26 62 72 13 28 72 27 72 73 67 31 67 32 67 61 28 63 19 41 18 70 47 25 69 37 45 59 61 60 35 58 40 48 13 44 44 12 59 16 57 63 69 34 22 34 44 66 44 58 48 26 39 23 26 70 
1 8 3 5 3 9 6 1 10 5 7 8 6 4 3 8 9 4 5 2 6 9 5 0 5 9 5 9 4 0 3 5 2 10 0 0 8 0 7 3 7 10 9 8 5 5 11 10 7 4 3 0 3 5 0 2 7 7 1 5 1 8 4 5 3 0 5 4 8 5 1 0 8 0 7 10 7 7 7 6 7 10 1 9 3 6 8 7 8 1 5 5 7 10 0 8 5 7 6 3 7 5 8 6 4 5 1 3 7 6 1 1 6 7 1 4 7 9 5 1 8 5 4 5 3 6 7 7 7 8 11 11 0 8 3 1 5 6 5 5 2 5 1 8 10 9 10 8 2 3 7 6 10 5 8 3 2 9 3 8 3 8 5 11 6 9 6 1 3 3 7 6 0 5 2 5 1 7 1 5 4 5 2 6 4 3 7 7 2 5 7 4 3 6 7 0 6 8 6 3 
30 35 16 25 37 11 29 34 20 13 14 17 21 27 27 18 35 25 15 15 33 21 7 21 20 15 27 32 30 33 19 13 31 14 18 28 21 22 18 34 35 38 15 29 37 34 23 30 7 19 20 28 34 17 36 34 26 19 13 16 22 33 24 13 38 32 26 32 14 9 17 35 28 30 5 13 16 11 6 31 20 38 20 11 29 15 13 28 27 33 36 18 19 12 14 9 16 30 30 37 22 32 23 8 18 34 29 18 29 29 30 26 13 12 20 10 10 28 35 19 24 26 14 15 14 36 26 19 21 10 25 22 26 31 15 24 21 12 17 18 23 34 34 14 28 15 32 37 9 16 38 16 38 40 37 20 36 17 37 33 16 34 13 23 12 36 27 16 38 21 24 34 34 33 20 32 24 26 10 26 25 7 33 11 29 34 37 21 14 21 21 35 26 31 23 16 24 14 13 38 
4 3 5 0 5 2 3 6 2 6 3 2 3 4 2 2 5 1 1 7 2 1 3 5 3 5 2 2 4 5 5 4 6 2 5 8 5 8 3 5 4 3 2 2 6 0 3 3 2 1 4 7 3 3 8 5 2 1 6 3 8 0 5 6 6 5 2 7 3 2 6 5 1 7 2 2 1 1 3 4 3 2 7 1 5 0 1 2 4 4 5 3 0 2 8 2 5 0 3 4 0 0 1 1 1 3 6 5 1 2 6 5 3 3 5 4 2 1 7 8 1 4 3 6 4 3 0 3 0 2 4 4 5 1 4 4 5 4 1 2 4 4 7 2 4 3 3 1 5 3 2 3 2 4 5 6 5 1 6 3 3 3 5 4 3 1 4 6 5 4 2 7 7 3 4 4 7 2 6 5 4 0 6 3 2 2 3 5 3 5 3 5 5 1 2 5 7 3 0 5 
0 5 2 1 2 6 2 2 6 5 4 4 3 1 0 4 6 0 1 2 2 5 1 1 2 6 1 5 3 1 2 4 1 6 1 4 6 4 4 3 5 7 5 5 5 2 8 6 3 0 0 3 1 3 4 2 4 3 2 4 4 4 2 5 4 1 1 5 5 1 2 2 5 3 3 6 3 3 3 4 4 6 2 5 0 2 4 3 6 0 5 2 4 6 3 4 5 3 3 0 3 2 4 2 0 3 2 3 3 3 2 1 4 3 1 3 3 5 5 4 5 4 1 4 1 4 3 3 3 4 7 8 1 4 0 0 4 4 1 2 2 4 3 5 7 6 7 5 1 0 4 4 6 4 6 4 1 5 3 5 1 5 4 8 4 5 4 2 3 0 5 6 3 3 0 3 2 4 2 5 3 1 2 4 1 1 4 5 1 4 3 2 3 3 4 1 6 5 2 0 
0 5 4 4 0 7 5 3 8 2 7 7 6 2 2 7 9 3 3 4 5 7 4 0 5 9 5 8 1 1 0 2 3 7 0 3 5 3 4 0 4 7 6 7 2 3 9 7 6 3 3 2 0 2 3 4 7 6 3 2 4 6 5 2 0 1 4 2 5 4 3 0 6 3 6 7 6 6 6 3 7 7 3 7 3 4 7 6 5 0 2 5 6 8 3 7 2 6 6 3 5 3 5 5 2 2 2 0 6 3 0 0 3 7 0 1 6 7 2 4 6 2 5 2 4 3 5 6 6 7 8 9 1 7 2 1 2 3 3 2 0 2 3 5 7 7 8 6 1 0 5 3 7 2 5 0 1 7 0 5 1 5 2 9 3 7 3 3 0 3 4 3 3 2 2 2 3 5 3 2 1 3 3 3 4 1 4 4 0 2 7 5 0 4 6 1 3 5 4 3 
57 68 29 52 71 20 58 63 37 20 26 32 40 52 53 36 65 51 30 25 68 40 13 38 40 25 55 63 57 63 35 23 59 26 32 50 37 38 33 64 67 73 28 58 70 68 41 57 15 39 38 51 67 31 66 64 53 39 22 29 38 65 45 21 72 61 53 58 25 19 30 66 55 55 12 22 33 22 13 60 37 74 36 21 56 33 25 57 51 63 67 36 38 23 21 17 27 61 57 72 45 64 44 18 37 66 55 32 59 56 55 50 23 21 38 17 20 55 64 32 46 48 27 25 26 69 52 39 43 19 46 40 49 61 27 46 39 20 34 35 44 64 62 27 52 27 62 73 16 31 74 30 73 76 69 34 70 33 70 63 31 66 22 41 21 71 50 27 72 40 47 62 63 63 37 61 42 50 15 47 47 15 61 19 59 67 71 37 25 37 41 67 48 61 48 29 42 25 28 73 
5 3 6 2 6 0 4 8 0 7 4 3 5 5 3 3 6 2 2 8 4 1 4 6 4 6 4 3 4 6 6 4 7 0 6 9 4 9 3 6 4 1 1 3 7 1 2 1 4 2 6 8 4 3 9 7 3 2 8 3 10 1 7 7 7 7 4 8 2 3 8 7 0 8 3 1 2 2 4 5 4 0 8 0 6 2 2 3 4 5 5 4 1 1 9 4 6 2 4 6 1 1 1 2 3 4 8 6 2 3 7 6 3 4 6 5 3 0 7 10 0 5 4 6 6 4 1 4 2 2 2 2 6 1 6 5 6 4 2 2 5 4 8 2 3 1 1 0 6 4 2 4 1 5 5 7 6 0 7 3 4 3 6 2 3 1 5 8 6 6 2 7 9 4 5 4 8 2 8 5 4 2 8 3 4 3 3 5 4 6 4 7 6 2 3 6 7 2 2 6 
53 63 31 54 65 20 61 63 38 11 33 39 46 48 52 40 73 50 28 26 71 42 14 34 45 33 59 67 49 60 29 16 58 26 28 47 31 35 28 56 60 72 26 63 61 66 41 56 20 39 38 47 62 25 63 65 58 41 20 23 36 64 48 13 65 59 57 50 21 22 28 62 55 52 16 22 38 28 18 53 45 74 35 21 56 36 30 62 45 59 59 41 39 25 19 23 19 63 64 72 44 62 42 18 36 61 52 24 61 51 49 45 17 29 33 9 26 56 56 30 45 40 33 17 29 63 52 44 45 24 45 39 47 64 25 44 31 13 32 31 37 57 61 23 49 25 63 73 12 26 71 23 72 69 63 27 66 34 63 59 26 61 14 42 15 72 43 27 64 40 43 54 61 56 37 55 41 48 15 39 39 15 61 13 62 63 66 30 20 29 49 70 40 59 52 26 34 22 30 72 
0 5 2 2 1 6 3 2 6 4 5 5 3 0 0 5 6 1 1 3 3 5 2 1 2 6 2 6 2 1 1 3 2 6 1 3 5 3 4 2 5 6 5 5 4 2 8 6 4 1 1 2 0 3 3 2 4 3 2 3 4 4 3 4 3 1 2 4 5 2 2 1 5 3 4 6 4 4 4 3 5 6 3 5 1 2 5 4 5 0 4 3 4 6 3 5 4 4 4 1 3 2 4 3 0 2 2 2 3 3 1 0 3 4 0 2 4 5 4 4 5 3 2 4 2 3 3 4 4 5 7 7 0 5 0 0 3 4 1 2 1 4 3 4 7 6 7 5 0 0 4 4 6 3 6 3 0 5 2 5 0 5 3 8 3 6 3 2 2 1 4 5 3 3 0 2 3 4 2 4 2 1 2 3 1 0 4 5 0 4 4 3 2 3 4 0 5 5 2 1 
4 4 4 0 5 2 2 6 2 7 3 2 3 4 2 1 5 1 1 6 2 1 3 5 2 4 2 2 4 5 5 4 5 2 5 8 5 8 3 6 5 3 2 1 7 1 4 3 2 1 4 7 3 4 8 5 2 0 6 4 8 1 5 7 6 5 2 7 3 1 6 5 1 7 2 3 1 1 2 4 2 2 6 1 4 0 1 2 5 4 6 2 0 2 8 2 6 0 3 4 1 1 2 1 1 4 6 5 0 3 6 5 4 2 5 4 1 1 7 8 2 5 2 6 4 4 1 2 0 1 4 4 5 0 4 4 5 4 1 2 4 5 7 3 4 3 3 1 5 3 2 4 3 5 5 6 5 1 6 3 3 4 5 4 3 1 5 6 6 4 3 7 7 4 4 4 7 2 6 5 4 0 6 3 2 2 3 6 3 6 2 5 5 1 1 5 7 3 0 5 
27 36 14 26 35 13 30 31 22 11 16 20 22 25 26 21 37 25 15 12 35 23 6 18 21 17 28 35 29 30 17 12 28 16 15 25 21 19 18 32 35 40 17 32 36 34 25 32 10 19 17 25 33 16 33 31 29 21 10 15 19 34 22 12 36 29 27 30 15 9 14 32 30 27 8 15 19 14 8 31 22 40 17 13 26 18 16 31 27 30 35 19 21 15 10 12 14 33 31 34 24 33 24 10 18 34 26 16 31 29 27 24 13 14 18 9 13 30 33 16 25 25 15 13 12 36 28 22 23 13 27 24 23 33 12 21 20 11 17 18 22 33 30 15 29 17 35 39 7 14 39 16 40 39 37 17 34 19 35 34 15 35 12 25 12 39 26 13 36 18 25 33 31 32 16 31 20 27 7 25 24 7 30 10 29 32 37 20 12 19 24 33 24 31 26 13 23 15 15 34 
