50 
200 
136 1238
421 2103
247 1609
147 1307
142 1257
107 1130
163 1372
389 2141
421 2127
34 623
220 1619
405 2040
85 1017
257 1720
220 1530
349 1984
155 1394
426 2153
171 1402
171 1335
155 1431
295 1912
228 1629
161 1346
408 2184
392 2139
110 1131
255 1640
308 1781
136 1271
424 2163
77 903
314 1836
354 1953
402 2088
59 787
238 1625
193 1480
306 1955
93 1011
281 1777
381 2189
26 552
378 1999
85 1013
217 1586
83 1003
163 1398
214 1535
265 1746
28 24 11 28 5 22 8 22 19 34 29 6 9 24 31 17 12 23 15 34 34 12 12 23 10 14 17 30 5 25 9 19 20 34 9 33 22 11 13 26 18 17 20 32 24 30 32 28 19 31 25 19 14 23 19 30 23 20 10 34 25 9 14 10 12 5 18 7 29 24 31 12 18 29 6 25 6 9 14 26 18 9 12 23 7 10 8 19 26 27 6 27 18 5 6 6 34 32 32 21 5 26 13 11 25 18 15 27 6 26 32 8 17 23 22 18 15 7 5 15 10 9 32 19 16 22 20 7 21 18 17 5 18 10 17 27 10 32 30 18 34 28 26 28 29 13 33 8 20 14 13 26 24 14 32 28 26 34 23 12 14 11 27 5 22 6 11 32 31 23 34 33 28 34 13 21 26 18 34 10 12 26 7 27 32 6 8 33 9 12 29 23 28 34 8 10 34 17 8 23 
36 25 15 36 11 25 14 31 20 40 30 12 10 30 37 23 21 30 20 36 38 18 18 28 11 20 23 37 12 31 17 25 28 34 16 35 25 11 20 33 23 17 27 38 28 37 41 30 24 36 32 21 19 29 20 36 29 26 12 39 32 14 19 12 17 11 20 9 35 26 36 17 23 29 13 30 9 16 20 28 19 11 17 27 7 16 9 26 28 33 12 32 21 6 11 11 40 34 36 30 14 28 19 13 28 27 17 32 13 32 37 15 26 23 24 20 19 15 14 20 17 17 39 28 26 27 21 10 26 20 22 10 21 16 21 29 16 39 38 19 40 32 33 31 32 21 34 10 24 21 17 28 30 21 38 36 30 37 27 20 20 16 32 10 27 11 16 37 34 28 42 35 33 39 19 22 28 21 40 10 17 26 14 34 37 11 14 34 12 14 39 25 30 35 15 15 40 23 12 32 
5 0 1 4 4 0 2 6 2 4 1 7 2 2 2 2 6 3 2 3 2 4 2 2 2 2 4 5 5 6 5 4 4 3 3 3 0 4 3 3 1 3 4 3 1 3 6 2 2 1 5 5 3 5 3 2 2 2 0 6 5 5 4 1 2 2 1 1 2 1 3 5 6 3 5 6 0 4 4 1 3 1 4 3 4 2 2 4 0 2 4 1 5 4 1 3 2 3 3 6 6 2 2 2 1 7 1 2 4 2 2 4 6 3 1 1 1 4 5 5 2 4 6 6 6 2 2 0 2 0 1 6 0 7 0 2 5 5 5 2 2 0 4 4 1 4 4 0 1 5 1 4 2 3 2 4 0 0 0 4 2 2 6 2 1 6 2 2 0 2 4 1 4 4 5 3 2 1 4 3 6 3 4 4 5 6 3 2 1 3 6 2 3 2 3 1 5 2 2 5 
7 2 0 4 6 2 2 8 3 6 3 9 3 2 2 1 8 4 0 3 0 5 1 0 4 1 6 6 7 8 7 6 4 4 4 5 2 4 3 4 1 3 5 5 3 3 8 2 0 0 7 4 5 8 4 2 1 1 3 8 7 7 6 0 0 1 3 2 1 3 5 7 8 4 7 8 1 5 6 3 5 3 6 6 5 2 3 5 0 3 6 0 7 4 2 5 3 5 5 8 8 3 3 3 0 8 2 0 6 1 0 6 8 4 3 3 0 6 6 7 2 5 8 7 8 0 3 2 0 2 1 8 0 9 1 4 7 7 7 4 3 2 5 6 3 5 4 0 3 7 0 6 2 3 2 5 1 0 2 5 1 0 8 0 0 8 0 4 2 0 5 3 6 7 7 4 4 3 6 4 8 4 4 6 7 8 5 3 3 4 7 4 3 4 3 0 7 2 0 5 
34 26 17 36 8 26 14 29 22 37 30 9 13 31 38 23 19 29 21 39 40 15 19 30 12 21 20 35 8 27 15 22 28 38 15 32 26 15 20 32 23 20 25 35 27 37 39 33 25 37 28 25 16 26 21 36 30 27 11 36 29 10 15 14 18 12 21 10 35 25 34 13 20 29 10 27 10 15 17 26 18 9 14 24 10 17 10 25 30 32 9 33 19 9 11 9 40 31 33 27 12 28 18 13 30 25 19 33 10 33 39 12 23 26 23 19 20 13 12 16 16 16 35 26 23 28 23 9 27 20 22 7 22 12 21 29 12 36 36 17 39 32 31 28 30 19 37 11 23 18 18 27 30 20 38 35 31 38 27 18 21 18 29 12 28 8 17 35 35 29 40 33 31 35 16 23 25 19 38 11 13 29 13 32 33 8 11 36 10 13 37 22 33 36 15 16 37 23 14 30 
34 26 12 31 10 24 9 29 22 40 32 14 13 24 32 17 19 26 15 38 35 17 12 23 14 14 22 35 12 33 15 24 23 39 12 38 24 16 15 29 18 21 24 37 26 32 39 31 20 30 31 25 19 30 24 31 23 20 12 42 31 16 20 11 11 5 21 10 29 27 36 19 26 34 12 33 8 13 20 29 24 12 17 29 13 10 12 23 27 29 11 26 25 10 7 10 36 37 37 28 12 30 15 15 26 25 18 27 11 26 32 14 24 27 25 21 16 12 10 22 11 13 40 25 23 22 23 9 21 20 17 13 18 19 17 31 17 38 36 23 36 30 31 35 32 17 38 9 22 20 14 32 24 16 33 32 27 34 25 15 14 12 35 5 21 14 11 36 33 23 38 37 33 40 20 26 31 21 39 15 20 31 10 32 39 14 12 37 12 17 35 27 32 38 9 10 40 18 9 27 
30 29 18 30 9 28 10 24 27 37 34 14 17 28 34 19 14 25 21 43 41 15 15 29 18 18 21 33 10 33 11 24 22 43 11 39 28 21 14 26 20 25 22 35 27 32 35 36 26 35 29 30 19 30 27 32 27 24 14 43 28 16 20 17 15 10 25 14 31 29 35 20 26 37 9 33 12 11 18 32 26 14 17 30 17 12 16 20 32 30 10 31 27 15 10 9 35 38 38 24 7 33 14 18 31 21 22 32 8 30 35 11 21 32 27 23 21 9 6 22 12 8 39 20 17 26 28 11 25 22 22 14 23 19 20 34 16 35 33 25 35 33 28 36 33 14 43 14 22 17 19 35 28 15 36 27 31 39 28 11 18 17 35 10 25 14 15 34 37 27 33 39 33 40 19 29 32 22 36 18 20 35 6 30 39 14 11 41 13 20 30 29 36 41 10 16 38 19 15 23 
35 29 15 31 13 27 9 30 26 42 35 17 16 26 31 14 19 27 16 41 38 19 10 24 18 13 25 37 14 36 16 27 23 42 14 41 27 19 14 30 20 24 26 39 29 31 40 33 22 31 33 27 21 33 27 31 22 18 15 45 33 19 23 14 9 7 24 13 26 30 38 22 29 37 14 36 11 15 22 32 27 15 20 31 16 9 15 24 30 31 13 28 28 13 10 12 37 40 40 29 13 33 16 18 28 26 21 28 13 24 29 15 26 31 28 24 19 13 11 25 11 13 42 26 23 21 26 12 21 23 20 16 21 21 20 34 20 40 37 26 37 33 32 38 35 18 40 12 24 22 17 36 27 16 35 32 30 37 28 16 12 14 38 6 20 17 10 38 36 24 38 40 36 43 22 29 34 24 41 18 23 34 11 34 42 17 14 40 15 20 35 30 35 41 9 13 42 19 12 27 
6 3 7 8 2 5 7 7 5 3 3 1 6 8 8 8 7 6 8 7 8 3 8 8 4 8 2 5 2 1 6 3 9 6 7 1 6 6 8 6 6 5 6 3 4 8 6 7 8 8 3 8 3 1 4 7 9 8 3 0 4 0 1 6 8 8 5 5 7 2 4 0 0 2 3 0 6 6 3 2 2 2 3 2 5 8 4 6 6 6 3 7 1 6 6 3 6 1 2 5 7 4 6 4 7 6 6 8 4 8 8 3 5 5 3 3 7 6 7 0 7 7 2 7 7 8 6 3 8 3 7 0 6 0 6 4 0 3 5 1 6 5 5 2 2 7 6 5 4 4 7 2 8 7 7 7 6 6 6 7 8 9 0 8 8 0 8 3 6 8 7 2 3 1 2 4 1 3 4 3 0 5 6 5 0 0 3 5 2 3 8 1 7 4 8 8 2 7 8 8 
0 5 7 5 1 6 4 0 7 1 5 5 8 6 5 4 1 3 7 9 8 0 6 7 7 6 1 1 1 5 0 3 5 9 3 4 6 9 4 2 4 8 2 1 2 5 0 8 8 6 1 11 4 4 7 4 6 6 4 6 0 5 4 7 5 7 7 7 4 4 3 5 6 6 0 5 6 2 2 5 6 4 3 5 9 5 7 2 6 4 2 6 7 10 5 1 3 5 4 0 1 6 3 7 7 0 7 7 0 6 6 0 0 8 4 5 7 1 1 5 4 2 4 1 1 6 8 4 6 4 6 6 6 6 4 6 3 0 0 5 3 5 2 6 3 2 9 6 2 0 7 7 6 4 6 2 6 6 6 2 6 8 6 7 6 5 6 1 6 6 2 5 3 4 3 7 5 3 0 7 6 8 2 1 5 5 1 7 3 7 2 5 9 7 5 7 1 4 8 3 
143 122 58 142 28 113 41 114 99 173 147 36 49 122 157 86 64 115 78 175 174 62 62 118 54 72 88 153 29 131 48 98 103 176 46 168 112 61 66 131 90 90 101 162 120 152 164 145 99 157 128 102 73 120 100 151 118 103 51 176 128 50 74 53 62 28 93 38 146 122 157 65 96 149 33 131 32 47 73 132 95 47 63 119 41 52 44 96 133 135 32 137 96 31 31 31 170 163 163 109 29 133 65 59 128 94 79 138 32 132 162 43 89 120 112 92 78 37 28 80 51 47 165 98 84 112 104 36 107 91 87 31 92 57 85 138 55 163 153 94 170 142 132 145 146 66 171 42 99 73 68 136 122 71 162 142 132 172 117 61 72 59 141 28 112 36 57 161 158 117 171 167 143 174 69 110 133 91 172 55 66 135 36 137 165 36 42 169 46 64 149 118 145 174 42 53 173 85 44 117 
3 3 6 6 0 4 5 4 5 0 2 2 5 6 6 5 4 4 7 6 6 1 6 7 4 6 0 2 1 2 3 0 6 6 4 1 4 6 5 4 4 5 3 0 1 6 4 6 7 6 1 8 1 1 4 5 7 6 1 3 1 2 1 5 5 7 4 4 5 1 1 2 2 3 1 2 4 3 1 1 3 1 0 1 6 6 4 4 5 4 1 6 3 7 4 0 4 1 1 3 4 3 4 4 6 4 5 6 1 6 6 1 3 5 2 2 6 3 4 1 5 4 1 5 4 6 5 2 6 2 5 3 4 3 3 3 1 1 3 2 4 4 3 3 1 4 7 4 1 2 6 4 6 5 5 5 5 4 4 4 6 7 2 6 6 2 6 1 4 6 4 1 0 1 1 4 1 1 1 3 2 5 4 2 2 2 0 5 0 3 5 1 6 4 6 6 0 4 6 5 
0 4 6 4 1 5 3 1 6 1 4 5 7 5 4 3 1 2 6 8 7 0 5 6 6 5 1 0 2 5 0 2 4 8 2 4 5 8 3 1 3 7 1 0 1 4 1 7 7 5 1 9 3 4 6 3 5 5 3 6 0 5 4 6 4 6 6 6 3 3 2 5 5 6 1 5 5 1 2 4 6 3 3 4 8 4 6 1 5 3 2 5 6 9 4 0 1 4 3 1 1 5 2 6 6 1 6 6 0 5 5 0 1 7 3 4 6 0 1 5 3 1 4 1 2 5 6 3 5 3 5 6 4 6 3 5 3 1 0 5 2 4 0 6 2 1 8 5 1 1 6 7 5 3 4 1 4 5 5 1 5 7 6 6 4 5 5 0 5 5 1 4 2 4 3 6 4 2 0 6 6 7 1 0 5 5 0 6 2 6 2 4 7 6 4 6 1 3 6 2 
61 50 24 58 14 46 16 49 42 72 60 20 22 49 63 34 29 48 31 72 70 28 25 48 24 29 38 64 16 57 23 42 43 73 20 70 46 27 27 54 35 38 43 67 49 61 70 59 40 62 55 44 32 52 43 60 47 41 22 75 55 24 33 22 24 11 39 17 58 51 65 31 43 63 17 57 13 21 33 55 41 21 28 51 20 21 20 41 54 55 16 54 43 16 12 15 69 68 68 48 15 55 27 26 52 42 33 55 16 53 65 20 40 51 46 38 32 18 14 36 21 21 71 43 37 45 44 15 43 37 34 17 36 28 33 58 26 69 65 40 68 57 55 62 60 29 71 17 41 33 28 58 48 29 64 59 53 68 47 26 29 24 61 11 44 19 23 66 64 46 71 69 60 73 32 47 56 38 72 25 31 57 16 58 70 19 19 70 20 28 63 50 60 72 17 21 73 34 18 49 
4 1 5 6 1 3 5 5 4 2 1 3 4 6 5 5 5 4 6 5 5 2 6 6 2 6 1 3 2 2 4 1 7 5 4 0 3 5 5 4 4 4 3 1 1 6 5 5 6 5 2 6 1 2 3 4 6 6 1 2 3 1 0 4 5 6 3 3 5 0 2 1 2 2 2 2 4 4 2 0 2 0 1 0 4 6 3 4 4 4 2 5 2 5 4 1 4 0 0 4 5 2 4 3 5 5 4 6 2 6 6 2 4 4 0 1 5 4 5 1 5 5 2 6 6 5 4 1 5 1 4 2 3 3 3 2 1 3 4 1 4 3 3 2 0 5 5 3 2 3 5 2 5 5 5 5 4 4 3 5 6 6 2 6 5 2 5 1 3 5 5 0 1 0 2 2 0 0 2 2 2 4 4 3 1 2 1 3 0 2 6 0 5 2 6 5 2 4 5 6 
1 3 5 3 1 4 2 2 6 1 3 6 6 4 3 3 2 1 5 7 6 0 4 5 5 4 1 1 2 5 1 2 3 7 1 4 4 8 2 0 2 7 0 0 1 3 2 6 6 4 2 9 3 4 6 2 4 4 2 6 1 5 4 5 3 5 5 5 3 3 2 5 6 5 1 5 4 0 2 3 6 3 3 4 7 3 5 0 5 2 2 4 6 8 3 0 1 4 3 2 2 5 1 5 5 2 6 5 1 4 4 1 2 7 3 3 5 0 1 5 2 1 4 2 2 4 6 2 4 2 4 6 4 6 2 5 4 2 1 4 1 3 0 6 2 1 8 4 0 1 5 6 4 2 3 1 4 4 4 1 4 6 6 5 4 6 4 0 4 4 1 3 2 4 3 6 4 2 0 6 6 6 0 0 5 5 0 6 1 5 2 4 7 5 3 5 2 2 6 2 
7 0 2 7 6 1 4 8 0 6 1 7 0 4 5 4 9 5 3 0 2 5 4 3 1 4 5 7 7 7 7 5 7 1 6 3 2 1 6 6 4 0 6 5 3 6 8 0 3 3 6 2 4 6 2 4 4 4 2 6 7 5 5 0 3 4 1 1 4 2 5 5 6 2 7 6 2 6 6 1 2 2 5 4 2 5 1 6 0 4 5 3 4 1 4 5 5 3 4 8 8 1 5 1 2 9 0 3 6 4 4 6 8 1 1 1 2 7 8 6 5 7 7 8 9 3 0 2 3 1 3 6 1 7 3 2 6 7 7 2 4 2 6 4 2 6 1 0 3 7 2 3 4 5 4 7 3 1 2 6 4 4 6 4 3 6 3 4 1 3 6 2 5 5 6 2 2 2 6 1 6 1 6 6 5 6 5 0 3 2 9 2 0 1 5 3 6 4 2 7 
38 27 15 37 13 26 15 33 21 42 32 14 11 31 38 23 23 31 20 36 38 20 18 28 13 20 25 39 13 33 19 26 29 33 17 37 26 10 21 34 24 17 28 39 29 38 43 29 24 36 33 19 20 31 22 37 29 26 14 41 34 16 21 12 17 12 21 10 35 28 38 19 25 31 15 32 10 18 22 29 21 13 19 28 9 17 11 28 28 34 14 32 23 4 12 13 42 36 38 31 16 30 20 14 28 29 18 32 14 32 38 16 27 25 25 21 19 16 15 22 17 18 40 30 27 27 22 11 26 22 23 12 22 18 22 31 17 41 40 21 41 33 34 33 34 22 32 11 26 23 17 30 31 22 39 37 31 37 28 21 20 16 34 11 27 13 16 39 35 29 43 36 35 41 21 24 30 22 42 12 19 28 16 35 39 13 15 35 14 15 40 27 30 37 16 15 42 24 12 33 
10 3 3 8 8 4 6 11 2 8 3 9 2 6 6 5 11 7 4 1 3 8 5 4 3 5 8 9 9 9 10 8 9 0 8 5 4 0 7 8 6 0 8 7 5 7 11 0 4 4 9 0 7 9 3 6 5 5 4 8 9 7 7 1 4 6 3 3 5 4 7 7 8 3 9 8 4 9 8 4 4 4 7 6 3 6 3 9 2 6 8 4 6 0 6 7 7 5 6 10 11 4 7 3 2 11 2 4 8 5 4 8 10 2 4 3 3 9 10 8 7 9 9 11 11 4 2 4 4 4 5 8 3 8 5 4 8 9 10 4 6 5 8 6 5 9 0 2 6 9 3 5 6 7 6 9 5 3 4 8 5 4 8 5 4 8 4 7 4 5 8 4 7 7 9 4 4 5 8 3 7 2 8 8 7 8 7 2 5 4 11 4 1 3 7 4 8 6 3 9 
35 25 12 34 11 23 11 30 20 40 30 13 10 27 35 20 20 28 17 35 35 17 15 25 12 17 23 36 12 32 16 24 26 36 14 36 23 13 18 31 21 18 25 37 27 35 40 28 21 33 32 22 18 30 22 33 26 23 12 41 32 15 19 9 14 8 19 8 32 26 36 18 25 32 12 32 7 15 20 28 21 11 17 27 10 13 10 25 25 31 11 29 23 7 9 11 38 35 36 29 13 28 17 13 26 26 15 29 12 29 34 14 25 25 24 19 16 13 12 21 14 15 39 27 24 24 21 9 23 19 19 12 18 17 19 29 16 39 37 21 38 30 32 33 31 19 35 7 23 21 14 30 27 18 35 34 28 34 25 18 17 13 34 7 24 13 13 36 32 25 40 35 33 39 20 24 29 20 40 12 18 28 12 33 38 13 13 34 12 15 37 26 29 36 12 12 40 20 9 30 
33 26 17 35 7 26 14 28 23 36 30 8 13 31 38 23 18 28 22 39 40 15 19 30 12 21 19 34 8 27 14 21 28 39 15 32 26 16 20 31 23 21 25 34 26 37 38 33 26 37 28 25 16 25 21 36 30 27 11 35 28 9 15 15 18 12 22 11 35 25 34 13 20 30 9 26 10 14 17 27 19 10 14 23 11 17 11 24 30 32 9 33 19 10 11 8 39 31 33 26 11 29 18 14 31 24 20 34 9 33 39 11 22 27 23 19 21 12 11 16 16 15 34 26 23 28 24 9 27 20 22 6 22 12 21 29 11 35 35 18 39 32 30 29 30 19 38 11 23 18 19 28 30 20 38 34 31 38 27 18 21 18 28 12 28 7 17 34 35 29 40 33 30 35 15 23 26 19 37 12 13 29 12 31 32 7 10 37 10 14 36 23 33 37 15 16 36 22 14 30 
34 23 13 33 10 22 11 29 19 39 29 12 10 27 34 20 19 27 17 36 36 16 15 26 11 17 21 35 11 31 15 23 26 36 14 35 22 13 17 31 20 18 24 36 26 34 39 29 21 33 30 22 17 29 21 33 26 23 11 40 30 14 18 11 14 8 18 7 32 25 35 17 24 31 11 31 7 14 19 27 21 10 16 26 10 14 9 24 26 30 10 29 22 8 8 10 38 34 35 28 12 27 16 12 26 25 15 30 11 29 35 13 24 25 22 18 16 12 11 20 14 14 38 26 23 24 20 7 23 18 19 11 18 16 19 28 15 38 36 20 37 29 31 32 30 18 35 7 22 20 14 30 27 18 35 33 27 34 24 17 17 14 33 8 24 12 14 35 31 26 39 34 32 38 18 23 28 19 39 12 17 28 12 32 37 12 12 34 11 14 36 25 29 35 12 12 39 20 10 29 
2 3 5 2 2 4 1 2 5 2 3 6 6 3 2 2 2 0 4 7 5 1 3 5 5 3 2 2 3 6 1 3 2 7 0 4 4 7 2 0 1 6 0 1 1 2 3 6 5 3 3 9 3 5 6 1 4 3 2 7 2 5 4 5 2 4 5 5 2 3 2 6 6 5 2 6 4 0 3 3 6 3 3 4 7 2 5 0 4 1 2 3 7 8 2 1 0 4 4 3 2 5 0 5 5 3 5 4 1 3 3 2 3 6 3 3 5 1 1 5 1 1 5 2 2 3 6 2 4 2 3 7 3 7 1 5 4 2 2 4 0 3 1 6 2 0 7 4 0 2 5 7 3 1 3 1 3 3 3 0 3 5 6 4 3 6 3 0 4 3 0 3 3 4 4 6 4 2 1 6 6 6 0 1 5 6 1 6 2 5 2 4 7 5 2 4 3 1 5 1 
1 6 8 5 2 7 5 0 8 1 5 6 9 7 5 5 0 4 8 10 9 1 6 8 8 7 2 2 2 6 1 3 5 10 3 5 7 10 4 2 5 9 3 1 3 5 0 9 8 7 1 11 4 4 8 5 7 7 5 7 0 6 5 8 6 7 7 7 5 5 3 6 6 7 1 6 7 2 3 5 7 5 4 6 10 5 8 3 7 5 3 7 8 10 6 1 3 5 5 0 0 7 3 7 8 0 8 7 0 6 6 1 1 9 5 5 8 2 2 6 5 2 4 1 0 7 8 5 7 5 7 7 6 7 5 7 4 1 1 6 3 6 2 7 4 3 10 7 3 0 8 8 6 4 6 2 6 7 6 2 7 9 6 7 6 6 7 2 7 7 2 5 4 5 4 8 6 4 1 8 7 9 2 2 6 6 1 8 4 7 2 5 9 8 5 8 2 4 8 4 
30 28 16 29 8 27 9 25 25 37 33 14 15 27 32 18 15 24 19 41 39 14 14 27 16 17 20 33 9 32 11 23 21 42 9 38 26 19 13 25 19 24 21 34 26 31 35 34 24 34 29 28 18 29 26 31 26 23 13 42 28 16 20 15 14 8 23 12 30 28 34 19 26 35 9 32 10 10 18 30 25 13 16 29 15 11 14 20 30 29 10 30 26 13 8 8 33 37 37 25 8 31 12 17 30 22 21 30 8 28 34 11 21 30 26 22 20 8 6 22 11 9 38 21 19 25 26 10 24 21 20 13 21 18 18 32 16 36 33 24 34 32 28 35 32 13 41 12 21 17 18 34 27 14 34 28 29 37 27 11 16 16 35 8 24 13 14 34 36 26 34 37 32 40 18 28 31 21 36 17 19 33 6 29 39 13 10 39 12 18 31 28 35 40 9 14 38 17 13 23 
1 5 7 3 3 6 3 1 8 2 5 7 8 5 4 3 1 3 7 9 8 2 5 7 8 5 3 2 3 7 1 4 3 10 2 6 6 10 3 0 3 9 2 2 3 3 1 8 7 5 3 11 5 6 8 3 5 5 4 8 2 7 6 7 4 6 7 7 3 5 4 7 7 7 2 7 6 1 4 5 8 5 4 6 10 3 8 1 6 4 3 5 8 10 4 2 1 6 5 2 1 7 2 7 7 2 8 6 1 5 4 2 2 9 5 5 7 1 0 7 3 0 6 0 0 5 8 4 5 4 5 8 5 8 3 7 5 2 2 6 2 5 2 8 4 1 10 6 2 2 7 8 5 2 5 0 5 6 6 0 5 7 7 6 4 7 5 2 6 5 0 5 4 6 5 8 6 4 1 8 8 9 0 2 7 7 2 8 4 7 0 6 9 7 3 6 3 3 7 2 
1 3 5 3 2 4 2 2 6 1 3 6 6 4 3 3 2 1 5 7 6 0 4 5 6 4 2 1 3 6 1 2 3 8 1 4 4 8 2 0 2 7 0 1 1 3 2 6 6 4 2 9 3 4 6 2 4 4 2 6 1 5 4 5 3 5 5 5 2 3 2 5 6 5 2 6 4 0 2 3 6 3 3 4 8 3 6 0 5 2 2 4 7 8 3 0 1 4 4 2 2 5 1 5 5 2 6 5 1 4 4 1 2 7 3 3 5 0 1 5 2 1 4 2 2 4 6 2 4 2 4 6 4 7 2 5 4 2 1 4 1 3 0 6 2 0 8 4 0 1 5 6 4 2 3 1 4 4 4 1 4 6 6 5 3 6 4 0 4 4 1 4 3 4 4 6 4 2 0 6 6 7 0 0 5 6 0 6 2 5 2 4 7 5 3 5 2 2 6 2 
34 23 13 34 9 22 11 29 19 39 29 12 10 28 35 20 19 27 18 36 36 16 15 26 11 18 21 35 10 31 15 23 26 36 14 35 23 13 18 31 21 18 25 36 26 35 39 29 22 34 30 22 17 28 20 33 27 24 10 39 30 13 18 11 15 9 18 7 32 25 35 17 23 30 11 30 7 14 19 26 20 10 16 26 10 14 8 24 26 30 10 30 22 8 9 10 38 34 35 28 12 26 17 11 27 25 16 30 11 30 35 13 24 24 22 18 17 13 11 20 14 15 38 26 23 25 20 7 24 18 19 10 19 16 19 28 15 37 36 19 38 29 31 31 30 18 35 8 22 20 15 29 27 18 35 34 28 35 24 17 18 15 32 8 25 11 14 35 31 26 39 34 32 38 18 22 27 19 39 11 17 27 12 32 36 11 12 33 10 13 36 24 30 35 13 13 39 20 10 29 
9 2 5 9 6 4 7 10 2 7 2 6 2 7 7 6 10 7 6 2 5 7 6 6 2 6 6 8 7 6 9 6 9 0 8 3 4 0 8 8 6 0 7 6 5 8 10 2 5 5 7 2 5 6 1 6 6 7 3 5 8 5 5 3 6 7 3 3 6 3 6 5 5 1 7 5 4 8 7 2 1 2 6 4 0 7 2 8 3 6 6 6 3 1 6 6 7 2 5 9 10 3 7 2 4 10 3 6 7 6 6 7 9 1 2 2 4 8 9 5 7 9 7 10 10 6 2 3 5 3 5 5 4 6 5 3 6 8 9 2 7 4 8 3 3 8 1 2 5 8 5 2 7 7 7 9 5 3 4 8 7 6 5 6 5 5 6 6 4 6 8 2 6 5 7 2 2 3 7 0 5 1 8 8 5 6 6 2 4 2 10 2 2 2 8 6 7 7 5 9 
5 2 1 3 5 2 0 6 4 5 3 8 4 0 0 0 6 3 1 4 2 4 0 1 4 0 5 5 6 8 5 5 3 5 3 4 2 5 2 3 0 4 4 4 2 2 7 3 1 0 6 6 4 7 5 0 0 0 2 8 5 7 6 2 0 0 3 3 0 3 4 7 8 5 6 8 2 4 5 3 5 3 5 5 6 0 4 4 1 2 5 0 7 5 1 4 2 4 5 7 6 4 1 4 1 7 3 0 5 0 0 5 7 5 3 3 1 4 5 7 1 4 7 6 6 0 3 2 0 2 0 8 0 8 0 4 7 6 6 4 1 2 4 6 3 4 5 1 2 6 1 6 0 1 0 3 1 0 1 3 0 1 8 0 0 8 0 3 2 0 3 3 5 6 7 5 4 2 5 5 7 5 3 4 7 8 4 4 3 5 6 4 4 4 1 0 6 0 2 4 
34 29 20 37 7 29 16 28 26 36 33 6 16 33 40 25 18 30 24 42 43 15 21 32 15 23 19 35 6 25 15 22 29 41 16 35 29 19 21 33 25 24 26 35 28 39 38 36 28 40 27 28 18 24 24 38 32 29 14 35 28 11 16 18 20 14 24 14 37 27 35 13 18 33 9 26 13 15 17 30 21 12 15 26 13 19 14 25 33 34 10 35 21 13 13 9 41 34 35 26 11 31 20 17 34 24 23 36 9 35 41 11 21 30 26 22 23 13 12 16 18 16 33 26 22 31 27 11 30 22 25 7 25 11 23 32 9 35 35 21 41 34 31 31 32 20 41 14 25 17 21 30 32 22 40 35 33 41 30 19 23 21 27 14 31 6 20 36 38 32 41 36 31 36 15 26 29 22 37 14 14 32 13 32 34 7 11 40 12 17 37 25 36 40 17 19 36 24 17 31 
0 5 7 4 1 6 4 0 7 1 5 5 8 6 5 4 1 3 7 9 8 0 6 7 7 6 1 1 1 5 0 3 5 9 3 4 6 9 4 2 4 8 2 1 2 4 0 8 8 6 1 11 4 4 7 4 6 6 4 6 0 5 4 7 5 7 7 7 4 4 3 6 6 6 0 6 6 2 2 5 7 4 3 5 9 5 7 2 6 4 2 6 7 10 5 1 2 5 4 0 0 6 3 7 7 0 7 7 0 6 6 0 1 8 4 5 7 1 1 5 4 2 4 1 1 6 8 4 6 4 6 6 6 6 4 6 3 0 0 5 3 5 2 6 3 2 9 6 2 0 7 7 6 4 5 2 6 6 6 2 6 8 6 7 5 5 6 1 6 6 2 5 3 4 3 7 5 3 0 7 6 8 1 1 5 6 1 7 3 7 2 5 9 7 5 7 1 4 8 3 
62 52 26 58 16 49 16 50 44 74 63 22 24 49 61 31 30 49 32 74 72 29 23 48 27 27 40 66 18 60 24 45 42 75 21 73 48 30 26 54 37 41 45 69 52 60 71 61 41 62 57 46 34 55 45 60 46 39 24 78 56 27 36 24 22 11 42 19 55 53 68 33 46 65 19 60 16 22 35 57 44 23 31 53 23 18 22 42 56 57 18 55 45 18 15 17 70 71 71 49 16 58 27 28 53 43 35 55 18 51 63 22 42 53 49 41 34 19 15 39 20 21 73 44 38 44 46 18 42 40 37 20 38 30 36 60 29 71 66 43 69 60 57 65 63 30 73 20 43 35 30 61 50 28 66 59 55 71 50 27 27 25 64 11 43 22 21 69 67 46 71 72 63 76 34 49 59 41 74 27 34 59 17 59 73 22 21 72 23 31 63 53 62 75 16 23 75 34 20 49 
2 7 8 4 3 7 4 1 9 3 6 8 9 6 5 4 1 4 7 10 9 3 5 8 9 6 4 3 4 8 2 5 4 11 3 7 7 11 3 1 4 10 3 3 4 4 2 9 8 6 3 12 6 6 9 4 6 6 5 9 2 8 7 8 5 7 8 8 3 6 5 8 8 8 3 8 7 2 5 6 9 6 5 7 11 4 9 2 7 5 4 6 9 11 5 3 2 7 6 3 1 8 3 8 8 2 9 7 2 5 5 3 3 10 6 6 8 2 1 7 4 1 6 1 0 6 9 5 6 5 6 9 6 9 4 8 6 3 2 7 3 6 3 9 5 2 11 7 3 2 8 9 6 3 6 1 6 7 7 1 6 8 8 7 5 8 6 3 7 6 1 7 5 7 6 9 7 5 2 9 8 10 1 3 8 8 3 9 5 8 0 7 10 9 4 7 4 4 8 2 
7 0 2 6 5 1 4 8 0 5 0 6 0 4 4 4 8 5 3 1 2 5 4 3 1 4 5 6 6 6 7 5 6 2 5 2 1 2 5 5 3 1 5 4 2 5 8 1 3 3 6 3 3 6 1 4 4 4 1 6 6 5 4 1 3 4 0 0 4 1 4 5 6 1 6 5 1 6 5 1 2 1 4 3 2 4 0 6 0 4 5 3 4 2 3 4 4 2 3 7 8 1 4 0 2 8 0 3 5 4 3 5 7 1 1 0 2 6 7 5 4 6 6 8 8 3 0 1 3 1 3 5 1 6 2 1 5 6 7 1 4 2 5 3 2 6 2 0 3 6 2 3 4 5 4 6 2 1 2 6 4 4 6 3 3 5 3 4 1 3 6 1 4 4 6 1 2 1 5 1 5 1 5 5 5 6 4 0 2 2 8 2 1 1 5 3 5 4 2 7 
3 2 5 5 0 4 4 3 4 0 1 3 5 5 5 4 4 3 6 6 6 0 5 6 4 5 0 2 1 3 3 0 5 6 3 1 4 6 4 3 3 5 2 0 0 5 3 6 6 5 1 7 0 2 4 4 6 5 1 4 1 2 1 5 4 6 4 4 4 1 0 3 3 3 1 3 4 3 0 1 3 1 0 2 6 5 4 3 4 3 0 5 4 7 3 0 3 1 1 3 4 3 3 4 5 4 5 5 1 5 5 1 3 5 1 1 5 3 4 2 4 3 2 4 4 5 5 1 5 1 4 4 3 4 2 3 2 1 2 2 3 3 2 3 0 3 6 3 0 1 5 4 5 4 4 4 4 4 3 3 5 6 3 6 5 3 5 0 4 5 3 1 0 1 1 4 2 0 1 4 3 5 3 2 2 3 0 4 0 3 4 1 6 4 5 5 1 3 5 4 
89 73 38 90 17 69 29 71 60 104 88 21 31 78 99 56 42 73 51 107 107 38 42 75 32 48 52 94 17 77 32 59 67 106 32 98 69 38 45 83 58 55 64 98 73 96 101 89 63 98 77 63 43 71 59 95 75 66 31 104 78 28 42 34 41 21 57 24 92 72 95 37 56 88 21 77 22 31 44 78 55 27 37 69 25 36 27 62 81 85 20 86 56 20 22 20 106 95 96 68 21 80 43 36 80 59 49 87 21 84 102 26 55 73 66 55 50 25 20 46 35 32 98 63 54 72 64 22 69 55 56 17 58 33 54 83 31 99 94 54 106 87 82 85 87 44 104 27 62 45 44 80 77 47 101 89 82 106 73 41 48 39 83 21 71 20 39 98 96 75 107 99 85 103 41 65 78 54 104 32 38 81 26 84 97 20 26 102 27 38 93 68 89 104 30 35 104 56 29 75 
4 2 6 7 1 4 5 5 5 1 2 2 5 7 6 6 5 4 7 6 6 1 6 7 3 7 1 3 1 2 4 1 7 6 5 0 4 6 6 5 5 5 4 1 2 6 5 6 7 6 1 7 1 1 4 5 7 7 1 2 2 1 0 5 6 7 4 4 6 1 2 1 2 2 2 1 5 4 1 1 2 1 1 1 5 6 4 4 4 5 2 6 2 6 5 1 4 0 1 4 5 3 4 4 6 5 5 7 2 7 6 2 4 5 1 2 6 4 5 1 6 5 1 5 5 6 5 2 6 2 5 2 4 2 4 3 0 2 4 1 4 4 3 2 1 5 6 4 2 2 6 3 6 5 6 5 5 4 4 5 7 7 2 7 6 1 6 1 4 6 5 1 1 0 1 3 1 1 2 3 1 4 4 3 1 1 1 4 1 3 6 0 6 3 6 6 1 5 6 6 
2 2 4 2 2 3 1 3 5 2 2 6 5 3 2 1 3 0 4 6 4 2 2 4 5 3 2 2 4 6 2 3 2 6 0 3 3 7 1 1 0 5 1 1 0 2 4 5 4 3 3 8 3 5 5 1 3 3 2 6 3 5 4 4 2 3 4 4 1 2 2 5 6 5 3 6 3 1 3 3 5 2 3 4 7 2 4 1 3 0 2 2 6 7 1 1 0 3 3 4 3 4 0 4 4 4 4 3 2 2 2 2 4 6 2 2 4 2 2 5 1 1 5 3 3 3 5 1 3 1 2 7 2 7 0 4 5 3 3 4 0 2 1 5 1 1 7 3 0 3 4 6 2 1 2 1 2 2 2 1 3 4 6 3 2 6 2 1 3 3 1 3 3 4 4 5 4 1 2 5 6 6 1 1 5 6 1 5 1 5 3 3 6 4 2 3 3 1 4 2 
6 4 8 9 2 6 7 6 6 2 4 0 7 9 8 8 6 7 9 8 8 3 9 9 5 9 2 5 2 0 6 3 9 7 7 2 6 7 8 6 7 6 6 3 4 9 6 8 9 8 2 9 3 1 5 7 9 9 4 1 3 1 2 7 8 9 6 6 8 3 4 1 0 3 3 0 7 6 3 3 3 3 3 3 6 8 6 6 6 7 3 8 3 8 7 3 7 2 3 5 6 5 7 5 8 6 7 9 3 9 9 3 5 6 3 4 8 6 7 1 8 7 1 7 6 8 7 4 8 4 7 1 7 1 6 5 0 3 5 3 6 6 5 3 3 7 7 6 4 3 8 4 8 8 8 7 7 7 7 7 9 9 0 9 8 0 8 3 6 8 7 3 3 2 2 5 2 3 3 4 1 6 6 5 1 0 3 6 3 4 8 2 8 5 8 8 2 7 8 8 
61 47 24 61 14 44 19 50 39 72 58 18 19 51 65 37 31 49 33 70 70 28 27 49 22 31 38 65 15 56 23 42 45 71 22 68 44 25 30 56 38 36 44 67 49 64 70 58 41 64 55 42 31 51 40 62 49 43 20 73 55 22 32 21 26 13 36 14 61 49 65 29 42 60 17 55 12 22 32 52 39 18 27 49 17 23 17 42 52 56 16 56 40 13 14 15 71 66 67 48 16 53 29 23 52 43 31 57 16 55 67 20 40 48 44 36 31 19 16 35 23 23 69 44 39 46 41 14 44 36 36 15 36 26 35 55 25 69 65 38 71 56 56 60 59 30 69 16 41 33 28 56 51 31 67 61 53 68 46 28 31 25 60 13 46 17 24 66 62 48 72 67 59 72 31 44 54 37 72 22 29 54 18 58 68 17 19 67 19 26 64 48 58 69 20 22 72 36 18 51 
3 5 5 0 4 5 1 4 7 4 5 9 7 3 1 0 3 2 4 8 6 3 2 4 7 2 4 4 5 8 3 5 0 8 1 6 5 9 0 0 1 8 2 3 3 0 4 7 5 3 5 9 5 7 8 1 2 2 4 9 4 8 7 5 1 3 6 6 0 5 4 8 9 7 4 8 5 2 5 5 8 5 5 7 9 0 7 2 5 2 5 3 9 9 3 3 0 6 6 5 4 6 0 6 5 4 6 3 3 2 1 4 5 8 5 5 5 2 2 8 0 0 7 3 3 2 7 3 3 4 3 9 4 9 2 6 7 4 4 6 0 4 3 8 4 1 8 4 2 4 5 8 3 0 2 0 4 4 4 0 2 5 9 3 1 8 2 3 5 3 0 5 5 7 6 7 6 4 3 7 8 8 0 3 8 8 3 7 4 7 2 6 7 7 0 4 5 0 5 0 
7 0 3 7 4 2 5 7 1 5 0 5 1 5 5 5 8 5 4 2 3 4 5 4 0 5 4 6 5 5 7 4 7 2 6 1 2 2 6 6 4 1 5 4 2 6 7 2 4 4 5 3 3 5 0 4 5 5 1 4 5 3 3 2 4 5 1 1 5 0 4 4 4 0 5 4 2 6 5 0 1 0 4 2 2 5 0 6 1 4 4 4 3 2 4 4 5 1 3 7 8 0 5 0 3 8 2 4 5 5 5 5 7 1 0 0 3 6 7 4 5 6 5 8 8 4 1 1 4 1 4 4 2 5 3 0 4 5 6 0 4 2 5 2 1 6 2 1 3 6 3 2 5 5 5 6 3 2 2 6 5 5 4 5 4 4 4 3 2 4 6 0 4 3 5 0 0 1 5 0 4 1 6 5 3 4 4 1 2 0 8 1 2 0 6 4 5 4 4 7 
146 119 58 146 29 111 44 117 96 174 144 35 46 124 159 89 67 119 79 172 173 64 64 119 50 74 89 155 30 130 51 98 106 172 50 166 111 57 70 135 93 86 104 163 122 155 167 142 99 158 130 99 72 120 96 154 119 104 50 175 130 48 73 52 64 30 90 36 149 120 158 64 95 146 35 129 32 50 74 130 91 45 63 117 37 54 40 100 131 139 34 138 93 28 33 33 174 161 162 111 32 130 69 55 128 97 76 139 35 134 164 44 91 116 110 89 78 40 31 79 54 51 165 102 87 114 101 35 108 90 88 29 91 55 87 135 54 165 156 90 174 142 135 142 146 70 168 40 102 75 68 132 124 75 164 146 132 171 117 65 75 59 140 29 113 34 59 163 156 119 175 165 143 173 70 106 131 91 174 51 64 131 40 140 164 34 43 166 46 61 152 116 142 170 45 53 174 89 43 121 
4 4 7 7 0 5 6 4 6 0 3 2 6 7 7 6 4 5 8 7 8 1 7 8 5 7 0 3 0 2 4 1 7 7 5 2 5 7 6 4 5 6 4 1 2 7 4 7 8 7 0 9 2 0 5 6 8 7 3 2 1 2 1 7 7 8 5 6 6 2 2 2 2 4 1 2 6 4 1 3 4 2 1 2 6 7 5 4 6 5 2 7 4 8 5 1 5 2 2 3 4 4 5 5 7 4 6 7 1 7 7 1 3 6 3 3 7 4 5 1 6 5 0 5 4 7 6 3 7 3 6 3 5 3 5 4 0 1 3 3 5 5 3 3 2 5 7 5 3 1 7 4 7 6 6 5 6 5 5 5 7 8 2 8 7 2 7 1 5 7 5 2 1 1 0 5 2 2 1 4 2 6 4 3 2 2 1 6 2 4 6 2 7 5 7 7 0 5 7 6 
61 50 28 63 11 48 21 49 42 70 59 14 23 55 68 40 30 51 37 74 74 26 30 53 23 35 35 64 12 52 23 39 47 73 23 66 48 27 32 57 41 38 44 66 50 67 69 62 45 68 52 45 29 47 41 65 53 47 21 70 53 18 28 25 30 17 40 18 64 49 64 25 38 60 14 51 16 23 30 53 38 19 25 46 18 26 19 43 56 59 14 60 38 16 17 14 73 64 65 46 16 55 31 25 56 41 35 61 15 59 71 18 38 50 45 37 36 19 16 30 26 24 66 44 38 50 44 16 48 38 39 12 40 22 38 56 21 66 64 37 73 60 56 57 59 31 72 20 42 31 32 54 54 34 70 62 57 72 50 29 35 29 56 17 50 13 28 66 66 52 73 67 57 68 27 45 52 37 70 22 25 56 19 58 64 13 18 70 19 26 65 46 62 71 22 26 70 39 22 52 
8 1 3 8 5 2 5 9 1 6 1 6 1 6 6 5 9 6 4 2 3 6 5 5 1 5 5 7 6 6 8 5 8 1 7 2 3 1 7 7 5 0 6 5 3 7 9 1 4 4 6 2 4 6 1 5 5 5 2 5 7 4 4 2 5 6 1 2 5 2 5 5 5 0 6 5 3 7 6 1 1 1 5 3 1 6 1 7 1 5 5 4 3 1 5 5 6 2 4 8 9 1 6 1 3 9 2 5 6 5 5 6 8 0 1 1 3 7 8 5 6 7 6 9 9 4 1 2 4 2 4 5 2 6 4 2 5 7 7 1 5 3 6 3 2 7 1 1 4 7 3 2 5 6 5 8 4 2 3 7 6 5 5 5 4 5 5 5 2 5 7 1 5 4 6 1 1 2 6 0 5 0 7 6 4 5 5 1 3 1 9 2 1 1 6 4 6 5 4 8 
56 53 29 60 11 50 20 44 45 69 63 18 26 54 67 38 25 49 37 77 76 24 29 53 27 34 35 61 12 55 18 41 44 77 21 70 50 31 30 53 40 42 42 65 50 64 64 64 46 68 51 48 32 50 45 64 52 46 24 74 50 23 32 27 29 16 43 21 62 52 65 30 42 64 13 56 18 19 30 56 43 22 27 51 23 24 23 40 58 58 14 60 43 20 17 13 70 69 68 42 10 58 29 29 57 36 37 60 12 58 69 16 35 54 48 40 37 15 11 35 24 19 68 39 33 50 47 18 48 40 40 17 41 26 38 60 24 65 60 41 71 61 53 62 61 28 75 22 42 28 33 59 53 31 69 58 57 74 52 26 34 30 60 16 49 18 28 65 68 52 70 71 59 72 29 49 57 39 68 27 30 60 15 55 69 18 17 73 21 31 60 51 64 75 20 27 69 38 23 49 
36 29 14 32 13 27 10 30 25 42 35 17 15 26 32 15 20 28 16 40 37 19 10 23 17 12 25 38 14 36 17 27 24 41 14 40 27 18 15 30 20 23 26 39 29 32 41 32 22 30 34 26 21 33 27 32 21 18 15 45 33 19 23 13 9 7 24 12 27 30 38 22 29 37 14 36 10 15 22 32 26 15 20 31 16 10 15 25 29 31 14 28 28 12 10 12 37 39 40 30 13 33 16 17 27 27 20 27 13 24 29 16 26 30 27 23 19 14 12 25 12 14 42 27 24 20 26 12 20 23 20 16 21 21 20 34 20 40 38 25 37 33 33 37 35 19 40 12 25 22 16 35 27 16 35 33 30 37 27 16 12 13 38 5 19 17 9 38 36 23 39 39 36 43 22 28 33 23 41 18 22 33 12 34 42 17 15 39 15 20 36 30 34 41 9 13 42 19 11 28 
7 2 6 8 4 4 7 8 4 4 1 3 4 7 7 7 8 6 7 5 6 4 7 7 2 7 3 6 4 3 7 4 9 4 7 0 5 4 8 7 6 3 6 4 3 8 7 5 7 7 4 6 3 3 2 6 8 8 2 2 5 1 2 5 7 8 4 4 7 1 4 1 2 0 5 2 5 7 4 1 0 1 3 1 3 7 3 7 4 6 4 7 0 4 6 4 6 0 2 7 8 3 6 3 6 8 5 7 5 7 7 4 6 3 2 2 6 7 8 2 7 7 4 8 8 7 4 3 7 3 6 1 5 2 5 2 2 5 6 0 6 4 6 0 2 7 4 4 4 5 6 0 7 7 7 8 5 5 5 7 8 8 2 7 7 1 7 4 4 7 7 1 3 2 4 2 0 2 5 1 1 3 7 6 1 2 4 3 2 2 9 0 5 2 8 7 4 6 6 8 
4 1 3 3 3 2 1 4 3 3 1 6 3 2 2 2 5 1 3 4 3 2 2 3 3 2 3 3 4 6 4 3 3 5 2 3 1 5 2 2 0 4 2 2 0 2 5 4 3 2 4 6 2 5 4 1 3 3 0 6 3 5 4 3 2 3 2 2 1 1 2 5 6 4 4 6 1 2 3 2 4 1 3 3 5 2 3 2 2 1 3 2 5 5 0 2 1 3 3 5 5 3 1 3 3 5 3 2 3 2 2 3 5 4 1 1 2 3 4 5 2 3 5 4 5 2 3 0 2 0 1 6 1 6 0 3 5 4 4 3 1 1 2 5 1 2 5 1 0 4 2 5 2 2 1 3 1 1 1 2 3 3 6 3 2 6 2 1 2 2 2 2 3 4 4 4 3 0 2 4 5 4 2 2 5 6 2 3 1 3 4 2 4 3 2 2 3 1 3 3 
