50 
200 
263 1830
70 939
78 915
114 1121
55 868
307 1793
64 917
122 1113
110 1209
310 1936
116 1153
53 774
157 1405
273 1710
100 1069
112 1079
253 1699
80 962
51 802
118 1121
137 1216
23 590
118 1096
248 1681
291 1866
192 1511
59 822
112 1170
39 702
255 1754
112 1220
159 1328
240 1663
133 1327
190 1409
66 913
129 1214
210 1662
68 921
179 1412
228 1664
263 1797
167 1362
51 777
246 1758
177 1425
35 686
261 1701
62 815
177 1418
16 31 12 11 16 18 5 18 13 6 31 8 24 15 21 11 6 23 31 9 23 30 28 28 28 23 21 5 11 14 14 30 29 24 34 10 23 15 29 21 26 30 8 14 16 11 16 6 7 7 18 11 23 30 5 15 19 34 11 20 34 31 25 19 15 19 21 21 23 8 13 12 8 32 25 17 12 13 22 12 14 8 32 10 16 6 19 20 7 17 27 5 22 24 24 32 15 24 11 9 17 12 29 16 6 20 21 8 25 18 25 34 17 22 10 10 21 27 10 17 19 28 15 31 27 17 5 20 18 25 13 34 20 30 21 19 24 25 5 19 22 29 27 20 10 30 18 19 30 24 20 26 34 6 28 26 22 25 19 10 15 12 28 9 7 11 13 5 18 20 32 11 23 7 34 26 26 33 9 6 31 20 23 12 29 12 8 9 16 8 9 11 28 6 23 21 26 21 6 23 
5 3 6 1 1 1 2 3 0 1 2 7 1 3 3 3 2 1 6 1 5 1 3 4 4 1 4 2 1 4 3 0 0 1 0 4 1 5 1 2 6 3 2 2 6 2 4 1 3 3 4 4 5 3 4 1 4 4 1 6 6 2 6 4 4 4 1 1 3 5 6 1 3 2 2 4 3 4 0 0 3 3 4 1 5 2 1 3 3 2 4 2 4 0 2 5 2 1 2 1 5 3 4 1 4 6 4 0 1 2 3 0 3 0 2 0 1 2 2 1 1 4 3 7 5 2 2 4 5 2 4 4 5 3 0 5 1 3 4 6 6 3 0 4 2 0 2 3 2 5 3 2 2 6 0 5 3 1 4 4 2 1 3 1 2 1 6 4 4 5 0 2 0 2 5 3 6 2 2 4 0 0 2 5 1 0 3 5 2 3 5 2 2 1 4 1 4 6 2 4 
35 63 28 27 34 37 11 36 29 17 64 20 51 36 44 24 12 48 67 22 48 64 61 57 60 51 43 13 26 35 34 62 60 52 72 27 51 34 60 43 57 66 21 33 36 27 34 16 20 16 41 28 53 61 15 32 44 71 24 44 72 67 53 39 35 39 47 47 51 20 30 28 22 70 55 41 25 27 46 27 29 17 68 24 35 14 40 40 18 39 56 12 46 52 53 71 31 53 27 23 39 30 59 36 19 43 48 17 55 42 52 71 35 47 21 23 44 56 24 38 43 61 32 66 55 39 16 41 41 55 28 75 42 60 46 40 52 51 11 42 48 57 58 42 25 64 35 41 61 49 40 54 72 15 59 55 44 52 43 26 35 28 61 19 19 26 34 16 38 43 67 28 50 16 75 58 57 65 23 13 64 43 48 29 60 26 16 23 36 19 20 27 58 14 46 44 55 44 11 50 
38 66 31 27 33 36 12 36 30 18 66 22 50 35 41 27 14 49 70 23 50 65 63 60 63 51 44 15 27 37 36 61 61 52 72 28 52 37 60 45 60 66 22 34 38 28 31 18 19 15 44 30 55 61 18 33 46 68 22 47 75 67 56 42 38 41 48 48 53 23 32 30 24 70 57 43 28 30 46 28 32 17 71 24 33 16 39 43 21 40 54 14 45 53 54 73 30 54 29 23 42 32 62 38 21 46 50 16 56 41 55 71 33 47 19 24 42 53 23 38 44 64 35 69 58 41 15 44 44 57 26 77 44 63 47 42 53 54 14 45 51 59 59 44 25 64 37 44 59 51 42 53 70 13 60 53 45 54 46 28 36 29 63 19 20 27 36 18 37 41 68 28 51 18 77 59 60 67 25 16 65 45 51 32 58 27 18 26 38 22 23 29 61 12 47 44 58 47 14 53 
17 32 13 18 21 22 9 20 18 12 34 9 30 23 26 12 9 28 33 15 24 36 33 29 31 30 22 9 17 21 21 35 34 31 40 17 30 17 33 23 28 39 15 20 17 17 21 11 15 12 23 17 30 34 9 20 25 39 16 22 35 38 25 20 20 21 27 27 27 10 14 17 14 40 31 24 14 12 27 18 16 12 35 16 21 9 24 22 11 23 32 8 26 30 31 38 19 31 17 15 21 19 28 21 14 21 26 12 31 26 25 39 21 27 15 16 26 32 17 24 25 32 17 32 28 23 13 21 22 30 18 41 21 32 27 20 29 24 6 20 23 31 33 19 17 36 20 20 34 25 23 31 40 11 34 31 24 29 24 16 22 18 33 13 13 17 21 10 22 25 37 19 29 9 40 32 28 35 15 5 34 25 26 16 34 17 12 13 21 10 9 18 31 11 25 25 26 22 8 26 
36 64 27 29 36 39 13 37 31 19 66 19 53 38 44 25 14 50 67 25 47 67 63 57 62 53 41 15 28 37 36 64 62 54 74 29 53 35 62 45 57 68 23 35 35 29 34 18 22 17 43 30 55 62 16 34 46 71 25 45 72 69 53 40 37 39 49 49 52 21 30 30 24 72 57 43 27 27 48 30 31 19 69 26 34 16 42 42 20 41 57 14 46 54 55 72 32 55 29 25 41 32 59 38 21 43 49 19 57 44 53 73 36 49 22 25 45 57 26 40 45 63 34 66 55 41 18 42 43 57 29 77 41 62 48 39 54 51 11 42 48 58 60 42 27 66 36 42 62 47 42 55 73 14 61 54 44 54 45 28 37 30 63 21 21 28 36 18 38 42 69 30 52 18 77 60 57 67 26 14 66 46 50 30 61 28 18 24 38 20 20 30 60 16 45 46 55 43 13 52 
9 7 10 2 0 3 5 5 3 3 5 10 1 0 4 6 5 3 10 2 8 2 6 7 8 0 7 5 2 6 5 0 3 1 2 5 1 8 4 5 10 0 1 4 9 4 5 4 0 4 7 6 7 5 7 3 6 5 1 9 10 0 9 7 6 7 3 3 6 8 9 4 6 0 4 6 6 7 2 2 6 5 8 2 7 5 2 6 6 3 6 5 6 1 1 7 3 1 5 1 8 5 7 4 5 10 7 0 2 0 7 1 4 3 3 2 1 2 0 1 2 6 6 10 8 5 0 7 7 5 6 6 8 6 2 8 1 7 7 10 9 5 3 7 0 2 5 7 4 7 6 4 0 7 2 7 5 4 7 6 1 1 6 3 4 1 8 7 6 7 3 0 3 6 7 5 10 5 4 7 3 3 5 8 1 1 5 8 4 6 8 3 5 0 6 4 8 9 5 7 
33 65 25 29 39 42 16 40 31 17 65 18 55 39 49 23 17 52 62 24 50 65 60 59 58 53 46 13 28 34 34 66 64 56 74 26 53 30 64 46 52 69 23 33 33 27 39 17 23 21 40 27 52 66 12 36 43 76 28 40 68 70 52 41 33 42 48 47 49 15 27 29 21 72 56 40 27 27 50 31 31 22 65 27 39 15 44 44 17 40 61 13 50 54 55 68 36 55 27 24 37 30 60 37 19 42 45 22 55 44 50 74 40 50 26 26 48 61 28 41 44 59 32 63 57 39 18 43 38 55 33 74 43 64 49 41 53 51 14 39 44 62 60 40 28 66 40 38 66 51 45 58 76 19 62 59 48 55 42 25 37 29 60 23 20 27 32 14 42 47 69 31 52 17 72 57 52 70 24 13 66 45 50 26 64 30 21 20 37 17 21 28 60 19 50 48 51 46 15 48 
22 35 19 11 18 20 8 22 14 6 33 15 26 18 26 14 9 25 38 9 29 30 31 33 32 24 26 7 11 17 16 31 31 26 35 13 24 20 31 24 32 33 9 15 23 12 21 7 9 11 21 14 27 34 9 17 22 40 13 26 41 32 32 23 18 24 21 21 25 13 19 13 11 34 26 21 16 18 23 13 17 12 36 11 22 9 21 24 10 18 32 8 27 23 25 36 18 24 12 9 21 14 33 17 9 27 24 9 25 20 29 35 21 23 14 11 23 30 12 19 19 31 18 38 32 19 7 24 22 27 19 37 26 34 21 25 24 29 10 26 28 33 27 24 11 31 21 22 34 30 24 29 36 13 29 33 26 26 22 13 16 12 31 11 8 11 18 9 24 26 33 13 23 10 38 28 33 36 10 10 31 20 25 16 31 12 12 13 17 11 15 12 30 8 28 23 31 28 9 27 
24 37 21 12 17 21 9 23 16 8 35 17 25 16 26 16 11 26 40 9 31 30 32 35 34 22 27 9 11 18 18 30 32 25 35 14 23 22 32 26 35 31 8 16 25 14 21 9 7 12 23 15 29 35 11 18 24 40 12 28 43 30 34 25 20 26 22 23 27 15 21 15 12 32 28 22 18 19 23 13 19 13 38 11 23 10 21 25 12 18 33 9 28 24 24 38 18 24 14 9 23 16 35 19 10 29 26 8 25 18 31 34 21 24 14 12 22 30 11 18 19 33 20 40 34 20 5 26 24 29 19 39 27 36 22 27 24 31 12 28 31 34 29 26 9 31 23 25 34 31 25 30 35 13 30 33 27 28 24 15 15 12 33 11 9 11 19 11 24 27 34 11 25 12 40 30 35 38 12 12 33 22 27 18 30 13 13 15 19 13 17 13 32 7 29 24 33 29 10 29 
1 3 0 8 7 6 6 5 6 6 4 2 8 10 7 1 6 7 0 7 4 6 4 4 2 8 4 4 7 7 7 7 7 8 7 7 8 1 6 5 0 10 8 6 0 6 7 6 10 7 5 6 6 7 3 6 6 8 7 0 0 8 2 3 4 5 6 6 4 0 1 6 6 9 7 7 4 1 6 7 4 7 2 8 7 4 7 5 4 7 8 4 7 7 8 5 7 8 6 6 3 7 2 6 8 2 3 7 6 9 1 7 7 7 7 7 7 7 9 8 7 4 3 1 4 6 9 3 3 6 8 7 3 4 7 4 6 2 4 0 0 4 7 1 9 7 5 1 7 4 6 7 8 8 7 8 5 6 4 6 8 6 5 6 7 6 7 4 7 8 6 9 7 4 5 6 0 4 7 1 5 6 4 2 7 6 6 3 6 2 3 7 4 7 5 6 0 4 4 3 
22 36 19 13 20 22 10 23 15 5 34 16 27 19 27 14 11 26 38 9 30 29 29 34 32 25 27 7 11 15 15 32 32 27 36 11 24 19 33 25 32 34 10 13 23 11 22 7 11 12 20 12 26 35 7 18 21 41 14 26 40 33 32 24 17 25 20 20 24 12 19 12 9 35 25 19 16 18 25 15 18 13 36 13 24 9 23 25 9 17 34 8 29 24 25 35 20 25 11 8 20 13 34 17 8 27 23 11 24 21 29 36 22 25 15 13 24 32 14 20 19 30 18 38 33 17 8 25 21 25 20 36 26 35 23 26 23 29 11 26 28 34 29 24 12 32 23 22 35 30 26 31 38 14 31 34 27 28 21 11 16 11 29 12 7 10 16 7 25 28 34 14 25 10 37 27 32 37 9 11 32 21 25 15 32 14 13 13 16 10 15 11 31 9 29 25 30 28 10 26 
50 96 35 42 55 60 21 58 46 26 98 24 80 56 69 36 23 76 95 35 71 98 91 87 88 78 66 21 41 51 50 97 94 81 110 39 78 48 94 68 80 101 33 50 47 41 55 25 31 28 61 41 78 96 20 52 65 109 40 63 102 103 76 60 51 61 71 71 75 26 40 43 32 106 83 60 40 40 73 44 46 30 100 39 54 23 64 65 26 59 88 20 72 80 81 103 51 81 41 35 57 45 88 55 28 61 69 30 83 64 77 109 57 73 36 38 70 88 39 60 65 90 49 93 84 58 25 63 59 82 46 111 62 94 71 59 80 76 18 58 66 91 89 61 40 98 58 60 96 74 65 85 111 24 92 84 70 81 63 38 54 44 91 33 29 41 48 22 60 67 103 43 77 26 109 86 80 103 35 19 98 67 74 40 94 43 30 32 55 27 29 41 89 25 73 70 79 65 22 74 
6 4 6 6 2 1 2 0 4 7 4 5 3 6 0 5 2 3 7 6 3 6 8 3 7 6 1 5 6 9 8 2 4 5 5 9 6 7 3 3 7 7 6 7 5 7 0 6 7 1 8 8 10 1 7 3 8 0 1 7 6 6 5 4 8 2 7 7 7 6 6 6 8 7 7 9 4 3 3 5 4 2 7 5 0 4 2 2 6 7 0 4 0 5 7 9 1 6 7 6 8 8 3 6 9 5 8 1 6 6 4 4 0 4 0 5 2 1 4 5 7 8 5 6 3 7 7 3 8 7 0 9 3 3 5 3 6 3 3 6 6 0 5 4 6 5 0 5 0 2 1 2 4 0 5 0 0 4 8 8 7 6 7 2 7 6 10 8 0 0 5 7 5 4 9 8 7 1 7 3 4 5 5 8 1 3 2 7 6 5 4 7 5 2 0 3 5 3 1 7 
3 3 4 5 6 5 6 5 4 3 3 5 6 8 7 0 5 5 3 4 5 3 1 5 0 6 5 2 4 4 3 5 5 6 5 4 5 0 5 4 3 8 5 3 3 3 7 3 7 6 1 3 3 6 0 5 2 8 5 2 3 6 4 3 1 5 4 3 0 0 3 3 3 7 4 3 3 3 5 5 3 6 0 6 8 3 6 4 1 4 8 3 7 4 5 2 6 5 3 3 0 4 3 3 4 4 1 5 3 7 1 5 6 5 6 5 6 6 7 6 4 0 2 4 4 3 7 4 0 3 8 3 5 4 5 5 3 2 5 3 3 4 5 2 6 5 5 0 6 5 6 6 7 8 5 8 5 4 1 3 5 3 2 5 4 3 4 1 7 8 4 7 4 3 2 3 3 4 4 2 3 4 3 0 5 5 5 0 3 0 4 4 3 6 5 5 1 5 4 0 
17 32 14 16 21 22 9 21 17 10 33 11 29 22 26 10 10 27 33 13 26 34 31 30 29 29 24 7 15 19 19 34 33 30 39 15 28 16 33 23 28 37 14 18 18 15 22 9 14 12 21 15 28 35 7 19 23 40 15 21 36 37 27 20 18 22 25 25 25 9 15 16 12 39 29 22 14 14 26 17 15 13 33 15 22 8 24 23 9 22 33 7 27 28 29 36 19 29 15 13 19 17 30 19 12 23 24 12 29 25 24 38 22 26 15 15 26 32 16 23 23 30 16 34 29 21 12 22 20 28 19 39 22 32 26 22 28 25 8 21 24 32 31 20 16 35 21 18 35 27 24 31 40 12 33 32 25 28 22 14 20 16 31 12 11 15 19 8 23 26 36 18 27 8 38 30 28 35 13 6 33 24 25 14 33 16 12 11 19 8 11 16 30 11 26 25 26 24 8 24 
17 34 13 18 23 23 11 22 18 11 34 10 31 24 28 12 11 29 32 15 27 35 32 31 29 30 25 8 17 20 20 36 35 31 40 16 30 15 35 25 26 39 15 19 17 16 23 11 16 13 22 16 28 36 7 21 24 42 17 20 34 39 27 22 18 23 27 26 26 7 14 17 13 40 31 23 15 14 27 18 17 14 33 17 23 9 25 24 10 23 34 8 28 30 31 36 21 31 16 15 20 18 31 21 13 22 24 14 30 26 25 40 23 28 16 16 27 33 18 24 25 31 17 32 30 22 13 23 20 30 20 40 23 34 27 22 29 26 8 20 22 33 33 20 18 36 22 19 36 27 25 32 41 13 34 33 26 30 23 15 22 17 32 14 13 16 19 8 24 27 37 19 29 10 38 31 26 37 15 7 35 25 27 13 35 18 13 11 21 9 12 17 32 12 27 27 25 25 9 25 
5 4 6 2 3 3 4 4 2 0 2 7 3 4 6 2 4 3 6 1 6 0 1 5 3 2 6 1 0 2 1 2 3 3 2 1 1 3 3 4 6 4 2 0 6 0 6 0 4 5 2 1 3 5 2 3 2 7 3 5 6 2 6 4 1 5 0 0 1 4 6 0 1 3 0 2 4 4 2 3 3 5 3 3 7 2 4 4 2 0 6 3 6 0 1 3 4 1 0 0 3 1 4 0 2 7 2 3 0 3 3 2 5 3 5 2 3 4 4 3 0 2 3 7 5 0 3 4 3 0 7 2 6 4 2 6 0 4 5 6 6 4 1 4 3 2 4 3 5 6 5 4 4 8 2 7 5 2 2 1 1 0 1 3 0 0 4 2 6 7 1 3 1 3 3 1 6 4 0 4 0 1 2 3 3 2 5 3 0 2 6 1 2 3 5 3 4 7 3 3 
40 67 33 23 32 38 14 40 28 14 66 25 48 31 46 27 16 48 71 19 53 61 61 62 62 46 48 14 23 33 32 59 60 48 69 25 47 37 61 46 60 61 17 31 40 25 36 15 15 18 42 27 53 64 16 32 43 73 22 48 76 62 58 44 35 44 44 44 51 23 34 27 21 65 54 40 29 32 44 25 33 20 71 20 38 16 39 45 19 36 59 14 49 49 49 71 33 49 26 19 41 29 64 35 17 48 48 15 51 36 56 68 37 46 23 21 42 56 20 34 39 61 35 71 61 38 11 46 42 54 31 74 47 65 43 45 49 56 16 47 52 62 56 46 20 61 40 44 63 54 45 55 68 18 57 58 48 53 44 25 31 25 61 20 17 23 33 16 41 46 66 23 48 19 75 56 61 70 22 18 64 42 50 31 58 24 20 25 35 21 25 25 60 12 51 45 58 50 15 52 
38 68 31 26 38 42 17 43 30 13 66 24 53 36 50 25 18 51 69 20 54 60 56 63 60 50 49 13 24 28 28 64 63 53 72 21 48 33 64 48 58 66 19 28 39 24 40 14 19 21 37 22 47 67 12 35 38 77 27 46 74 65 58 44 30 45 43 42 46 20 33 26 16 68 51 34 30 32 49 29 33 23 68 25 41 16 44 46 17 35 63 14 53 50 51 65 37 50 23 19 37 24 64 35 13 48 42 21 50 41 54 72 41 49 27 25 47 61 26 39 39 57 34 69 61 35 14 46 38 51 35 68 47 66 46 46 48 55 17 45 51 64 58 45 24 64 42 41 67 56 47 59 74 22 61 62 51 54 40 20 32 25 58 23 16 23 27 11 45 49 68 27 50 19 69 53 58 72 19 17 65 43 50 26 63 28 23 21 34 19 25 23 60 18 53 48 57 50 17 49 
23 37 20 14 21 23 11 25 17 6 36 17 29 20 29 15 12 28 39 10 32 29 29 36 33 25 29 9 12 14 15 34 34 28 38 10 24 20 35 27 34 34 10 14 24 13 24 8 11 14 21 12 25 37 8 20 21 43 16 27 42 33 33 26 17 27 21 21 25 13 21 14 9 35 26 18 18 20 26 16 20 15 37 14 26 11 24 26 11 17 36 10 31 25 25 34 21 25 13 8 21 12 36 19 6 29 23 12 24 21 30 38 24 26 17 14 26 33 15 21 18 30 20 40 35 19 8 27 21 27 22 35 28 37 24 28 23 31 13 27 30 36 30 26 13 34 24 23 37 32 27 32 39 16 32 36 29 29 22 12 16 11 31 14 9 10 16 7 27 29 36 15 26 12 36 27 34 39 10 12 34 23 27 16 34 15 15 14 18 12 17 10 32 11 31 27 32 30 11 28 
21 37 18 16 23 25 12 25 18 8 35 15 31 23 30 14 13 29 37 13 31 32 27 35 31 28 28 8 15 16 16 36 35 31 40 12 27 17 36 27 31 37 13 16 22 14 25 9 14 15 19 12 24 38 5 21 20 44 17 25 39 36 32 25 14 26 24 23 23 11 19 15 9 38 28 18 18 18 28 18 19 16 35 16 26 11 26 26 9 20 36 10 31 28 28 31 22 28 14 11 18 14 35 19 9 27 20 14 27 24 29 40 25 28 18 16 28 35 17 24 21 27 19 37 34 19 11 26 18 27 22 35 27 36 26 27 26 30 12 25 27 36 32 25 16 36 25 21 38 31 28 33 41 16 34 36 29 30 20 11 19 14 30 15 10 13 14 4 27 30 37 18 28 12 33 28 31 39 12 11 35 24 27 13 35 17 15 11 19 10 16 14 32 13 31 27 30 29 11 26 
70 128 55 45 65 74 23 75 52 25 126 39 97 63 88 47 27 93 131 36 98 121 115 117 116 93 89 22 44 60 59 120 117 97 136 43 93 65 118 87 110 123 33 57 70 45 68 25 30 31 76 47 97 123 24 61 80 141 45 86 142 125 106 80 63 81 85 85 95 37 58 49 35 130 102 72 51 56 88 48 59 35 132 41 70 26 78 83 31 69 113 22 93 96 97 133 62 97 46 37 73 51 120 65 28 87 88 32 101 74 104 136 71 88 43 40 85 110 42 69 77 116 63 131 113 70 22 84 76 102 57 140 85 124 84 82 96 104 25 83 94 119 108 84 42 120 75 79 123 101 84 107 138 30 112 110 91 101 80 44 61 48 115 37 29 44 58 24 77 85 128 46 92 31 141 107 110 135 38 28 124 80 94 53 117 48 35 41 66 35 41 46 114 25 96 86 108 90 26 96 
22 36 19 12 19 21 9 23 15 5 34 16 27 19 27 14 10 26 38 9 30 29 30 34 32 24 27 7 11 16 15 32 32 27 36 11 23 19 33 25 33 33 9 14 23 11 22 7 10 12 20 13 26 35 8 18 21 41 14 26 41 32 32 24 17 25 20 20 25 13 20 12 10 34 25 19 16 18 24 14 18 13 36 12 23 9 22 25 10 17 34 8 28 24 25 35 19 24 12 8 21 13 34 17 8 27 24 10 24 20 29 36 22 24 15 12 24 31 13 20 18 30 19 39 33 18 7 25 21 26 20 36 26 35 22 26 23 30 11 26 29 34 28 25 12 32 22 22 35 30 25 30 37 14 30 34 27 27 22 12 15 11 30 12 7 10 17 8 25 27 34 14 24 10 37 27 33 37 9 11 32 21 25 16 32 13 13 13 17 11 15 11 31 9 29 25 31 28 10 27 
5 3 5 4 1 0 0 0 2 4 3 5 2 5 1 3 0 1 6 4 3 4 6 3 5 4 2 4 4 7 6 1 2 3 3 7 4 5 1 2 6 5 4 5 5 5 1 4 5 0 6 6 8 0 6 1 6 2 0 6 6 4 5 3 6 2 5 4 5 5 5 4 6 5 5 7 2 3 1 3 2 0 5 3 2 3 0 1 5 5 1 2 1 3 5 7 0 4 5 4 6 6 2 4 7 5 6 0 4 5 3 2 0 2 0 3 0 0 3 3 4 6 3 6 3 5 5 3 6 5 1 7 3 2 3 3 4 2 2 6 5 0 3 3 4 3 0 4 0 2 0 0 2 3 3 2 0 2 6 6 5 4 5 0 5 4 8 7 1 2 3 5 3 3 7 6 6 0 5 3 2 3 3 6 0 1 0 6 4 4 4 5 3 1 1 1 4 4 0 5 
6 4 6 7 2 2 2 0 5 7 5 6 4 7 0 5 2 4 7 6 3 6 8 3 7 6 1 6 6 9 8 2 4 5 5 9 7 7 3 3 7 7 7 7 6 7 0 6 7 2 8 8 10 1 8 4 9 0 2 7 6 7 5 4 8 2 7 7 7 7 6 7 8 7 8 9 4 3 3 5 4 2 7 6 0 5 2 3 7 7 1 4 0 6 7 9 1 7 7 6 8 9 3 6 10 5 8 1 7 7 4 4 0 4 1 5 2 1 5 5 7 8 5 6 3 7 7 4 8 7 1 10 4 3 6 3 6 3 3 7 6 1 6 4 6 5 1 6 1 2 2 2 4 0 5 0 0 4 8 9 7 6 7 2 7 6 11 9 0 0 5 7 6 4 10 8 7 1 8 3 4 6 5 8 2 4 2 8 7 6 4 8 5 2 0 3 5 4 2 7 
5 5 6 3 5 5 5 5 3 0 3 7 4 6 7 2 5 4 6 2 7 0 0 6 3 3 6 2 2 1 0 4 4 4 3 1 2 3 5 4 5 5 3 0 6 1 7 1 5 6 1 0 1 6 1 4 0 8 4 5 6 3 7 5 0 6 1 0 0 3 6 1 0 4 1 1 4 5 4 4 4 6 3 4 8 3 5 5 2 1 8 3 7 2 2 1 6 2 0 1 2 1 5 1 2 7 1 4 0 4 3 4 6 4 6 4 5 6 5 5 1 0 3 7 6 0 4 5 2 0 8 1 6 5 3 7 0 4 6 6 6 5 3 4 4 4 5 2 6 7 6 6 5 9 4 9 6 3 1 0 2 0 1 4 1 1 2 1 7 8 3 5 3 3 1 0 5 5 1 4 2 3 3 2 4 3 6 2 1 2 6 1 3 5 6 5 4 7 4 2 
39 66 31 28 33 37 12 37 30 19 67 23 51 36 41 27 14 49 70 24 50 66 64 60 63 52 44 16 28 37 36 62 62 53 73 29 52 38 61 46 60 66 22 35 38 29 31 18 20 15 44 30 56 61 18 33 47 67 23 48 75 68 56 42 38 41 49 49 54 23 33 30 24 71 58 43 28 30 47 28 33 18 71 25 33 17 39 43 21 41 54 15 45 53 54 74 30 54 29 24 42 33 62 38 21 46 51 16 56 42 55 71 33 48 20 24 43 54 24 39 44 64 35 69 58 41 16 44 44 57 26 78 44 63 47 42 54 54 14 45 51 59 59 45 26 65 37 44 60 51 42 54 71 13 60 53 45 54 46 29 37 30 64 20 21 28 37 19 37 40 69 28 51 19 78 60 60 68 26 16 66 45 51 32 59 27 18 26 39 22 23 29 61 13 47 45 58 47 14 54 
21 35 18 13 20 21 9 22 15 6 33 14 27 20 27 12 10 26 36 10 29 31 29 33 30 26 26 6 12 16 15 32 32 27 36 12 25 18 32 24 31 35 11 14 21 12 22 6 11 12 19 12 26 35 7 18 21 41 14 24 39 34 31 23 16 24 22 21 24 11 18 13 9 36 26 19 15 17 24 15 17 13 35 13 23 8 23 24 8 18 33 7 28 25 26 34 19 26 11 10 19 14 33 16 9 26 23 11 26 22 28 36 22 25 15 13 24 31 14 21 20 29 17 37 32 17 9 24 20 25 19 36 25 34 23 25 24 28 10 24 27 33 29 23 13 32 22 21 35 29 25 30 38 13 31 33 26 27 20 11 17 12 29 12 8 12 16 7 24 27 34 15 25 9 37 27 31 36 10 9 31 21 24 14 32 14 12 11 16 9 14 12 29 10 28 24 29 27 9 25 
49 95 38 39 54 59 20 58 43 22 96 27 78 53 69 33 23 74 94 32 73 94 87 87 85 75 67 17 38 47 47 95 92 79 108 35 75 45 92 66 79 98 30 46 50 38 55 22 29 27 57 37 74 95 16 50 61 109 38 60 103 100 77 59 47 61 68 67 71 24 40 40 28 103 80 56 38 40 71 42 44 30 97 36 55 20 63 64 23 56 88 18 72 77 78 99 50 78 37 32 53 41 89 52 24 63 65 29 80 61 75 107 57 71 36 35 69 87 37 58 62 86 47 95 84 55 22 62 56 79 46 107 63 93 69 61 76 76 18 59 67 90 86 60 37 96 58 56 96 75 65 84 109 25 90 85 70 79 60 34 51 40 87 31 26 37 44 18 60 67 100 41 74 23 106 82 79 102 32 19 96 64 72 37 92 41 29 28 52 24 30 38 87 24 73 68 77 67 21 70 
2 2 1 8 5 4 4 2 5 7 4 1 6 9 4 2 4 5 3 7 0 7 6 1 4 8 1 5 7 8 8 5 5 7 7 8 8 4 5 3 3 9 8 7 1 7 5 6 9 5 6 7 8 4 5 5 7 5 5 3 2 8 1 2 6 2 7 7 6 3 2 6 7 9 7 8 2 0 5 6 3 4 4 7 4 4 5 3 5 7 5 4 4 7 8 7 4 8 7 7 6 8 0 6 9 1 6 5 7 9 1 6 4 6 4 6 5 5 7 7 7 6 3 2 1 7 9 2 5 7 5 8 0 2 7 0 7 0 1 2 2 2 7 1 8 7 2 3 4 0 3 5 7 4 6 4 2 5 6 7 8 7 6 4 7 7 9 7 4 5 6 9 6 3 8 7 3 2 7 0 4 6 4 5 5 5 4 5 6 3 0 8 4 5 2 5 2 0 2 5 
22 35 19 14 16 17 6 19 14 9 34 15 24 18 22 15 7 23 38 12 28 33 33 32 34 25 24 8 13 20 19 29 30 26 36 16 26 21 29 23 33 33 11 18 22 15 18 9 10 8 24 17 30 31 11 15 25 36 10 26 41 34 31 23 21 22 24 25 28 14 19 15 13 35 29 24 15 17 21 13 17 9 38 12 20 9 18 22 12 21 29 8 25 26 27 39 15 27 15 12 23 18 33 19 12 26 27 7 28 21 29 34 18 23 10 11 20 27 11 19 22 34 19 38 31 21 8 24 24 29 16 41 25 33 23 24 27 29 9 26 29 31 29 24 13 32 19 24 30 28 22 26 35 10 29 30 24 27 25 16 18 15 33 8 11 14 21 11 21 23 34 14 25 10 41 31 33 34 13 10 32 22 26 18 28 12 10 15 20 12 14 15 31 5 26 21 31 26 7 29 
0 3 0 7 7 5 5 4 6 6 4 1 7 9 6 1 5 6 0 7 3 6 5 3 3 8 3 4 7 7 7 6 6 8 7 7 7 1 6 4 0 9 8 6 0 6 6 6 9 6 5 6 7 6 3 6 6 7 6 1 0 8 1 2 4 4 6 6 4 1 0 6 6 9 7 7 3 0 6 7 3 6 2 7 6 4 6 4 4 7 7 4 6 6 8 5 6 7 6 6 4 7 1 5 8 1 4 6 6 9 0 6 6 6 6 7 6 6 8 8 7 4 3 0 2 6 9 2 3 6 7 7 2 3 7 2 6 0 3 0 0 3 6 0 8 7 4 1 6 2 5 6 8 6 7 6 3 5 5 6 8 6 5 5 6 6 7 5 6 7 6 9 6 3 6 6 1 3 7 0 4 6 4 3 6 6 5 3 6 2 2 7 4 6 4 6 0 3 3 3 
3 0 3 4 3 2 2 1 2 4 1 4 3 6 3 1 1 2 4 4 2 4 4 1 3 4 1 2 4 6 5 2 2 4 3 5 4 3 2 0 4 6 5 4 3 4 3 3 6 3 4 5 6 2 4 2 5 4 2 3 3 5 3 0 4 1 4 4 3 3 3 3 5 6 4 6 0 1 2 3 0 2 3 4 4 1 3 0 3 4 4 1 3 3 5 5 2 4 4 4 4 5 1 3 6 3 4 2 4 5 1 3 2 3 3 3 2 3 4 4 4 4 1 4 1 4 6 0 4 4 4 6 2 0 4 2 3 0 1 4 3 1 3 1 5 3 1 2 2 2 2 2 4 4 3 4 1 2 4 5 5 3 3 1 4 3 7 5 3 4 2 6 3 0 6 4 4 0 4 1 1 3 1 4 2 2 2 4 3 1 2 5 1 3 2 2 2 3 0 3 
6 6 7 4 6 6 7 7 5 1 5 8 6 7 9 4 7 6 7 3 8 1 0 8 4 4 8 4 3 1 1 5 6 6 5 1 3 3 6 6 6 6 4 1 7 3 9 3 6 8 1 1 0 8 1 6 1 10 6 6 6 4 8 6 0 8 2 1 0 4 7 3 1 5 2 0 6 6 5 6 5 8 4 5 10 5 7 7 3 2 9 5 9 3 3 0 7 3 2 1 2 1 6 3 1 8 0 6 1 5 5 5 8 6 8 5 6 7 6 6 1 0 5 7 8 2 5 6 1 2 10 0 8 7 5 8 1 6 7 7 7 7 4 5 5 5 7 3 8 8 8 7 7 10 5 10 7 5 2 1 3 1 2 6 3 1 0 0 9 10 5 6 4 5 0 1 6 6 2 6 3 4 4 2 6 5 7 3 3 3 8 2 4 6 8 6 5 9 6 3 
2 3 0 8 6 5 5 3 6 7 4 0 7 10 5 3 4 6 2 7 1 7 6 2 4 8 1 5 7 9 8 6 6 8 7 9 8 3 6 4 3 10 9 7 0 7 5 7 9 5 7 8 9 5 5 6 8 6 6 3 1 9 0 2 6 3 7 7 6 3 1 7 8 9 8 8 3 0 6 7 3 5 4 8 5 4 6 3 5 8 6 4 5 7 8 7 5 8 7 7 6 8 0 6 9 0 6 5 7 9 1 6 5 6 5 7 6 5 8 8 8 6 4 1 2 7 9 2 5 7 6 9 1 3 7 1 7 1 2 2 1 2 7 1 9 7 3 3 5 1 4 6 7 5 7 5 2 5 6 8 8 7 6 5 7 7 9 7 4 5 6 9 7 4 8 8 3 2 8 0 5 6 5 5 6 6 4 5 7 3 1 8 5 6 2 5 2 1 3 5 
37 66 30 24 35 39 14 40 28 12 64 23 51 34 47 24 16 49 68 19 52 60 57 61 59 48 47 11 23 30 29 62 60 51 70 22 47 33 61 45 57 64 18 28 38 22 38 12 18 19 38 23 49 65 12 33 40 74 25 45 74 64 56 42 32 43 42 42 47 20 31 24 17 67 51 36 27 30 46 26 31 20 67 22 39 14 41 44 16 35 60 12 50 48 50 67 34 49 22 18 37 26 62 32 14 46 44 18 50 39 53 70 39 46 24 22 45 58 23 37 39 58 33 68 59 34 13 44 39 50 32 70 45 64 44 44 48 54 15 44 50 62 55 43 23 62 40 40 64 54 45 56 72 19 58 59 48 52 40 22 31 24 57 21 14 22 30 12 42 47 65 26 47 16 71 53 58 69 19 16 62 41 47 27 61 26 20 21 32 18 23 23 58 15 51 45 56 48 15 49 
20 33 17 14 17 18 6 19 13 9 32 14 25 19 24 13 7 23 37 11 27 32 32 31 32 26 24 7 13 19 18 30 29 26 36 15 26 19 29 22 31 34 11 17 21 14 19 8 11 9 22 15 29 32 9 15 24 37 12 25 39 34 30 21 19 22 24 24 27 12 18 14 12 36 29 22 14 16 22 13 15 9 36 12 20 7 20 21 10 20 30 6 25 26 27 37 16 27 14 11 22 17 31 18 11 25 26 8 27 22 27 35 19 23 12 11 22 28 12 19 22 32 17 37 30 20 9 22 23 28 16 39 24 32 23 23 26 27 8 24 27 30 29 23 13 31 19 22 31 27 22 27 36 10 29 30 24 25 23 15 18 14 31 9 10 13 20 10 21 24 33 15 25 8 40 30 31 34 13 8 31 21 24 17 30 12 9 13 19 10 13 14 29 7 25 21 29 25 6 27 
3 1 4 4 3 2 2 2 2 3 0 4 3 6 4 0 2 2 4 3 3 3 3 2 2 4 3 1 3 5 4 2 2 4 3 4 4 2 2 1 4 6 4 3 3 3 4 2 5 3 3 4 5 3 3 2 4 5 2 3 4 4 3 1 3 2 3 3 2 2 3 2 4 5 3 5 1 1 2 3 0 3 2 4 5 0 3 1 2 3 4 0 4 3 4 4 3 4 3 3 3 4 1 2 5 4 3 2 3 5 1 3 3 2 3 3 3 3 4 4 3 3 0 4 2 3 5 1 3 3 4 5 3 1 3 3 3 1 2 4 3 1 3 1 4 3 1 1 3 3 2 3 4 5 3 5 2 1 3 4 4 3 2 1 3 3 6 4 4 5 2 5 2 0 5 3 4 1 3 1 0 2 0 3 2 2 2 3 2 1 3 4 0 3 2 2 2 4 0 2 
39 67 32 27 31 36 12 38 30 18 67 24 49 34 41 27 15 49 70 23 51 65 64 61 64 50 45 16 27 36 36 60 61 51 72 28 51 38 60 46 60 65 21 34 39 28 32 18 19 15 44 30 55 62 18 33 46 68 21 48 76 66 57 43 38 42 48 48 53 24 33 30 24 69 57 43 29 31 46 27 33 18 71 24 35 17 38 44 21 40 55 15 46 52 53 73 30 53 29 23 42 32 63 38 20 47 50 14 55 40 56 70 34 47 19 23 41 52 22 37 43 64 36 70 59 41 14 45 44 57 27 77 46 64 46 44 53 55 15 46 52 60 58 45 24 64 38 44 60 52 43 54 69 15 59 55 46 54 46 28 35 29 63 19 20 27 36 19 38 42 68 27 50 19 77 59 61 68 25 17 65 45 51 32 57 26 18 26 38 22 24 28 61 11 48 44 59 48 14 54 
4 2 5 3 1 0 1 1 1 3 1 5 2 4 2 2 0 1 5 3 3 3 4 2 4 3 2 2 3 6 5 1 1 3 2 5 4 4 0 1 5 5 4 3 5 3 2 3 4 1 5 5 6 1 4 1 5 3 1 5 5 4 4 2 4 2 3 3 4 4 4 3 5 4 4 6 1 2 0 2 1 1 4 3 3 1 1 1 3 4 3 1 2 2 4 6 1 3 4 3 5 5 2 3 6 5 5 0 3 4 2 1 1 1 1 2 1 1 3 3 3 4 2 5 3 4 4 2 5 4 3 6 3 1 2 3 3 2 2 5 5 1 2 2 4 2 0 3 1 3 1 1 2 4 2 4 1 1 5 5 4 3 4 0 3 3 7 5 3 3 2 4 2 1 6 4 5 0 4 2 0 2 2 5 1 1 1 5 3 3 3 4 1 1 2 0 3 4 0 4 
3 2 4 3 4 3 4 3 2 2 1 5 4 6 5 0 3 3 4 2 5 2 1 4 1 4 4 0 2 3 3 3 3 4 3 3 3 2 3 2 4 5 4 2 4 2 5 1 5 5 1 2 3 4 1 3 2 6 3 3 4 4 4 3 1 4 2 2 1 2 4 2 2 5 2 3 2 3 3 3 2 4 1 4 6 1 4 3 0 2 6 1 5 2 3 3 4 3 2 2 2 3 3 1 4 5 2 3 2 5 1 3 4 3 4 3 3 4 5 4 2 1 1 5 4 1 5 3 2 1 6 3 4 3 3 5 2 2 4 4 4 3 2 2 4 3 3 1 4 4 4 4 4 7 3 6 3 2 1 2 3 2 1 3 2 2 4 2 5 6 2 5 2 1 3 2 4 3 2 2 0 2 1 2 3 2 4 2 1 0 4 2 1 4 4 3 2 5 2 1 
5 3 6 2 1 0 1 2 0 2 2 6 1 3 3 2 1 0 6 2 5 2 4 4 4 2 3 2 2 5 4 0 0 2 1 5 2 5 0 2 6 4 3 3 6 3 3 2 3 2 4 4 6 2 4 0 5 4 0 5 6 3 5 3 4 3 2 2 4 5 5 2 4 3 3 5 2 3 0 1 2 2 4 1 4 2 1 2 3 3 3 2 3 1 3 6 1 2 3 2 5 4 3 2 5 6 5 0 2 3 3 0 2 0 2 1 0 1 2 2 2 4 3 6 4 3 3 3 5 3 3 5 4 2 1 5 2 3 3 6 6 2 1 3 3 1 1 3 2 4 2 1 2 5 1 4 2 0 4 4 3 2 4 0 3 2 7 5 3 4 1 3 1 2 6 4 6 1 3 3 0 1 2 5 0 0 2 5 2 3 4 3 1 1 3 0 4 5 1 4 
7 5 8 0 1 2 4 4 2 1 4 8 0 1 4 4 4 2 8 0 7 0 4 6 6 0 6 4 0 4 4 0 2 0 1 4 0 6 3 4 8 1 0 2 8 2 4 2 1 4 5 4 6 4 5 2 5 5 1 7 8 0 8 5 4 6 1 2 4 6 7 2 4 1 3 5 5 6 1 1 4 4 6 0 6 4 2 4 5 1 5 4 5 0 0 6 3 0 3 0 6 4 5 2 4 8 5 0 0 1 5 0 4 1 3 1 1 2 1 0 1 5 5 9 6 3 1 5 6 3 5 5 7 5 0 7 0 5 6 8 8 4 1 5 0 1 4 5 3 6 5 3 1 7 1 7 4 2 5 4 0 0 4 2 2 0 6 5 6 6 2 1 1 4 6 4 8 4 3 5 1 1 3 6 1 0 4 6 3 4 7 2 3 1 5 3 6 7 3 6 
42 70 35 25 34 40 16 43 31 15 69 28 50 31 48 29 19 51 73 20 56 61 62 65 65 47 51 16 24 34 33 62 63 51 72 25 47 39 63 49 63 61 17 32 43 27 38 17 15 20 43 28 53 67 18 35 45 75 24 50 79 61 61 46 37 47 45 46 52 25 36 29 22 64 55 41 32 35 47 28 35 22 73 23 41 19 42 47 21 37 61 17 52 50 49 72 35 49 27 19 42 29 66 37 17 51 49 17 51 35 58 70 40 48 25 24 44 58 21 37 39 63 38 74 63 39 8 48 44 56 34 74 50 68 45 48 49 58 19 49 55 65 58 48 20 64 43 46 65 57 47 58 70 21 60 61 51 55 45 26 31 25 63 22 18 23 34 17 44 48 69 23 50 21 76 58 63 73 23 20 66 44 52 33 60 27 23 27 37 23 28 25 62 14 54 47 61 52 18 54 
5 4 6 2 4 3 4 4 2 0 2 6 3 5 6 2 4 3 5 1 6 0 1 5 3 3 5 1 1 2 1 2 3 3 2 2 2 3 3 3 5 5 2 0 5 0 6 0 4 5 1 1 3 5 2 3 2 7 3 4 5 3 6 4 1 5 1 0 1 3 5 0 1 3 1 2 3 4 2 3 3 5 3 3 7 2 4 4 1 1 6 2 6 1 2 2 4 2 0 1 2 2 4 0 2 6 2 3 0 4 3 2 5 3 5 3 3 4 4 3 1 1 2 6 5 0 4 4 2 0 6 2 5 4 2 6 0 3 5 6 5 4 2 3 3 2 4 2 5 5 5 4 4 7 3 7 4 2 2 1 2 0 1 3 1 0 3 2 6 7 2 4 2 2 3 1 5 3 1 3 0 1 1 2 3 2 4 3 0 1 5 1 2 3 5 3 3 6 3 2 
2 1 2 6 4 3 3 1 4 6 3 2 5 8 3 2 2 4 4 6 0 6 6 0 4 6 0 4 6 8 7 4 4 6 5 8 7 4 3 2 4 8 7 6 2 6 3 5 7 3 6 7 8 3 5 4 7 4 3 4 3 7 2 1 6 0 6 6 5 3 2 5 7 8 7 8 1 0 4 5 2 3 4 6 3 3 4 1 5 6 3 3 2 5 7 7 3 7 6 6 6 7 0 5 8 2 6 3 6 7 1 4 2 4 3 5 4 3 6 6 6 6 3 3 0 6 7 1 5 6 3 8 0 1 6 0 5 0 0 3 3 0 5 1 7 5 0 3 3 0 2 3 5 3 5 3 0 4 6 7 7 6 5 3 6 6 9 6 2 3 4 7 5 3 7 7 4 0 7 0 3 5 3 5 3 4 2 5 5 3 1 7 3 4 0 3 2 1 1 4 
54 97 42 39 49 55 17 55 43 25 98 30 75 51 62 38 20 72 100 33 73 96 92 88 91 75 65 21 39 51 50 92 91 77 107 39 75 52 90 67 86 97 30 49 54 40 47 24 27 22 62 41 79 91 23 48 66 102 34 67 109 99 81 61 53 60 70 70 77 31 45 43 32 103 83 61 40 43 69 41 46 26 103 35 48 23 59 63 28 58 81 20 67 78 79 105 45 78 40 33 59 45 90 54 27 66 72 24 81 60 80 106 51 70 30 35 64 81 34 56 64 92 50 100 85 58 21 64 62 82 39 112 64 93 68 61 78 79 18 64 73 88 87 64 36 95 55 63 90 74 62 80 105 19 89 78 67 79 65 39 52 42 92 29 28 39 50 24 55 60 101 39 74 26 112 86 86 100 35 22 97 65 74 44 88 39 26 35 55 30 32 40 89 19 70 66 84 67 20 76 
7 6 8 3 6 6 7 7 4 0 5 9 5 6 8 4 7 5 7 2 9 0 0 8 4 3 8 4 2 0 0 4 5 5 4 0 2 4 6 6 7 5 3 0 7 2 8 3 5 7 2 1 1 7 2 5 1 9 5 6 7 3 8 6 1 8 1 0 1 5 7 2 1 4 1 0 6 6 5 5 5 7 4 5 10 5 6 6 3 1 9 5 9 2 2 1 7 2 1 0 3 0 6 3 0 8 1 5 0 4 5 4 7 5 7 5 5 7 5 5 0 1 5 8 8 2 4 6 2 2 9 0 8 7 4 8 0 6 7 8 7 7 4 6 4 4 6 4 7 8 7 7 6 10 5 10 7 5 2 1 2 0 2 5 2 0 2 1 9 10 4 5 4 5 1 1 7 6 1 6 3 3 4 3 5 4 7 4 2 3 8 0 4 5 8 6 5 9 5 4 
34 66 23 31 40 43 17 41 33 20 68 17 57 41 49 25 18 54 64 27 49 68 63 60 61 56 46 16 31 37 37 68 66 58 77 29 55 33 65 47 54 71 26 36 32 30 39 20 25 22 43 30 55 67 15 38 46 76 30 43 68 72 52 42 36 43 51 50 52 18 28 32 24 75 59 43 29 28 51 33 33 23 69 29 39 18 46 45 20 43 62 16 51 56 58 71 37 57 30 27 40 33 60 40 22 41 48 23 58 47 52 76 41 52 27 29 50 62 30 44 47 62 35 61 58 42 21 44 41 58 34 77 43 65 51 41 56 52 14 39 44 62 63 42 30 69 41 41 67 51 46 60 77 19 65 59 49 57 45 28 40 32 63 25 22 30 35 17 43 48 72 33 54 19 76 60 54 70 27 14 68 48 52 29 66 32 22 23 40 20 21 31 62 20 50 49 54 45 17 51 
4 3 5 4 5 4 5 5 3 2 2 6 5 6 7 1 5 4 4 3 6 2 0 5 1 4 5 1 3 3 2 4 4 5 4 3 3 1 4 3 4 6 4 1 4 2 7 2 6 6 0 1 2 6 0 4 1 7 4 3 4 4 5 4 0 5 2 1 0 2 4 2 1 5 2 2 3 3 4 4 3 5 1 4 8 2 5 4 0 2 7 2 7 3 4 1 5 3 2 2 1 2 3 2 3 5 1 4 2 5 2 4 6 4 6 4 5 6 5 5 2 0 2 5 5 1 5 4 1 1 7 2 5 4 4 5 2 3 5 4 4 4 3 3 5 4 4 1 6 5 5 5 5 8 4 8 5 3 0 1 3 2 0 4 2 2 3 1 7 8 3 6 3 2 2 2 4 4 2 3 2 3 2 1 4 3 5 1 1 0 5 2 2 5 5 4 2 6 3 1 
