50 
200 
31 686
176 1524
123 1156
130 1200
200 1424
251 1647
222 1566
190 1551
172 1369
53 744
181 1498
141 1256
99 1092
183 1472
185 1498
235 1609
260 1790
242 1614
82 979
159 1408
56 840
51 739
38 714
115 1186
148 1310
222 1664
135 1305
269 1809
279 1776
42 688
25 559
77 965
167 1365
134 1269
159 1340
89 1033
146 1218
49 778
146 1348
178 1410
284 1733
38 689
44 730
91 1054
277 1810
262 1698
150 1277
135 1314
117 1154
240 1605
30 15 23 10 29 11 9 19 9 28 24 15 24 9 34 12 9 29 16 13 8 24 19 33 5 6 15 31 32 31 19 14 18 9 22 33 25 28 9 5 14 25 12 12 16 15 24 10 7 17 20 5 28 7 14 9 23 31 7 25 20 9 24 22 18 22 23 29 16 20 30 17 16 12 15 32 29 17 11 7 19 26 18 24 16 25 15 21 20 29 21 33 32 28 26 9 27 29 15 5 24 16 22 20 26 25 22 8 16 12 9 23 10 23 30 15 16 22 14 5 19 29 28 14 22 26 33 31 19 19 11 8 29 7 19 10 19 19 10 33 29 8 20 5 32 15 13 5 27 30 9 22 15 34 32 6 10 5 19 19 7 32 14 30 11 32 7 15 12 27 7 20 26 13 18 13 12 14 16 31 15 30 8 30 7 32 23 8 18 17 29 19 34 24 14 10 15 14 14 13 
92 53 77 35 94 40 37 64 35 92 76 52 81 32 109 43 35 97 56 49 33 77 64 110 23 21 53 103 103 100 67 51 59 29 71 101 82 93 29 21 49 83 40 42 50 53 82 39 33 60 67 23 91 30 53 34 76 100 29 84 68 35 73 70 59 70 76 90 56 68 91 57 50 43 56 103 91 57 42 23 65 83 57 85 51 81 53 73 69 94 65 106 98 90 88 31 83 97 52 22 72 58 73 71 87 81 74 30 51 40 33 75 37 72 89 49 57 73 48 23 66 92 89 47 71 85 106 102 66 66 43 28 96 29 64 35 63 60 39 102 95 34 70 26 104 48 46 18 94 95 34 74 50 105 102 25 37 24 66 69 31 99 50 92 39 104 26 52 41 90 27 66 90 42 60 46 38 48 58 96 55 95 33 99 28 107 78 33 63 59 94 64 104 76 49 39 51 50 45 48 
4 2 4 2 1 1 5 0 1 3 5 2 2 3 7 1 6 3 2 5 2 3 3 5 4 4 2 7 6 5 3 3 0 5 2 4 1 7 4 4 2 4 2 0 4 3 5 3 7 2 1 7 4 7 5 7 7 3 2 3 7 1 6 2 0 4 6 5 5 2 6 6 3 0 5 1 1 0 2 5 6 3 1 7 4 1 2 6 6 2 3 1 4 1 6 3 6 7 7 2 6 4 1 5 2 6 7 4 3 4 3 7 6 5 5 5 2 7 6 5 3 4 1 1 4 2 1 3 5 4 6 2 2 3 3 2 0 2 7 1 4 5 5 6 6 0 1 3 8 3 3 2 4 2 4 1 7 7 3 7 5 2 3 3 1 3 3 2 0 3 4 0 5 3 0 7 4 1 5 4 6 3 5 5 0 6 2 5 2 3 6 2 1 2 2 2 3 3 3 3 
34 19 25 11 34 16 12 23 13 30 26 16 29 9 36 17 11 34 18 16 14 23 20 39 6 7 19 35 34 32 24 18 22 12 23 36 28 31 13 5 20 27 14 17 21 17 28 17 13 22 25 8 28 10 19 11 26 32 11 29 23 13 29 26 22 24 25 32 18 23 35 19 20 15 20 37 32 20 16 11 21 27 21 31 19 26 19 25 23 35 25 36 37 33 30 9 31 33 18 11 29 20 27 26 29 27 25 8 20 13 8 26 12 26 35 17 21 25 16 7 23 29 31 17 22 32 38 34 21 21 14 11 35 8 19 12 23 20 13 37 31 12 23 10 34 18 16 9 34 29 10 27 16 35 32 11 12 8 23 25 11 33 21 35 16 34 7 17 16 34 7 24 32 17 20 15 16 17 19 33 19 29 10 32 12 36 29 11 23 24 31 25 37 27 20 15 15 16 18 17 
34 19 25 12 35 17 12 24 14 30 26 17 30 10 36 18 11 34 19 16 15 23 20 39 6 7 20 34 34 32 24 18 23 12 24 37 29 31 14 5 21 27 15 17 22 17 28 17 13 23 25 7 28 9 19 11 25 32 11 30 22 13 29 26 22 24 24 32 18 24 35 19 21 16 21 38 33 21 17 11 21 27 22 31 19 26 20 25 22 36 25 37 37 34 30 9 31 32 17 12 30 20 28 26 30 26 25 7 21 14 8 25 11 26 35 17 21 24 16 6 23 28 31 18 22 33 39 35 21 21 14 11 35 9 19 12 23 21 12 37 31 12 23 10 34 19 17 9 34 29 11 28 16 36 32 12 12 8 24 25 11 33 22 35 17 34 8 18 16 34 6 25 32 18 21 15 16 17 19 33 19 29 10 32 12 36 30 11 24 24 30 26 38 28 21 15 15 16 18 17 
1 5 4 1 6 6 6 5 5 4 0 3 7 1 3 6 4 7 4 6 7 1 3 8 4 0 6 6 3 3 6 6 4 0 1 1 4 5 3 2 6 4 1 5 3 4 7 8 9 7 5 4 2 5 8 3 4 3 5 6 4 5 3 3 3 0 3 0 4 5 2 2 2 4 8 6 2 4 6 1 4 1 2 9 1 2 6 6 5 6 2 4 3 5 7 0 2 6 4 7 3 6 6 8 5 2 4 2 3 0 2 3 3 1 3 1 6 4 2 4 5 1 3 3 1 6 6 5 5 5 6 2 7 4 2 2 4 0 5 3 4 6 6 7 4 3 4 2 9 1 3 6 0 0 2 5 3 5 6 8 7 0 7 3 5 5 1 4 4 7 2 4 8 3 3 3 2 4 6 0 6 1 5 5 5 7 7 6 6 7 3 7 2 3 6 6 2 4 2 6 
3 7 5 3 7 8 6 7 7 5 1 4 8 2 1 7 3 8 5 6 9 1 4 9 4 0 7 5 1 2 7 7 6 1 3 3 6 4 5 3 8 5 3 7 5 5 7 9 9 8 7 2 2 4 8 2 2 4 7 7 3 7 4 5 5 2 2 1 4 6 3 0 5 6 8 7 4 6 8 3 3 2 4 9 3 3 7 6 5 8 4 6 5 7 6 0 3 4 2 8 5 7 7 9 6 1 2 1 5 1 2 0 1 2 4 0 7 2 0 4 6 0 5 5 0 8 8 6 4 5 5 4 8 4 2 3 6 2 3 5 5 6 5 7 3 5 6 5 9 1 4 8 1 2 3 7 1 4 7 9 7 2 9 5 7 5 2 5 6 9 1 6 9 5 5 1 4 5 5 2 6 0 5 5 7 6 9 6 8 9 2 8 4 5 8 7 3 5 4 7 
8 3 2 5 6 5 0 5 4 0 7 3 3 5 6 5 4 2 0 0 5 4 3 2 3 6 4 3 5 3 2 2 6 7 5 8 4 4 8 4 6 2 6 6 9 2 0 6 1 4 5 5 3 4 1 5 6 3 2 1 5 4 10 7 5 6 5 7 2 3 9 7 8 3 1 5 6 4 4 9 5 5 6 2 7 3 3 0 2 7 8 4 9 6 0 5 9 4 5 6 10 0 6 2 1 6 7 3 8 6 3 7 5 8 9 7 2 5 7 2 2 4 5 6 5 7 6 0 2 2 1 6 5 3 2 5 4 5 5 6 2 0 0 1 5 6 4 7 2 4 3 4 6 5 4 6 6 5 2 1 0 5 7 8 7 0 5 1 6 6 4 6 2 8 3 6 8 4 0 7 0 4 2 2 5 0 5 0 4 7 6 7 7 7 7 3 4 0 8 2 
8 3 6 6 2 0 7 3 3 5 8 6 1 7 10 0 10 3 4 7 1 7 6 6 7 8 3 10 10 8 4 4 2 8 6 8 4 10 7 7 0 6 6 3 7 6 7 0 8 2 2 11 8 10 6 10 11 6 4 3 10 3 9 5 2 7 10 9 7 4 9 10 7 2 6 2 5 2 3 9 10 7 4 8 7 4 2 8 9 2 7 4 7 1 7 7 9 10 10 0 9 4 2 5 4 9 11 7 6 8 7 10 10 9 8 9 2 10 10 8 5 7 5 5 8 1 2 4 8 7 8 6 2 7 7 6 1 6 10 3 6 6 7 8 10 2 4 6 8 7 6 0 8 6 7 2 10 11 3 8 7 6 0 6 2 5 7 4 4 0 8 3 6 6 3 10 8 4 7 8 8 7 8 7 2 8 1 7 3 0 10 1 4 5 2 3 7 5 6 4 
4 2 3 2 1 2 5 1 1 2 4 2 3 3 6 1 6 4 2 5 3 3 2 5 4 4 2 7 6 4 3 3 0 4 2 4 1 7 3 4 2 3 2 1 4 3 5 3 7 3 1 7 4 6 5 6 7 3 2 3 7 2 5 1 0 3 6 4 4 2 5 6 3 0 5 1 1 0 3 5 6 3 1 7 3 0 2 6 5 2 3 1 4 1 5 3 5 7 6 3 5 4 1 5 3 5 7 3 3 4 3 6 6 5 5 5 3 6 6 5 3 3 0 1 4 2 2 3 4 4 6 2 2 3 3 2 0 1 7 1 3 4 5 6 6 0 1 2 8 2 2 2 4 1 3 1 6 7 3 7 5 2 3 3 1 3 3 2 0 3 4 0 6 2 0 6 4 1 5 4 6 3 5 4 1 6 3 5 3 3 6 3 1 2 2 2 3 2 3 3 
66 32 51 25 58 21 25 39 19 60 55 34 50 23 77 23 26 62 36 32 17 53 43 72 16 18 32 71 72 69 42 32 36 25 48 72 52 65 23 16 28 55 28 25 37 35 55 21 22 36 41 19 62 23 34 27 55 67 17 53 49 20 55 47 36 50 54 65 38 43 67 42 37 25 36 64 61 34 24 21 46 57 38 56 38 53 32 49 47 58 47 68 69 56 59 23 61 67 39 10 55 36 44 45 55 58 53 22 36 31 23 55 28 53 66 37 34 53 36 17 42 64 59 31 50 52 66 65 44 44 29 20 59 19 43 24 38 42 29 67 63 22 47 17 72 30 29 14 62 65 23 44 36 72 70 12 29 19 41 45 20 68 29 64 23 69 19 33 26 55 20 41 58 30 37 35 30 31 39 68 37 66 23 66 15 71 48 22 38 35 66 38 70 51 28 23 35 32 33 30 
8 3 2 5 5 5 0 4 4 0 7 3 3 5 6 4 5 1 0 0 5 4 3 1 3 6 3 4 5 3 2 2 5 7 5 8 4 5 8 4 6 2 6 6 9 2 0 6 2 4 5 5 3 4 0 5 6 3 2 1 5 3 10 7 5 6 5 7 2 3 9 7 8 3 1 5 6 3 3 9 5 5 6 2 7 2 2 1 3 7 7 4 8 6 0 5 9 4 5 6 10 0 5 1 0 6 7 3 8 6 3 7 6 8 9 7 2 5 7 2 2 4 5 6 5 7 5 0 2 2 1 6 4 3 2 5 4 5 5 6 2 0 1 1 5 5 3 7 2 4 3 4 6 5 4 6 6 5 1 1 0 5 7 8 6 0 5 1 6 6 4 5 2 7 3 6 8 4 1 7 1 4 2 2 5 1 5 0 3 6 6 7 6 7 6 3 4 0 7 2 
2 4 4 1 3 3 6 3 3 4 3 3 5 2 6 3 6 6 4 6 5 2 3 7 4 2 4 7 6 5 5 5 1 3 1 2 3 7 1 3 3 4 0 2 2 4 6 5 8 5 3 6 4 6 7 6 6 3 4 5 6 4 3 0 1 2 5 3 5 4 3 5 1 2 7 3 0 2 5 3 6 2 0 9 2 1 4 7 6 3 1 2 2 2 7 2 3 7 6 4 3 5 3 7 4 4 6 3 1 3 3 5 5 3 3 3 5 6 5 5 4 2 1 0 3 4 3 4 5 5 6 0 4 4 3 1 2 0 6 0 4 6 6 7 6 0 3 0 9 2 3 4 3 0 3 3 6 7 5 8 6 0 5 1 3 4 2 3 1 5 3 2 7 1 2 5 2 2 6 2 7 2 6 5 3 7 5 6 5 5 5 4 0 0 4 4 3 4 1 4 
37 18 24 14 35 16 9 24 13 28 30 17 28 13 38 17 12 32 16 13 13 26 21 36 6 11 19 33 35 32 22 16 23 15 26 39 28 31 16 7 20 26 17 18 24 16 25 17 10 22 25 9 29 10 16 12 27 33 10 27 23 12 32 28 23 27 26 35 17 23 38 22 23 15 17 37 34 21 15 14 22 30 23 28 22 27 18 22 21 36 27 36 39 34 27 12 34 32 19 12 33 17 28 23 27 29 27 9 23 17 10 28 14 30 38 20 19 26 19 6 21 32 33 19 25 33 39 32 19 19 12 13 34 8 20 14 23 23 13 38 30 9 20 7 35 20 16 11 30 32 11 27 20 38 34 12 14 9 21 22 8 36 21 37 17 31 10 16 17 34 9 25 29 20 20 17 19 17 16 36 16 33 8 30 12 33 28 8 22 24 33 26 40 30 21 14 18 14 20 15 
11 6 4 8 8 7 2 7 6 3 10 6 5 8 8 7 6 2 3 1 7 6 6 2 5 9 6 5 7 5 4 4 8 10 8 10 6 6 11 7 8 4 9 8 11 5 2 8 0 6 8 7 5 6 2 7 8 6 5 3 6 6 12 9 8 9 7 10 5 5 12 9 11 5 2 8 9 6 5 11 7 8 9 0 10 5 4 1 4 9 10 6 11 8 1 7 12 6 7 8 13 2 8 3 3 8 9 5 11 9 5 9 8 11 12 9 3 7 9 4 4 7 8 9 7 9 8 2 4 4 2 9 7 5 5 8 6 8 7 9 5 3 2 1 7 8 6 10 0 6 6 6 9 8 6 8 8 7 3 1 2 8 9 11 9 2 7 3 8 8 6 8 2 10 5 8 11 7 2 10 1 7 4 4 7 1 7 1 5 8 8 9 9 9 9 5 7 3 10 4 
0 7 6 3 6 6 8 6 6 6 1 5 8 3 5 6 6 8 6 8 8 3 5 10 6 1 7 8 5 5 8 7 4 0 3 0 5 7 2 4 7 6 2 5 2 6 8 8 10 8 6 6 4 7 9 5 5 5 7 7 6 6 1 3 4 2 5 1 6 6 0 3 2 5 9 6 3 5 8 0 6 3 2 11 1 4 7 8 7 6 2 5 2 5 8 1 0 7 5 7 1 8 6 9 7 4 5 4 2 2 4 4 4 0 1 2 8 5 3 6 7 2 4 4 2 7 7 7 6 6 7 3 8 5 4 3 5 1 6 3 6 8 7 9 6 3 5 2 11 2 5 7 2 1 4 6 4 7 7 10 8 1 8 2 6 6 3 6 4 8 3 5 10 3 5 5 1 5 8 1 8 2 7 7 6 8 8 7 8 8 5 7 2 3 7 7 4 6 2 7 
4 3 1 1 4 4 3 3 4 1 3 0 4 1 3 4 3 4 1 3 5 0 0 5 1 2 3 4 3 1 4 3 4 3 1 4 2 4 5 0 5 1 2 4 5 1 3 6 5 4 4 4 1 3 4 3 4 0 3 3 4 3 6 3 3 2 3 3 1 2 5 3 4 2 5 4 3 2 4 5 3 1 3 6 3 0 3 3 3 5 4 2 5 5 3 1 5 4 3 6 6 3 4 5 2 3 4 0 4 2 0 4 3 4 5 3 4 3 3 2 3 1 2 3 1 5 5 2 2 2 3 3 5 1 0 1 3 1 3 3 1 3 3 4 3 3 2 4 6 0 0 4 2 1 0 4 3 4 3 5 3 1 6 5 5 1 1 1 3 6 1 3 5 4 1 3 4 2 3 3 3 0 2 2 4 4 5 2 4 6 3 6 3 3 5 4 0 1 4 3 
7 4 1 4 6 6 0 5 5 0 6 3 5 4 4 6 2 3 1 0 6 2 3 4 1 5 4 2 3 1 3 3 6 6 4 7 4 2 8 3 7 1 5 6 8 1 1 7 3 5 6 3 1 2 3 3 4 2 3 3 3 4 9 6 5 5 3 6 1 3 8 5 7 3 3 6 6 4 5 7 3 4 6 4 6 2 4 0 0 7 7 4 8 7 1 3 8 2 3 7 9 2 6 4 2 4 5 1 7 5 1 5 4 7 8 5 4 3 5 0 3 3 5 6 3 7 6 2 0 1 0 6 6 2 1 4 4 4 3 6 1 1 0 2 3 6 4 7 3 2 2 6 5 4 3 6 4 3 3 3 1 4 8 8 7 0 4 1 6 7 2 6 4 7 3 4 7 4 0 6 0 3 0 0 6 1 6 0 5 7 4 8 6 6 7 4 3 0 7 3 
7 6 3 5 8 8 2 7 7 3 5 4 7 4 1 8 1 6 3 2 8 2 4 6 2 4 7 0 0 0 6 5 7 5 5 7 6 0 8 3 9 3 6 8 9 3 3 9 5 8 8 1 0 0 5 0 1 3 6 5 0 6 8 7 7 5 1 6 2 5 8 4 8 5 5 8 7 6 7 7 1 4 7 6 6 4 6 2 1 9 7 6 8 8 3 3 7 0 1 9 9 5 8 6 4 3 3 1 8 4 1 4 2 6 8 5 6 1 4 0 5 2 6 7 2 9 8 4 2 3 1 7 8 3 1 5 6 5 1 7 3 4 2 4 1 7 6 7 5 2 4 8 4 5 3 8 2 1 6 5 4 4 10 8 9 3 4 4 7 9 1 7 6 8 5 2 7 6 2 6 2 2 2 2 7 2 8 2 7 9 2 9 7 7 9 7 3 3 7 5 
36 16 27 14 30 11 14 20 9 30 30 18 24 14 42 12 16 31 18 17 8 28 23 37 10 12 15 38 39 36 21 16 19 16 26 39 26 36 15 10 15 29 16 14 22 19 29 12 13 17 21 13 33 14 18 17 31 35 8 26 28 10 32 26 19 27 30 36 21 22 38 25 21 11 19 33 32 17 12 14 26 31 21 30 22 27 15 26 26 31 26 34 38 30 31 14 35 37 23 7 32 18 23 23 27 32 31 13 21 18 13 31 17 30 37 22 17 30 22 10 21 34 31 17 27 28 34 33 24 23 16 12 29 11 23 14 19 23 18 35 33 12 25 11 39 17 15 10 33 34 12 22 21 38 37 7 18 13 20 24 11 36 16 35 13 35 12 16 14 28 12 22 30 18 18 21 18 16 21 37 20 35 13 35 8 37 23 12 18 19 36 21 37 28 16 11 20 16 19 15 
1 5 5 2 4 5 7 4 5 5 2 4 6 3 5 4 6 7 5 7 6 2 4 8 5 2 5 7 5 5 6 6 2 1 2 1 4 7 1 4 5 5 1 4 1 5 7 6 9 6 4 6 4 7 8 6 6 4 5 6 6 5 2 1 2 1 5 2 6 5 2 4 0 4 8 4 1 3 6 1 6 2 0 10 0 2 5 7 7 4 0 4 1 4 8 1 2 7 6 5 2 6 5 8 5 4 6 4 1 2 3 5 5 2 1 3 6 6 4 6 6 2 2 2 3 5 5 6 6 6 7 1 6 5 4 2 3 0 6 1 5 7 7 8 6 1 4 1 10 2 4 5 2 0 4 4 5 7 6 9 7 0 6 1 4 5 3 4 3 6 3 3 9 1 3 5 1 3 7 1 7 2 6 6 4 8 6 7 6 6 5 5 0 1 5 6 3 5 0 6 
69 33 49 26 63 26 21 42 21 57 56 34 49 24 76 27 25 57 33 28 19 53 42 66 14 19 33 68 71 67 39 29 41 26 50 74 54 63 27 15 33 53 31 29 41 34 50 25 16 37 44 17 61 20 29 25 54 66 16 50 47 21 58 51 41 51 53 67 36 43 70 42 40 26 31 68 64 37 24 23 45 58 42 50 40 53 31 45 45 64 50 70 73 61 54 24 64 65 37 15 58 31 49 40 52 58 53 21 40 32 22 55 27 55 70 38 32 51 37 14 40 64 62 34 50 58 70 62 42 41 25 23 61 18 42 26 41 44 27 72 61 18 43 13 71 35 30 18 57 65 22 47 37 74 69 17 28 17 38 40 16 70 33 69 28 65 20 31 29 59 19 45 52 34 38 34 33 32 35 70 33 66 20 64 18 67 49 18 38 39 65 44 75 55 34 22 36 30 36 28 
63 32 50 22 60 24 24 39 20 59 52 32 51 21 74 26 24 62 35 31 19 51 41 72 14 15 32 69 70 67 42 32 36 22 46 69 52 63 21 14 30 54 26 25 35 34 54 24 22 37 41 17 60 21 34 24 53 65 17 54 47 20 53 45 36 47 52 62 37 43 65 40 34 25 36 66 58 35 25 18 44 55 36 56 35 51 33 48 46 60 44 67 67 57 58 21 59 65 37 13 53 36 46 46 55 55 51 20 34 28 21 52 26 50 64 35 35 50 34 15 42 61 56 28 48 54 68 65 43 42 28 17 61 18 41 21 39 39 27 66 62 21 46 17 70 30 28 12 62 63 21 47 34 69 67 13 26 17 41 45 20 65 31 62 23 68 17 32 24 58 18 41 58 28 37 32 27 29 38 65 36 63 21 65 15 70 49 21 39 37 64 41 68 49 30 23 33 31 30 29 
99 50 72 37 94 39 27 63 32 85 80 50 76 33 108 42 32 89 49 38 30 77 61 101 19 25 50 96 101 96 60 45 61 35 72 108 80 89 37 20 49 78 43 43 58 48 73 37 21 56 67 20 88 25 43 32 75 97 25 77 65 32 83 74 61 73 74 95 51 64 100 58 57 40 46 103 94 56 38 31 62 84 61 73 56 79 49 63 63 95 72 104 106 92 77 33 91 91 50 23 83 49 73 62 80 82 73 28 57 43 31 77 36 78 101 53 51 72 50 17 60 92 91 49 71 86 106 94 60 60 34 32 93 25 60 36 62 64 35 106 90 25 60 15 101 52 44 24 82 95 31 72 52 108 101 25 36 20 60 57 22 102 50 100 41 97 27 47 43 88 25 67 80 48 58 46 46 47 48 101 45 95 27 92 27 96 75 24 59 59 93 65 110 80 50 34 50 43 51 42 
35 17 28 14 29 11 15 20 10 31 30 18 26 14 42 12 17 33 19 19 10 28 23 38 10 11 17 39 40 37 23 17 18 15 26 38 27 36 13 10 14 30 15 12 20 20 30 12 15 19 20 13 34 15 20 17 31 35 10 28 28 11 30 24 18 27 31 35 22 23 37 24 20 13 21 32 31 17 13 13 27 30 19 32 21 27 17 28 27 29 25 35 36 28 32 13 34 38 23 6 30 20 22 25 29 32 31 13 20 18 13 31 17 29 36 21 18 30 22 11 22 34 30 16 27 27 33 34 25 24 18 11 30 12 24 13 18 22 18 34 34 13 26 12 40 15 15 8 35 34 13 23 21 37 37 6 18 14 22 26 13 35 16 34 11 36 12 18 13 29 12 20 32 16 19 21 17 16 22 36 22 35 14 36 7 39 25 14 20 18 36 20 36 27 15 12 20 18 18 16 
6 3 0 3 5 5 1 4 4 0 5 1 4 3 4 4 3 3 0 1 5 1 1 4 0 4 3 2 3 1 3 2 5 5 3 5 3 3 6 2 6 0 4 5 7 0 2 6 4 4 5 3 1 3 3 3 4 1 2 2 3 3 7 5 4 4 3 5 0 2 7 4 6 2 3 5 4 3 4 6 3 3 5 4 5 1 3 2 1 6 6 3 7 6 2 2 7 3 3 6 8 2 5 4 2 4 5 1 6 4 0 5 3 6 7 4 3 3 5 1 2 2 4 4 2 6 5 1 0 0 1 4 5 0 0 3 3 3 3 5 0 1 1 3 3 4 3 5 4 1 1 5 4 3 1 5 4 3 3 4 2 3 7 7 6 0 2 1 4 6 1 4 4 6 2 4 6 3 1 5 2 2 1 0 4 2 5 1 4 6 3 6 5 5 6 3 2 0 5 2 
4 1 3 2 2 2 4 1 1 2 4 1 3 2 6 2 5 3 2 4 3 2 2 5 3 4 2 6 5 4 3 2 1 4 2 4 0 6 4 3 3 3 2 1 4 2 5 4 6 3 1 6 3 6 5 6 6 2 2 2 6 1 6 2 1 3 5 4 4 1 5 5 3 0 5 2 1 0 2 5 5 2 1 7 3 0 2 5 5 3 3 0 4 2 5 2 5 6 6 3 6 3 2 5 2 5 6 3 3 4 2 6 5 5 5 4 2 6 5 4 2 3 1 1 3 3 2 2 4 3 5 2 2 2 2 1 0 1 6 1 3 4 4 5 5 1 0 3 7 2 2 2 4 1 3 2 6 6 2 6 4 1 4 4 2 2 2 1 1 4 3 1 5 3 0 6 4 0 4 4 5 3 4 4 1 5 3 4 2 3 5 3 2 2 3 2 2 2 3 2 
2 6 7 3 5 5 8 5 5 6 3 5 6 4 7 5 8 8 6 8 6 4 5 9 7 3 6 9 7 7 7 7 2 3 3 2 5 9 0 5 4 7 2 4 0 6 9 6 11 6 4 8 6 8 9 7 7 5 6 7 8 6 2 2 2 3 7 3 7 6 2 6 0 4 9 5 2 4 7 2 8 4 0 11 2 4 6 9 8 4 1 5 0 3 9 3 3 9 7 5 2 7 5 9 6 6 8 5 0 4 5 6 6 3 1 4 7 7 6 7 7 4 3 2 4 5 5 7 7 7 8 2 6 6 5 3 4 1 8 1 7 8 8 10 8 0 5 1 11 4 5 6 4 1 5 4 7 9 7 10 9 2 6 0 4 7 4 5 3 6 5 4 10 1 4 7 1 4 8 3 9 4 8 7 4 9 6 8 7 6 7 5 0 1 5 6 5 6 1 7 
7 1 4 5 1 0 5 1 0 2 7 3 0 5 8 0 7 1 2 4 0 5 4 4 5 6 0 7 8 6 2 2 2 7 4 7 2 8 6 5 1 4 5 2 6 4 5 1 6 0 1 8 5 7 4 8 8 4 2 1 8 1 8 4 2 6 8 7 5 2 8 8 6 0 4 1 4 0 0 7 7 5 3 6 6 2 0 5 6 2 6 2 6 2 5 5 8 8 8 2 8 2 1 3 1 7 9 5 5 7 4 8 7 8 8 7 0 8 8 6 2 5 3 3 6 2 1 2 5 4 6 4 0 4 4 4 0 4 8 3 4 4 5 5 7 2 2 5 6 4 4 0 6 4 5 2 8 8 1 5 4 4 2 6 2 3 5 1 3 1 5 2 4 5 0 8 7 2 5 6 5 5 5 5 1 5 0 4 0 2 8 2 4 4 2 1 5 2 5 2 
1 7 7 3 6 6 9 6 7 7 3 5 8 4 6 6 7 9 7 9 8 4 5 10 7 2 7 9 6 6 8 8 4 1 3 1 6 8 1 5 6 7 3 5 1 7 9 8 11 8 6 7 6 8 10 6 7 6 7 8 7 7 0 3 3 3 6 2 7 7 1 5 1 5 10 6 3 5 8 1 7 4 2 12 2 4 7 9 8 6 1 6 1 5 9 3 2 9 7 6 0 8 6 10 7 5 7 5 2 3 5 5 6 2 0 4 8 7 5 7 7 4 4 3 4 6 6 7 7 7 9 3 7 6 5 4 5 1 8 2 7 9 8 10 7 2 6 2 12 4 6 7 3 2 5 6 6 8 8 11 9 2 7 1 5 7 4 6 4 8 5 5 10 2 5 6 0 5 9 2 9 4 8 8 6 9 8 8 8 7 6 6 1 3 6 8 5 6 1 7 
96 45 72 34 88 34 31 58 27 85 78 47 73 31 109 37 33 89 49 43 25 76 60 102 19 23 45 99 103 97 58 43 56 33 69 105 76 91 32 19 44 78 40 38 54 48 76 32 26 52 61 22 88 27 46 34 76 96 22 76 67 27 79 69 55 71 75 93 52 61 97 58 53 35 49 97 90 51 34 28 63 82 57 78 53 76 45 67 65 90 68 100 102 86 82 31 88 94 52 17 79 50 67 63 79 81 74 28 53 41 30 76 36 76 97 51 49 73 49 20 58 91 86 45 71 81 100 94 61 60 38 28 88 24 60 33 57 60 37 101 90 27 64 20 102 47 40 19 87 93 29 67 50 105 100 20 37 22 58 62 25 99 45 95 35 98 25 45 38 83 25 62 82 43 53 46 42 43 52 98 50 94 28 94 22 101 70 27 55 54 93 60 105 76 45 30 49 44 47 40 
127 62 93 44 121 48 37 80 39 111 102 62 99 40 141 52 40 118 63 52 36 99 78 134 22 29 63 127 132 126 78 57 77 42 92 138 103 116 43 23 61 101 53 53 72 61 97 46 31 72 84 25 114 32 57 41 97 126 30 101 85 39 104 93 76 93 96 122 65 82 128 74 71 50 62 132 121 71 47 35 80 108 77 99 70 101 62 85 82 122 90 135 135 117 105 40 116 120 65 26 105 64 93 82 104 105 94 34 71 53 38 98 45 99 128 66 66 93 62 22 77 119 116 61 92 110 137 124 77 77 45 37 120 29 77 44 79 80 44 137 117 32 81 22 132 65 55 26 111 123 38 92 65 140 131 29 45 25 77 78 29 132 62 127 49 127 32 60 53 113 31 84 106 58 74 57 55 59 65 130 61 123 34 121 32 129 96 32 75 74 121 82 141 102 62 42 63 55 62 53 
33 18 28 13 31 13 16 21 12 32 28 18 28 13 41 14 16 34 20 20 12 28 23 40 10 10 18 39 39 37 24 19 18 13 24 36 28 36 11 10 16 30 14 13 18 20 31 14 16 21 22 13 33 15 21 16 30 35 11 30 28 12 28 22 18 25 30 33 22 24 34 23 18 14 22 34 30 18 15 11 26 29 17 33 19 27 19 28 27 31 23 36 34 29 33 12 32 37 22 8 28 21 24 27 30 31 30 13 17 16 13 30 16 27 33 20 20 29 20 11 24 33 29 14 26 28 36 36 25 24 18 9 33 12 23 12 20 20 18 32 34 14 27 13 39 14 16 6 36 33 13 25 19 35 36 8 17 13 23 27 14 34 18 32 12 37 11 19 13 31 12 21 33 14 20 20 15 16 23 35 22 34 14 36 9 40 27 14 22 20 36 22 34 25 16 14 19 18 16 17 
2 5 6 3 4 4 8 4 5 6 3 5 6 4 7 4 8 7 6 8 6 4 5 9 6 3 5 9 7 6 7 7 2 3 3 2 4 9 0 5 4 6 2 3 0 6 9 6 10 6 4 8 6 8 9 7 7 5 6 6 8 5 2 1 2 3 7 3 7 5 3 6 0 4 9 4 2 3 6 2 8 4 0 11 2 3 6 9 8 4 1 4 0 3 9 3 3 9 7 4 2 7 4 9 6 6 8 5 0 4 5 6 6 3 1 4 6 7 6 7 6 4 3 2 4 4 5 6 7 7 8 2 6 6 5 3 3 1 8 1 6 8 8 10 7 0 5 1 11 4 5 5 4 1 5 4 7 9 6 10 8 2 5 0 3 6 4 5 3 6 5 3 9 0 4 7 2 4 8 3 9 4 7 7 4 9 6 8 6 5 7 4 0 1 4 6 5 6 1 6 
3 2 4 2 2 2 5 1 2 3 4 2 3 3 6 2 6 4 3 5 3 3 3 6 4 4 2 7 6 5 4 3 0 4 2 3 1 7 3 4 2 4 2 1 3 3 6 4 7 3 1 7 4 6 6 6 7 3 3 3 7 2 5 1 0 3 6 4 5 2 5 5 3 1 6 2 1 0 3 4 6 3 0 8 3 1 3 6 6 2 2 1 3 1 6 3 5 7 6 3 5 4 2 6 3 5 7 4 2 4 3 6 5 4 4 5 3 6 6 5 3 3 0 0 3 2 2 3 5 4 6 1 3 3 3 1 0 1 7 0 4 5 5 7 6 0 1 2 8 2 3 3 4 1 3 1 6 7 3 7 6 1 3 3 2 4 3 2 0 4 4 1 6 2 0 6 4 1 5 3 6 3 5 5 1 6 3 5 3 3 6 3 1 1 2 3 3 3 2 3 
7 7 4 5 8 8 2 7 7 3 5 5 7 4 1 8 1 6 4 3 9 2 4 7 3 4 7 1 0 0 6 6 8 5 5 7 6 0 8 3 9 4 6 8 9 4 4 10 6 8 8 0 0 0 6 0 1 4 6 6 0 7 8 8 7 5 0 6 2 6 8 4 8 6 6 8 7 7 7 7 1 5 7 6 6 4 7 3 2 9 7 6 8 9 3 3 7 0 0 10 9 5 8 7 5 3 2 1 8 4 2 3 2 6 8 4 6 0 4 0 5 2 6 7 2 10 9 5 2 3 1 7 8 3 1 5 7 5 0 7 4 4 2 4 1 7 6 8 6 2 4 8 4 5 3 8 1 0 6 6 4 4 10 9 9 3 4 4 7 10 1 8 7 8 5 2 7 6 2 6 2 2 2 3 8 3 9 3 7 10 2 10 7 7 9 7 4 3 7 6 
37 16 26 15 32 13 13 21 10 30 31 19 23 15 42 13 16 29 17 16 9 29 23 35 10 13 16 38 40 36 20 15 21 17 27 40 27 35 16 10 17 28 18 15 23 19 28 12 12 18 22 13 33 14 17 17 31 35 8 25 28 10 33 27 21 28 30 37 21 22 39 25 23 12 18 34 34 18 11 15 26 32 22 29 23 27 14 25 26 33 28 35 39 31 30 14 36 36 23 8 33 17 25 22 26 33 31 13 22 19 13 32 17 31 39 23 15 30 22 10 21 34 32 18 28 29 35 32 24 23 16 13 30 11 23 15 20 24 18 37 33 11 24 9 39 18 15 11 32 35 13 23 22 39 37 9 18 13 18 23 10 37 17 37 15 34 12 16 16 29 12 23 28 19 19 21 20 17 20 38 19 35 13 34 9 36 24 11 18 20 37 23 39 29 17 10 20 16 20 14 
5 7 5 4 8 8 5 7 7 4 3 4 8 3 0 8 2 8 5 5 9 1 4 8 3 1 7 4 0 1 7 7 7 2 4 4 6 3 6 3 9 5 5 8 7 4 6 10 8 8 8 1 1 2 7 0 0 4 7 7 1 7 6 6 6 3 0 3 4 6 5 1 6 6 8 8 5 6 8 5 2 3 6 9 4 4 7 5 4 9 5 6 6 8 6 1 4 3 0 9 6 7 8 8 6 0 0 1 6 2 2 0 0 4 6 2 7 0 1 2 6 1 5 6 0 9 8 6 4 5 4 5 9 4 2 4 7 3 2 6 4 6 4 7 2 6 6 6 8 1 4 8 2 3 3 8 0 2 7 8 6 3 10 7 8 5 3 5 7 10 0 7 8 6 5 0 5 6 5 3 5 1 4 4 7 5 9 5 8 10 0 9 6 6 9 8 3 4 5 7 
66 36 49 24 65 30 20 44 25 59 52 34 55 21 69 31 18 64 35 29 24 49 41 72 12 15 36 63 64 61 44 33 43 22 48 71 55 57 25 12 36 53 29 31 40 33 52 29 20 41 47 11 55 14 33 18 47 65 19 55 40 24 55 50 42 48 46 62 34 45 67 37 39 29 36 71 64 40 29 20 38 55 42 55 37 53 36 45 42 66 48 71 71 64 55 20 60 59 30 19 56 37 51 46 56 52 46 16 39 27 19 49 21 51 67 33 38 44 31 10 43 59 61 34 45 61 74 66 40 41 24 22 66 17 38 24 44 42 20 72 61 20 42 14 64 36 31 16 60 61 21 51 33 72 66 19 21 11 44 44 18 67 37 67 30 67 17 33 30 63 14 47 59 33 40 27 30 33 34 66 33 61 18 62 21 67 54 19 43 43 59 47 74 54 37 26 32 31 34 31 
3 3 3 0 4 4 4 3 4 2 2 1 5 0 3 4 4 5 2 4 5 0 1 6 2 1 4 5 3 2 5 4 3 2 0 2 3 4 3 1 5 3 1 4 4 2 5 6 7 5 4 4 2 4 6 4 4 1 4 4 4 3 4 2 3 1 3 2 3 3 4 3 3 2 6 4 2 3 5 3 4 0 2 7 2 0 4 5 4 5 3 2 4 4 5 0 4 5 4 5 5 4 4 6 3 2 4 1 3 1 1 3 3 3 4 2 4 4 3 3 3 0 2 2 1 5 4 3 3 3 4 2 5 2 1 0 3 0 4 2 2 4 4 6 3 2 2 3 7 0 2 5 1 0 1 4 3 4 4 6 5 0 6 4 4 3 0 2 3 6 1 3 6 3 2 3 3 2 4 2 5 0 3 3 4 5 5 4 5 6 3 5 2 2 5 4 0 2 3 4 
6 0 2 4 2 2 3 2 1 1 6 2 1 4 7 2 6 1 0 3 2 4 3 2 3 6 1 6 6 4 0 0 3 6 4 6 1 6 6 4 3 2 4 3 7 2 3 3 4 1 2 7 4 6 3 6 7 3 0 0 6 0 8 4 2 5 6 6 3 0 8 7 6 0 3 2 4 1 1 7 6 4 4 4 6 1 0 3 4 4 6 1 6 3 3 4 8 6 6 3 8 1 2 2 0 6 7 4 6 6 3 7 6 7 8 6 0 6 7 4 0 4 3 4 5 4 2 0 3 2 4 4 2 3 3 4 1 4 6 3 2 2 3 4 6 3 1 5 5 3 2 1 5 4 4 3 7 7 0 4 3 4 4 6 3 1 4 0 3 3 4 3 3 5 0 7 7 2 3 6 4 4 4 3 2 4 2 2 1 3 6 4 4 4 4 0 4 1 5 0 
8 3 2 6 6 5 1 5 4 1 8 4 3 6 6 4 5 1 0 0 5 4 4 1 3 7 4 4 6 3 2 2 6 8 6 8 4 5 9 5 6 2 7 6 9 3 1 6 1 4 5 6 4 5 0 6 6 4 2 1 6 3 10 7 5 7 6 8 3 3 10 7 8 3 0 5 6 4 3 9 5 6 6 2 8 3 2 1 3 7 8 4 9 6 0 5 9 5 6 6 10 0 6 1 0 7 7 4 8 7 3 8 6 9 10 7 2 6 8 3 2 5 6 6 5 7 5 0 3 2 2 7 4 3 3 6 4 6 6 6 2 1 1 1 5 6 4 8 2 4 3 4 7 6 4 6 7 6 1 1 0 5 7 9 6 0 5 1 6 6 4 6 1 8 3 7 9 4 1 7 1 5 3 2 5 1 5 0 3 6 6 7 7 7 7 3 5 1 8 2 
92 50 75 33 91 37 35 61 32 89 75 49 78 31 109 40 34 94 53 46 30 75 61 107 21 21 50 101 103 99 64 48 56 30 68 101 79 92 27 20 46 81 37 39 49 50 80 36 31 57 64 22 89 29 50 34 76 98 27 81 68 32 74 67 55 69 76 90 54 65 93 56 48 40 53 100 88 54 39 23 64 81 54 82 50 78 50 71 67 91 63 103 96 87 86 30 84 95 52 19 74 55 70 68 84 80 73 29 48 40 31 75 36 72 92 49 54 73 47 22 63 91 86 43 70 82 103 99 64 63 41 25 92 26 62 32 60 58 38 99 93 31 67 24 103 45 43 15 91 93 32 71 49 103 101 21 36 23 63 66 29 97 47 90 36 102 25 50 38 87 25 63 87 39 57 45 37 46 56 96 53 94 31 97 25 104 75 31 60 56 93 61 101 73 46 36 49 47 42 45 
68 32 51 26 60 22 24 40 20 60 56 35 48 24 77 24 27 60 35 32 16 54 43 70 16 19 32 71 73 69 41 31 38 26 50 74 53 65 25 17 29 55 30 27 39 35 54 20 21 35 42 20 63 23 33 27 56 67 17 52 49 20 57 49 38 51 55 66 38 43 69 43 39 25 35 66 63 35 23 22 47 58 40 55 39 53 30 48 47 60 48 69 71 58 58 24 63 67 39 11 57 35 46 44 54 59 54 22 38 32 24 56 29 55 68 38 33 53 37 17 41 65 60 32 51 54 67 65 44 43 29 21 59 20 44 25 39 43 29 69 63 21 46 17 73 32 29 16 61 66 23 43 38 73 70 14 29 20 39 44 20 69 29 66 24 68 20 33 27 54 21 43 57 32 38 35 32 32 38 69 36 66 23 66 16 70 46 21 37 35 67 40 72 53 30 22 36 32 34 29 
31 19 27 10 33 16 14 23 13 31 25 17 29 10 38 16 14 35 20 19 14 25 21 40 9 7 19 37 36 34 25 19 21 10 22 34 28 34 11 7 19 29 12 16 19 19 30 16 15 22 24 10 31 12 21 13 28 34 12 30 25 13 27 24 20 22 27 30 20 24 33 20 18 15 22 36 30 20 16 9 24 27 19 33 17 26 20 27 25 34 22 36 34 32 32 9 29 35 19 10 27 21 26 27 30 28 27 10 18 13 11 27 13 25 33 17 21 26 17 9 24 30 30 16 23 31 38 36 23 23 17 9 34 10 21 11 22 18 15 35 33 13 25 12 36 17 16 7 36 31 12 27 16 33 34 10 14 11 24 27 13 31 20 32 15 36 8 18 15 33 9 23 33 15 20 17 14 17 21 32 21 31 13 35 11 38 29 13 23 23 33 24 35 25 19 15 17 17 15 18 
6 2 5 4 0 0 6 1 1 4 6 4 2 5 9 0 8 4 4 6 1 5 5 6 6 6 2 8 8 6 4 4 0 6 4 6 2 9 5 6 0 5 4 1 5 5 6 1 8 2 0 9 6 8 6 9 9 5 3 3 9 2 7 3 0 5 8 7 6 3 7 8 5 1 6 0 3 0 2 6 8 5 2 8 5 2 2 7 7 0 4 2 5 0 7 5 7 9 9 0 7 4 0 5 3 8 9 6 4 6 5 8 8 7 6 7 2 9 8 7 4 5 3 2 6 0 0 3 6 5 7 3 1 5 5 4 0 3 9 1 5 6 6 7 8 0 2 4 8 5 4 1 6 3 5 0 9 9 3 7 6 4 1 4 0 4 5 3 2 1 6 1 6 4 1 8 6 3 7 6 7 5 7 6 1 7 2 6 2 1 8 0 2 3 0 3 5 4 4 3 
0 6 6 3 6 6 8 5 6 6 1 5 7 3 5 6 6 8 6 8 7 3 5 9 6 1 6 8 5 5 8 7 4 0 3 0 5 7 1 4 6 6 2 5 2 6 8 8 10 7 6 6 4 7 9 5 6 5 7 7 6 6 1 3 3 2 5 1 6 6 1 4 1 5 9 6 3 5 7 0 6 3 2 11 1 4 7 8 7 6 1 5 1 5 8 2 1 8 5 6 1 8 6 9 7 4 6 4 2 2 4 4 5 1 1 2 7 5 4 6 7 3 3 3 3 6 6 7 6 6 8 2 7 5 4 3 5 1 7 3 6 8 8 9 6 2 5 2 11 3 5 7 2 1 4 5 5 7 7 10 8 1 7 2 5 6 3 5 4 8 4 5 10 2 4 5 0 5 8 1 8 3 7 7 5 8 8 7 7 7 5 6 1 2 6 7 4 6 1 7 
9 4 3 6 6 6 0 6 5 1 8 4 4 6 6 5 5 2 1 0 6 5 4 2 3 7 4 4 5 3 3 3 7 8 6 9 5 5 9 5 7 3 7 7 10 3 1 7 1 5 6 6 4 4 1 5 6 4 3 2 5 4 11 8 6 7 5 8 3 4 10 7 9 4 1 6 7 4 4 9 5 6 7 1 8 3 3 0 3 8 8 5 9 7 0 6 10 4 5 7 11 1 6 2 1 7 7 4 9 7 3 8 6 9 10 8 3 6 8 2 3 5 6 7 5 8 6 1 3 2 1 7 5 3 3 6 5 6 5 7 3 1 0 0 5 7 5 8 1 5 4 5 7 6 5 7 6 5 2 0 0 6 8 9 7 0 6 2 7 7 4 6 2 9 4 7 9 5 0 8 0 5 3 2 6 0 5 0 4 7 6 8 7 8 7 4 5 1 8 3 
5 6 3 4 8 8 3 7 7 3 3 4 7 3 0 7 0 7 4 4 8 1 3 7 2 2 6 2 0 0 6 6 7 3 4 5 5 1 6 2 8 3 5 7 7 3 5 9 7 8 7 0 0 1 6 0 0 3 6 6 1 6 7 6 6 3 0 4 2 5 6 2 6 5 6 7 5 6 7 5 0 3 6 7 5 3 6 4 2 8 6 5 7 8 4 1 5 2 0 9 7 5 8 7 5 1 1 0 7 3 1 2 0 4 6 3 6 0 2 1 5 0 5 6 0 9 8 5 3 3 3 5 8 3 1 4 6 3 1 6 3 5 3 5 0 6 5 6 7 1 3 8 3 3 2 7 0 1 6 6 5 3 9 7 8 3 2 4 6 9 0 7 7 6 5 1 6 5 3 4 4 1 3 3 7 4 8 3 7 9 0 9 6 6 9 7 2 3 6 6 
33 19 29 13 32 14 17 22 13 33 28 19 29 13 41 15 16 35 21 20 13 28 23 41 11 10 19 40 39 37 25 20 19 12 25 36 29 36 10 10 17 31 14 14 17 20 32 15 17 22 23 13 34 15 22 16 31 36 12 30 28 13 27 23 19 25 30 33 22 25 34 23 17 15 23 35 30 19 16 10 27 30 17 34 19 28 20 29 28 32 22 36 33 30 34 12 31 38 22 8 27 22 25 28 31 31 30 13 16 16 13 30 17 27 33 20 21 29 20 12 25 33 30 15 26 29 37 36 26 25 19 9 34 12 24 13 21 20 18 32 35 15 27 14 39 14 17 6 37 34 14 26 19 35 37 9 17 13 24 28 15 34 18 31 13 38 11 19 14 32 12 22 34 13 21 20 14 17 24 34 23 34 15 37 10 40 28 15 23 21 36 22 33 25 17 15 19 19 15 18 
9 4 3 7 6 5 2 5 4 2 9 5 2 6 8 4 6 0 1 1 5 5 5 0 4 8 4 5 7 5 2 2 6 9 7 9 4 6 9 6 6 3 7 6 10 4 2 6 2 4 5 7 5 6 0 7 8 5 3 1 7 4 11 7 6 8 7 9 4 3 11 9 9 3 0 5 7 4 3 10 7 7 7 1 9 4 2 2 4 7 9 4 10 6 1 6 10 6 7 6 11 0 6 0 1 8 9 5 9 8 4 9 7 10 11 8 1 7 9 4 2 6 6 7 6 7 5 0 4 3 3 7 4 4 4 6 4 7 7 7 4 2 2 2 6 6 4 8 2 5 4 4 8 6 5 6 8 7 1 1 2 6 6 9 7 1 6 2 6 6 5 6 0 8 3 8 10 5 2 8 2 6 4 3 5 2 4 1 3 6 7 7 7 8 7 3 6 2 9 3 
