50 
200 
123 1203
31 601
353 2064
85 985
71 1005
35 644
285 1827
105 1087
98 1058
98 1091
197 1591
191 1490
357 2014
348 2086
191 1399
87 982
76 1003
103 1128
215 1593
204 1540
40 707
96 1095
92 1053
310 1931
249 1689
281 1731
213 1637
24 502
227 1704
83 1009
98 1137
188 1451
222 1591
155 1383
87 1017
256 1747
65 892
53 818
184 1411
285 1893
98 1084
130 1274
87 954
132 1238
87 1028
242 1662
132 1235
179 1472
173 1428
69 899
34 14 10 8 14 18 7 31 25 14 15 29 31 22 8 16 19 6 33 13 7 19 19 5 13 17 22 5 27 21 30 10 33 34 5 10 10 29 14 26 34 19 21 14 9 29 29 10 21 31 12 28 21 14 16 6 19 5 20 5 18 31 24 21 24 28 10 24 28 23 30 33 34 12 10 31 29 29 26 34 21 25 19 7 27 10 30 32 21 33 20 8 10 13 5 21 18 6 17 19 19 30 13 18 9 28 15 33 13 5 33 34 33 8 23 30 27 8 34 22 14 11 20 15 32 16 7 12 11 33 18 29 19 9 5 22 12 5 34 33 12 19 32 8 31 11 32 20 5 31 24 8 29 25 19 28 12 13 23 29 22 24 8 28 25 27 7 18 31 17 15 8 26 26 20 20 6 26 8 6 23 16 20 17 7 11 34 25 29 19 34 31 24 9 6 26 8 13 26 13 
37 19 12 8 19 22 8 36 27 18 16 33 33 23 13 21 20 7 35 13 10 19 24 7 16 19 27 8 27 26 32 15 37 39 8 10 12 32 17 30 38 20 23 15 14 33 31 15 26 36 13 28 23 14 20 10 23 9 24 9 21 34 25 23 26 32 12 27 29 26 32 36 36 16 13 36 29 32 28 35 26 29 25 7 32 14 35 32 22 34 24 10 13 13 6 24 22 8 21 20 22 31 18 20 11 30 19 37 16 8 34 38 35 12 28 32 30 10 38 23 18 14 24 19 37 16 11 13 16 37 20 29 23 9 6 23 15 11 36 36 17 23 36 11 34 15 36 21 8 35 28 9 29 30 21 30 17 15 27 29 24 26 10 31 28 29 9 22 33 21 19 9 27 31 23 22 10 29 10 7 27 19 26 21 10 13 38 28 31 19 38 33 27 13 10 27 12 16 30 17 
137 62 45 33 59 74 30 130 105 58 63 123 124 91 35 70 76 27 136 54 32 79 84 24 57 69 95 26 110 89 120 47 138 144 23 43 44 117 60 110 142 79 86 58 43 122 120 47 90 129 52 111 84 58 70 25 83 26 86 26 77 127 99 88 97 116 45 102 115 97 120 133 140 50 45 130 116 119 104 136 91 106 84 31 115 47 126 128 88 135 87 35 46 53 22 90 78 28 73 75 78 124 56 74 39 115 66 137 54 25 136 138 133 35 99 124 112 32 142 91 62 44 82 61 136 65 31 52 47 139 75 119 82 38 23 87 51 28 140 137 56 83 135 34 129 49 130 83 23 130 102 36 118 105 77 112 53 57 98 116 93 101 33 114 106 111 29 78 124 74 67 32 107 111 81 85 30 109 32 27 98 69 88 74 34 49 140 101 121 79 143 127 98 43 26 104 36 57 109 53 
6 11 7 6 9 7 7 2 7 8 6 8 6 7 8 3 3 7 9 6 2 6 10 8 9 2 6 7 7 0 5 11 4 7 2 6 8 4 9 4 4 7 2 2 7 5 9 6 2 3 5 1 3 6 10 6 6 8 10 5 9 2 5 8 7 1 7 7 5 8 5 5 8 7 10 5 5 8 3 3 8 10 7 6 7 8 4 4 7 7 9 3 7 6 5 8 7 5 10 1 7 4 0 1 8 8 10 10 8 6 5 7 7 8 8 8 9 5 7 6 5 3 8 5 7 5 0 6 8 8 8 6 6 3 7 1 8 7 8 9 10 9 9 0 6 10 7 6 9 7 4 7 3 1 2 3 0 7 9 4 7 8 0 8 7 2 7 8 0 8 10 1 7 7 6 7 10 7 5 3 10 6 12 9 7 8 2 2 7 5 6 2 8 7 8 0 1 9 10 6 
74 38 26 21 36 42 20 63 56 35 34 65 67 50 24 34 41 18 73 31 15 43 47 17 34 35 49 16 59 42 65 30 69 74 11 25 26 62 36 55 71 44 42 29 24 62 65 25 43 64 27 56 44 33 40 18 43 17 49 14 44 63 51 49 54 56 26 54 60 53 65 70 75 31 29 66 62 65 54 70 49 59 44 19 60 26 63 67 47 72 47 17 26 31 13 49 42 16 43 39 45 63 26 36 25 63 39 75 33 15 69 75 72 23 52 67 62 21 74 49 32 24 47 34 70 37 14 29 29 72 43 63 43 20 16 45 31 16 75 74 33 46 71 16 67 31 71 44 18 68 51 22 60 51 39 58 24 32 54 61 50 54 16 63 56 55 20 43 62 41 38 17 58 58 46 46 21 58 20 13 54 37 50 42 19 29 68 52 63 41 73 63 55 24 19 52 16 34 61 32 
73 37 25 20 36 42 19 63 55 35 34 64 66 49 23 33 40 17 73 30 14 42 46 16 33 35 48 15 59 43 64 29 68 73 11 24 26 62 35 54 70 43 42 28 23 61 65 24 43 63 26 56 44 32 40 18 42 16 48 13 43 63 50 49 54 57 25 53 59 52 64 70 74 31 28 65 61 65 54 70 48 58 43 18 59 25 62 66 46 71 46 16 25 30 13 48 41 15 42 39 44 62 27 36 24 62 38 74 32 14 68 75 71 23 51 66 61 20 73 48 31 25 47 34 69 36 14 28 29 72 42 62 42 19 15 44 31 15 75 73 32 45 70 16 66 31 71 44 17 67 51 21 59 51 39 58 25 31 53 61 49 53 16 63 55 54 19 42 62 40 38 17 57 57 45 45 20 57 20 12 53 36 49 41 18 28 68 52 62 40 72 62 54 23 19 52 16 33 60 32 
137 62 45 33 59 73 31 130 105 58 64 124 125 91 35 70 76 28 137 55 32 79 84 24 57 69 96 26 111 89 121 47 138 144 23 43 44 116 61 110 142 80 86 58 43 122 121 47 90 129 52 111 84 59 70 25 83 27 86 26 78 127 99 88 97 116 45 102 116 98 120 132 141 50 45 131 117 119 104 136 92 106 84 31 116 47 126 128 88 135 87 35 47 54 22 91 79 29 74 75 78 124 56 74 39 115 66 138 55 26 136 138 134 35 100 125 112 33 143 92 63 44 83 61 136 65 31 52 47 139 75 119 82 38 23 87 51 28 141 138 56 83 135 34 130 50 130 84 24 131 102 36 118 105 77 112 53 57 99 116 93 101 32 115 106 111 29 79 124 75 67 31 108 112 81 85 30 110 32 27 98 70 88 75 34 49 140 100 122 79 143 127 99 43 26 104 36 57 110 53 
1 5 6 2 0 1 3 9 6 0 5 9 2 4 0 9 2 4 4 3 7 4 8 4 5 4 10 7 3 8 2 7 8 10 6 4 4 3 4 8 8 4 5 5 9 8 4 9 8 8 6 2 3 4 5 1 9 7 5 8 5 6 5 4 0 7 6 7 5 6 2 3 5 0 5 9 2 2 3 2 9 5 10 4 9 9 9 2 5 4 8 6 7 2 4 7 8 6 5 2 1 6 7 5 2 3 5 5 1 7 6 0 2 0 9 5 3 2 8 5 9 3 0 3 10 2 6 5 0 9 2 4 8 4 3 2 1 10 4 5 8 8 8 5 7 4 0 5 2 8 9 4 4 8 4 3 8 7 7 2 6 6 3 1 7 6 1 8 3 8 7 2 4 9 1 6 6 6 2 5 6 7 7 7 8 5 7 3 7 5 9 6 1 9 0 3 7 4 5 1 
39 19 9 11 21 25 9 37 24 21 16 30 36 25 15 21 22 7 36 14 11 18 22 6 16 21 25 5 29 28 35 14 36 37 10 12 11 35 17 29 38 21 24 16 11 32 31 13 27 36 12 31 26 16 19 13 22 6 24 7 20 36 24 24 29 34 10 24 30 23 35 39 36 19 14 35 32 34 31 38 23 29 23 7 30 12 34 35 21 35 21 10 11 16 8 21 19 6 21 23 24 31 20 22 12 32 18 37 18 6 33 41 37 15 25 31 31 12 36 23 17 16 27 22 35 19 12 11 18 35 22 29 20 11 8 25 16 9 36 35 14 21 33 13 32 16 39 21 10 32 27 9 31 31 23 32 19 13 25 32 22 24 12 33 25 29 12 19 35 18 17 12 27 28 26 20 9 26 13 8 25 17 24 19 8 12 39 30 29 19 36 34 29 10 13 30 14 15 30 20 
43 22 12 14 25 29 13 37 27 25 20 30 39 29 19 21 25 11 40 18 13 22 23 10 20 23 22 5 33 29 38 17 35 33 12 16 15 38 21 28 38 25 26 19 7 32 35 12 27 36 14 34 29 20 22 16 21 7 28 8 23 38 27 28 32 35 13 26 33 26 38 42 39 23 17 34 35 38 34 41 22 32 20 10 28 10 34 38 24 39 22 12 10 19 11 23 17 8 25 25 28 33 21 24 16 36 21 41 22 8 35 45 41 19 22 35 35 16 35 27 16 19 31 25 31 22 14 15 22 34 26 33 21 13 11 28 20 6 40 38 16 23 34 15 34 20 43 25 14 31 26 13 33 32 25 35 20 16 27 35 24 27 15 37 26 31 16 21 37 18 20 15 31 24 30 24 12 28 16 10 28 19 27 22 9 16 40 33 32 22 35 35 33 7 16 32 15 19 34 23 
38 19 12 9 20 23 8 36 27 19 15 33 33 24 14 20 20 7 36 14 10 19 24 7 16 18 26 7 28 26 33 15 36 38 8 10 12 33 17 29 37 21 22 14 13 32 32 14 25 35 12 29 23 15 20 11 22 8 25 8 21 34 24 24 27 32 12 26 28 25 33 37 36 17 14 35 30 33 28 35 25 30 24 8 31 14 34 33 22 35 23 9 13 14 6 24 21 7 21 20 23 30 18 20 12 31 19 37 17 7 33 39 36 13 27 33 31 10 37 23 17 14 25 19 36 17 10 12 17 36 21 30 22 9 7 23 16 10 37 36 17 23 35 11 33 16 37 20 9 34 27 10 29 30 21 30 17 15 27 30 24 26 10 32 28 28 10 21 33 20 19 10 28 30 24 22 10 28 11 7 27 18 26 21 9 14 37 28 31 18 37 33 28 12 11 28 12 16 30 18 
7 9 3 5 9 8 5 2 3 8 3 4 6 5 9 1 4 5 6 4 2 3 6 5 6 3 2 3 5 4 6 8 0 2 3 4 5 6 7 0 0 5 1 1 2 1 6 1 2 1 1 2 4 4 7 8 2 4 8 1 6 3 1 6 7 4 4 3 3 4 6 6 5 8 7 0 4 7 4 4 4 7 2 3 2 3 0 3 3 5 4 0 3 5 4 4 2 1 8 3 7 0 4 3 6 7 7 8 7 2 1 8 6 9 3 5 7 5 2 4 1 5 8 6 3 5 3 3 9 3 7 4 2 2 5 3 7 2 6 6 6 5 4 3 2 8 8 3 8 3 0 5 2 3 3 4 4 3 6 4 3 4 3 7 3 0 7 4 3 3 6 3 5 2 7 4 7 4 5 0 6 2 8 6 2 5 2 4 3 2 2 0 7 2 8 2 3 6 8 7 
6 6 0 3 8 7 2 6 0 7 2 1 5 3 8 5 4 2 4 2 4 0 3 2 3 4 2 0 2 7 5 4 3 2 5 3 2 6 4 3 4 3 3 2 1 2 3 3 5 5 0 3 5 3 3 7 2 1 5 2 3 5 0 4 5 6 0 0 2 1 6 6 2 8 4 3 3 6 5 4 1 4 3 0 2 1 4 3 0 3 1 2 0 3 3 0 0 0 5 4 6 1 7 4 4 5 4 5 6 1 0 8 5 8 1 2 4 5 1 2 2 6 7 7 2 3 5 0 8 1 5 1 1 2 3 4 5 3 3 2 3 2 1 5 1 6 7 2 6 0 2 2 2 6 4 4 7 0 2 3 0 0 5 6 0 2 6 0 4 0 2 4 2 2 7 0 3 0 5 2 3 0 5 2 0 2 5 6 0 0 2 3 5 1 7 4 5 3 5 7 
3 4 2 0 5 4 0 6 2 4 1 4 2 0 5 5 1 0 2 0 4 0 5 1 2 2 5 3 0 6 2 4 4 5 4 0 1 4 2 4 5 0 2 2 5 4 2 5 6 5 2 1 3 0 3 4 5 3 4 4 3 4 1 2 2 5 2 3 1 2 2 4 2 4 3 5 0 3 2 2 5 4 6 0 5 4 5 0 1 0 4 2 3 0 1 3 4 2 3 2 3 2 6 3 1 2 3 3 3 3 1 4 2 4 5 2 2 2 4 0 5 3 4 4 5 0 4 1 5 4 2 0 4 1 0 1 2 6 2 2 5 4 4 4 3 4 4 1 3 4 5 1 1 6 2 2 6 2 3 0 2 2 3 3 3 2 2 3 2 4 4 2 1 5 3 2 3 2 2 2 3 3 5 3 3 2 4 3 2 0 4 3 2 4 4 2 5 2 3 4 
6 6 0 4 8 8 3 5 0 8 2 1 5 4 8 5 4 2 4 2 4 0 3 2 4 4 2 0 3 6 5 5 2 2 5 3 2 7 5 2 3 3 3 3 1 2 3 2 5 4 0 3 5 3 4 8 1 1 5 2 3 5 0 4 6 6 1 0 2 1 6 7 3 8 5 2 4 6 5 4 1 5 3 1 2 1 4 3 1 3 1 2 0 4 4 0 0 0 5 4 6 1 6 4 4 5 4 5 6 0 0 8 5 8 1 3 5 5 0 2 2 6 8 7 2 4 5 0 8 1 5 2 0 2 4 4 5 3 3 3 3 2 1 5 0 6 8 2 6 0 2 2 2 6 4 5 7 1 2 4 0 1 5 6 0 2 6 1 4 0 3 4 3 1 7 1 4 0 5 2 3 0 5 3 0 2 5 6 0 1 1 3 6 0 8 4 5 4 5 7 
6 8 3 4 9 8 4 3 3 8 3 3 5 5 8 2 3 4 6 4 2 2 5 4 6 3 2 2 4 4 5 7 0 2 3 3 4 6 6 0 1 4 1 1 2 0 5 1 3 2 0 2 4 4 6 7 1 4 7 0 5 3 1 6 6 4 3 2 2 4 6 6 5 8 7 1 4 7 4 4 3 7 2 3 2 2 1 3 3 4 4 0 2 4 3 3 2 0 7 3 7 0 4 3 6 6 6 7 7 1 0 8 6 8 2 5 6 5 2 3 1 5 8 6 2 4 3 2 8 3 6 3 1 1 5 2 6 2 5 5 5 5 4 3 1 8 8 3 7 2 0 4 1 3 3 4 4 2 5 3 3 3 3 7 2 0 6 3 3 3 5 3 4 2 7 3 6 3 5 0 6 2 8 5 2 4 3 4 2 1 1 0 7 2 8 3 3 6 7 7 
75 39 27 22 37 43 21 63 57 36 35 66 68 51 25 34 42 19 74 32 16 44 48 18 35 36 50 17 60 42 66 31 69 74 12 26 27 63 37 55 71 45 43 30 24 63 67 25 43 64 28 57 45 34 41 19 44 18 50 15 45 64 52 50 55 57 27 55 61 54 66 71 76 32 30 67 63 66 55 71 50 60 44 20 61 27 63 68 48 73 48 18 27 32 15 49 43 16 44 39 46 63 26 37 26 64 40 76 34 16 70 76 73 24 53 68 63 22 74 50 33 25 48 35 71 38 14 30 30 73 44 64 44 21 17 45 32 16 76 75 34 47 72 17 68 32 72 46 19 69 52 23 61 50 40 59 24 33 55 62 51 55 17 64 57 56 21 44 63 41 39 18 59 58 46 47 22 59 21 14 55 38 51 43 20 30 69 53 64 42 74 63 56 24 20 53 17 35 62 33 
71 36 26 19 33 39 18 67 56 32 35 66 65 49 21 37 39 17 72 30 17 43 47 16 33 34 52 17 58 45 63 29 71 76 12 24 26 59 35 58 73 43 44 30 26 64 65 27 46 67 29 55 41 32 40 15 45 18 48 16 43 64 52 48 51 58 26 55 60 53 62 67 74 28 27 69 60 63 51 68 50 58 46 19 62 28 66 66 47 71 48 19 27 30 13 49 43 17 42 36 42 64 29 37 23 61 38 74 31 16 71 72 70 21 54 67 60 19 75 49 35 21 44 31 72 35 15 29 26 74 41 63 45 20 15 43 29 18 74 73 33 46 72 17 68 30 68 45 16 70 54 22 60 54 38 56 27 32 54 60 51 55 15 61 57 57 17 44 60 42 39 14 57 60 43 46 20 59 18 15 54 38 50 42 21 29 71 49 64 42 75 65 53 26 16 51 19 33 59 29 
35 20 16 10 16 18 10 39 31 15 20 38 33 26 9 24 21 10 38 17 13 23 28 10 18 20 31 12 30 28 32 18 41 43 10 14 15 31 19 34 42 24 25 18 18 37 34 19 28 38 18 29 22 18 22 6 28 13 26 13 24 36 29 26 25 33 16 31 33 30 31 35 39 12 16 39 31 32 27 36 30 31 29 11 36 19 38 34 26 37 28 13 18 15 9 29 26 12 23 20 21 35 19 22 12 31 21 39 15 12 39 34 35 9 32 35 31 10 42 27 22 12 21 16 42 18 11 17 12 42 21 33 27 13 9 23 15 15 39 39 21 27 40 12 38 17 32 25 8 39 32 13 33 32 22 30 18 20 31 31 29 30 10 30 32 32 8 26 33 25 23 9 30 35 20 27 12 33 10 11 30 23 28 25 15 17 40 27 36 23 43 36 26 18 7 28 14 18 32 13 
3 4 2 0 5 5 0 6 2 4 0 4 2 1 5 5 1 1 2 0 4 0 5 1 2 2 5 3 0 6 2 4 4 5 4 0 1 4 2 4 4 1 2 1 4 4 2 4 5 5 1 1 3 0 3 4 4 3 4 4 3 4 0 2 2 5 1 2 1 2 3 4 2 5 3 5 0 3 3 2 4 4 6 0 5 4 5 0 0 1 3 2 3 0 1 3 3 2 3 2 3 1 5 3 2 2 4 3 3 3 1 5 2 5 4 2 3 2 4 0 4 3 4 4 5 0 4 0 5 4 2 0 3 1 1 1 3 6 2 2 4 4 3 4 3 4 5 0 3 3 4 1 0 6 2 2 6 2 3 1 2 2 3 3 3 2 3 3 2 3 4 2 1 4 4 2 3 2 2 2 3 3 5 3 3 2 4 3 2 0 4 3 3 4 4 2 5 2 3 4 
5 9 5 4 7 6 5 2 5 6 4 6 4 5 7 2 2 5 7 4 0 4 8 6 7 0 5 5 5 1 4 9 2 5 0 4 6 3 7 2 2 5 0 0 5 3 7 4 1 1 3 0 2 4 8 6 5 6 8 3 7 0 3 7 5 0 5 5 3 6 4 4 6 6 8 4 3 7 2 2 6 8 5 4 5 6 3 2 4 5 7 1 6 4 3 6 5 3 8 0 6 2 1 0 6 6 8 8 6 4 3 6 5 7 6 6 7 4 5 4 4 2 7 4 6 4 0 4 7 6 6 4 4 1 5 0 6 5 6 7 8 7 7 0 4 8 6 4 7 5 3 5 1 1 0 1 1 5 7 2 5 5 0 6 5 0 5 6 0 6 8 0 5 5 5 5 8 5 4 1 8 4 9 7 5 6 0 2 5 2 5 0 6 5 6 0 0 7 8 5 
103 49 36 26 45 55 24 100 81 44 50 95 94 70 26 55 58 22 104 42 26 61 66 20 45 53 75 22 84 69 91 38 106 111 19 34 35 88 47 85 109 61 66 45 35 94 92 38 69 99 41 84 64 46 54 18 65 22 66 22 60 97 76 68 73 89 36 79 88 75 91 100 107 37 36 101 88 90 78 103 72 82 66 25 90 38 97 97 68 103 68 28 37 41 18 70 62 24 57 57 59 95 44 57 30 88 52 105 42 22 104 103 101 26 78 95 85 25 110 71 50 33 62 45 105 50 24 41 35 107 57 91 64 30 19 66 39 24 107 105 45 65 104 27 100 39 97 65 19 101 79 29 90 81 59 85 41 45 76 88 72 78 25 87 82 85 22 62 94 59 53 24 82 87 60 66 25 84 25 22 76 55 68 59 28 39 107 76 93 61 110 97 75 35 20 79 29 44 84 39 
39 20 12 10 21 24 9 35 27 20 16 32 34 25 15 19 21 8 37 15 9 20 24 8 17 18 25 7 29 25 33 16 35 37 8 12 13 33 19 28 36 22 22 14 12 31 33 12 24 34 12 29 24 16 21 12 21 8 26 7 22 33 23 25 28 31 12 26 28 26 34 37 37 18 15 33 31 34 29 36 25 31 23 8 30 13 33 33 22 36 24 8 13 16 6 24 21 6 23 21 24 29 17 20 13 32 20 38 18 6 33 40 37 14 26 33 32 11 36 24 16 14 26 20 36 18 10 13 18 36 22 31 21 9 8 23 17 9 38 37 17 23 35 10 32 17 38 21 10 34 26 11 29 29 21 30 16 15 27 31 24 26 10 33 27 27 11 21 33 20 20 10 29 29 25 22 11 28 11 6 28 18 27 21 9 14 36 28 31 18 36 32 29 12 12 28 11 17 31 19 
38 17 11 9 19 24 7 38 26 19 17 32 35 23 14 23 22 5 34 12 13 17 22 4 13 21 27 7 27 29 34 12 38 39 11 12 9 35 15 31 40 20 25 17 13 34 29 15 28 37 14 31 26 16 17 12 24 7 22 10 19 37 26 22 27 35 10 26 31 24 34 39 34 18 11 37 31 32 30 38 25 27 25 5 32 14 36 34 21 34 22 11 12 14 8 23 21 8 19 23 23 33 20 23 10 30 16 35 16 8 35 40 36 13 27 30 28 12 38 23 19 16 25 21 37 17 13 12 17 37 20 28 23 12 6 25 14 11 34 33 15 21 34 14 34 14 37 22 8 34 29 7 31 33 23 32 20 15 25 31 23 24 13 31 27 31 11 21 35 20 17 12 25 30 25 22 7 27 12 9 24 19 23 19 10 11 40 30 31 20 39 35 27 13 11 30 15 13 28 18 
7 10 5 5 9 8 6 0 5 8 4 6 6 6 9 0 4 6 8 5 1 5 8 7 8 2 4 5 6 2 6 9 1 4 2 5 6 5 8 1 1 6 1 1 4 3 8 3 0 0 3 2 4 5 8 7 4 6 9 3 8 2 3 8 7 2 6 5 4 6 6 6 7 8 9 3 5 8 4 3 6 9 4 5 5 5 1 4 5 6 7 1 5 6 4 6 5 3 9 2 8 2 2 2 7 8 9 9 8 4 3 8 7 9 5 7 8 6 5 5 3 4 9 6 5 5 1 4 9 5 7 5 4 2 6 2 8 4 7 8 8 8 7 1 4 10 8 4 9 5 2 6 2 0 2 3 2 5 8 4 5 6 2 8 5 1 7 6 2 6 8 2 6 4 7 6 9 6 6 1 8 4 10 8 5 7 1 4 5 3 4 0 8 4 8 1 1 8 9 7 
7 8 2 4 9 8 4 4 2 8 3 2 6 5 9 3 4 4 5 3 3 2 5 4 5 4 1 1 4 5 6 6 1 1 5 4 4 6 6 1 2 4 2 2 1 0 5 0 4 3 0 3 5 4 5 8 0 3 7 0 5 4 1 6 6 5 2 1 3 3 6 7 4 8 6 1 4 7 5 4 2 6 1 2 1 1 2 4 2 4 3 1 1 4 4 2 1 0 7 4 7 0 5 4 6 6 6 7 7 1 0 9 6 9 1 4 6 6 1 3 0 6 8 7 1 4 4 2 9 1 6 3 0 2 5 3 7 2 5 5 5 4 3 4 1 8 8 3 7 1 0 4 2 4 4 4 5 2 4 4 2 3 4 7 1 1 7 2 4 2 4 4 4 1 7 2 5 2 6 1 5 1 7 4 1 4 4 5 2 1 0 1 7 1 8 4 4 5 7 8 
0 5 4 0 3 2 1 6 4 2 3 7 0 2 2 6 0 3 3 2 5 2 7 3 4 2 7 5 1 6 0 6 6 7 4 2 3 2 3 6 6 3 3 2 7 6 4 7 6 6 4 0 1 2 5 2 7 6 5 6 4 4 3 3 0 5 4 5 3 5 0 2 4 2 4 7 0 2 1 0 7 5 8 2 7 7 7 0 3 2 6 3 6 0 2 6 6 4 4 0 1 4 5 3 2 2 5 4 1 5 4 2 0 2 7 4 3 0 6 3 6 1 2 2 8 0 4 3 2 7 2 2 6 2 2 0 2 8 3 4 7 6 6 3 5 4 2 3 2 6 6 3 2 6 2 1 6 5 6 0 5 4 2 2 5 3 0 6 1 6 6 1 3 7 1 5 5 5 0 3 5 5 7 6 6 4 5 2 5 2 7 4 1 6 2 1 5 4 4 1 
8 8 2 6 10 9 5 4 2 10 4 2 7 6 10 3 5 5 6 5 4 3 5 5 6 5 0 1 5 6 7 7 1 0 5 5 5 8 7 1 2 5 3 3 0 1 6 0 4 3 1 4 6 5 6 9 0 3 8 1 5 5 2 7 8 6 3 2 4 4 7 8 5 10 7 1 5 8 6 5 2 7 0 3 0 1 2 5 3 6 3 2 1 6 5 2 0 1 8 5 8 1 6 5 7 7 7 8 8 2 1 10 7 10 1 5 7 7 1 4 1 7 10 8 0 5 5 3 10 2 7 4 1 3 6 4 8 0 6 5 5 5 3 5 2 8 10 4 9 1 0 5 3 5 5 6 6 3 5 5 2 3 5 8 1 2 8 3 5 2 5 5 5 0 9 3 6 3 7 2 6 2 8 5 2 5 5 6 3 2 0 2 8 0 9 5 5 6 8 9 
212 90 60 53 93 117 46 193 150 93 94 173 193 137 57 102 119 39 203 81 48 115 116 33 82 108 134 28 166 134 187 64 201 206 37 64 62 182 89 159 209 118 131 88 54 177 178 63 133 192 73 173 133 88 100 45 116 30 125 33 111 193 146 131 151 176 61 143 172 139 187 206 207 81 65 190 179 181 163 210 126 155 117 43 164 60 185 197 128 202 120 51 58 83 35 125 107 37 108 120 121 182 86 114 59 174 94 203 85 32 199 213 204 57 138 183 167 55 205 136 87 73 129 99 193 101 49 73 76 198 114 176 116 58 35 137 78 33 208 201 74 116 192 55 188 72 201 124 37 185 147 51 178 157 120 174 80 80 140 179 132 145 54 175 148 166 49 108 192 101 92 54 159 156 128 122 40 156 55 39 141 98 125 104 43 68 210 157 176 116 206 190 151 54 45 162 55 82 162 87 
7 3 3 4 8 9 3 11 3 8 5 4 7 5 8 10 7 2 3 3 9 1 2 2 3 8 7 2 3 11 7 0 8 7 9 5 2 9 3 8 9 4 8 7 5 7 1 8 10 10 5 7 8 5 0 9 7 2 2 7 0 9 5 3 6 10 2 3 6 1 8 9 1 8 3 8 5 5 8 7 5 0 8 1 7 5 9 6 3 4 3 7 2 4 7 3 4 5 3 7 6 6 11 8 3 5 0 3 6 6 5 8 6 8 5 1 3 7 6 5 8 8 8 9 6 5 10 3 9 5 5 3 6 6 5 7 4 8 1 0 2 2 2 9 6 3 8 5 5 3 8 2 6 11 8 8 11 5 2 6 3 2 8 6 2 7 7 4 8 3 2 8 2 5 8 4 0 2 7 7 0 6 0 2 6 1 10 9 5 5 7 8 6 4 8 8 10 1 3 9 
75 38 25 21 37 44 20 62 55 36 34 64 68 50 25 32 42 18 74 31 15 42 46 16 34 36 47 15 60 44 66 29 67 72 12 25 26 63 36 53 69 44 43 29 22 60 65 23 42 62 27 58 46 33 40 20 41 16 49 13 44 64 51 50 55 58 25 53 60 52 66 72 75 32 29 64 63 66 56 72 48 59 42 19 58 25 61 68 47 72 46 17 25 32 14 47 40 15 43 40 46 62 28 38 25 64 39 75 34 14 69 76 73 25 51 67 62 22 72 49 31 26 49 36 68 37 16 28 31 71 43 63 42 20 16 46 32 14 75 73 32 45 70 18 66 32 72 44 19 67 49 22 60 51 40 59 26 31 53 62 49 54 18 64 55 54 21 42 64 39 38 19 58 56 47 45 20 57 22 13 54 36 50 42 18 29 69 54 63 41 72 62 56 22 20 54 17 34 61 33 
37 18 11 9 19 23 7 37 26 19 15 33 34 23 13 21 20 6 35 13 11 18 23 6 15 19 27 7 27 27 33 14 37 39 9 10 11 33 16 30 38 20 23 16 13 33 31 14 26 36 13 29 24 14 19 11 23 8 24 8 20 35 24 23 27 33 11 26 29 25 33 37 35 17 13 35 30 32 29 36 25 28 24 7 31 14 35 33 21 34 23 10 13 14 6 23 21 7 20 21 22 31 19 21 11 30 18 36 16 7 34 39 35 13 27 31 30 11 37 22 18 14 25 20 37 17 11 12 16 37 20 29 22 10 6 24 15 10 36 35 16 22 35 12 33 15 37 20 9 34 28 9 30 31 21 30 18 14 26 30 23 25 11 31 27 29 10 21 33 20 18 10 27 30 24 21 9 28 11 8 26 18 25 20 10 13 38 29 31 19 38 34 27 12 11 28 13 15 29 18 
4 1 3 1 4 5 0 9 3 4 3 5 4 2 5 8 4 0 0 0 7 0 4 0 0 5 7 3 0 9 4 2 7 7 7 3 0 6 0 7 8 2 5 5 6 7 0 7 8 8 4 4 5 3 1 5 7 3 1 6 1 7 3 0 2 8 2 3 4 2 4 6 0 5 0 7 2 2 5 4 6 1 8 0 7 5 8 3 2 2 4 5 4 1 4 4 5 4 0 4 3 4 9 6 0 1 1 0 3 5 4 5 3 4 6 0 0 4 6 3 7 5 4 6 7 1 7 2 5 6 2 1 6 4 2 4 1 8 0 1 4 3 4 7 5 1 5 3 2 4 7 0 4 9 5 5 9 4 3 3 3 2 5 2 3 5 4 4 5 4 3 5 0 6 5 3 1 3 4 5 1 5 3 3 5 1 7 6 4 3 6 6 2 5 4 5 8 0 0 5 
1 7 7 2 2 0 4 7 7 1 5 9 2 4 2 8 2 5 5 4 6 5 9 5 6 3 9 8 4 6 2 8 8 10 5 4 6 2 5 8 8 5 4 4 9 8 6 9 7 7 6 1 1 4 7 0 9 8 7 8 7 4 5 5 1 5 6 8 5 7 2 1 6 1 6 8 2 4 1 1 9 7 10 5 9 9 8 2 5 5 9 5 8 3 4 8 8 6 6 1 2 6 6 3 4 4 7 6 3 7 6 1 2 2 9 6 5 2 8 5 8 1 2 1 10 2 4 5 1 9 3 5 8 4 4 1 3 10 6 6 9 8 8 4 7 6 1 5 4 8 8 5 4 7 3 2 6 7 8 2 7 7 2 3 8 5 2 8 1 8 9 1 5 9 0 7 7 7 2 5 7 7 9 8 8 6 6 1 7 5 9 5 3 9 1 1 6 6 6 0 
37 18 12 8 19 23 7 37 27 18 15 33 33 23 13 21 20 6 35 13 11 19 23 6 15 19 27 7 27 27 32 14 37 39 9 10 11 33 16 30 38 20 23 15 13 33 31 14 26 36 13 29 24 14 19 10 23 8 24 9 20 35 24 23 26 33 11 26 29 25 33 37 36 17 13 36 29 32 29 36 25 29 25 7 32 14 35 33 21 34 23 10 13 13 6 24 21 8 20 21 22 31 19 21 11 30 18 36 16 8 34 39 35 13 27 32 30 10 38 22 18 14 25 19 37 16 11 12 16 37 20 29 22 10 6 23 15 11 36 35 16 22 35 12 34 15 37 20 8 34 28 9 29 31 21 30 18 15 26 30 24 26 11 31 28 29 10 21 33 20 19 10 27 30 24 22 9 28 10 8 26 19 25 20 10 13 38 28 31 19 38 34 27 13 10 28 13 15 29 17 
70 31 24 16 30 39 15 70 54 30 34 65 64 46 18 40 40 14 68 27 21 40 44 12 29 38 52 15 55 50 62 25 73 76 16 23 22 62 30 60 76 40 47 32 25 65 60 28 50 70 29 58 45 31 35 15 46 15 43 17 39 68 52 44 48 63 24 53 60 50 62 70 71 26 23 70 59 58 55 71 50 53 47 16 62 27 68 66 45 68 46 21 26 26 14 48 42 17 37 41 38 65 33 41 18 57 33 69 26 16 71 70 67 18 54 63 55 18 75 47 36 25 42 34 72 32 20 27 25 73 36 60 45 22 12 46 24 19 70 69 30 44 70 21 68 24 66 44 10 68 56 18 61 58 42 59 32 31 51 60 48 52 20 56 55 59 15 42 65 40 36 19 54 60 42 45 15 57 18 17 50 38 45 39 20 25 75 54 63 41 75 68 48 25 14 55 23 28 54 29 
7 7 0 4 9 8 4 6 0 8 3 0 6 4 9 5 5 3 5 3 4 1 3 3 5 5 1 0 3 7 6 5 2 1 6 4 3 7 5 2 3 4 4 3 0 2 4 2 5 5 0 4 6 4 4 8 1 1 6 2 3 5 1 5 6 6 1 0 3 1 6 7 3 9 5 2 4 7 6 5 0 5 2 1 1 0 4 4 1 4 1 2 0 4 4 0 0 0 6 5 7 1 7 5 5 6 5 6 7 1 0 9 6 9 0 3 6 6 0 3 2 6 8 8 1 4 6 1 9 0 6 2 0 3 4 4 6 2 4 3 3 2 1 5 1 7 9 3 7 0 2 3 3 6 5 5 7 1 3 4 0 1 5 7 0 3 7 1 5 0 3 5 3 0 8 2 4 1 6 2 3 1 6 3 0 3 5 6 1 1 1 3 7 0 8 5 6 4 6 8 
77 37 23 22 39 46 20 67 53 38 35 59 70 50 27 36 44 17 73 31 19 41 43 15 33 40 43 11 60 49 68 27 67 67 16 25 25 66 35 53 71 44 46 32 17 60 64 21 47 66 26 61 49 34 38 22 39 13 48 12 42 68 51 49 56 63 23 50 60 50 68 75 73 34 28 64 64 67 59 74 43 57 39 17 54 20 63 70 46 72 42 19 21 32 16 44 36 13 42 44 47 62 33 42 25 64 37 74 35 12 68 79 74 27 46 65 62 24 69 49 30 30 50 39 63 38 20 27 33 68 44 62 40 22 16 49 32 11 74 71 29 42 67 22 64 31 74 45 19 62 49 21 62 56 44 62 31 29 51 64 47 51 22 65 51 57 23 39 68 36 35 22 57 51 49 44 18 55 24 15 51 34 48 39 16 27 74 57 61 41 69 65 57 17 22 58 22 32 60 36 
108 50 33 28 50 61 25 95 78 50 48 91 98 71 32 49 60 22 105 43 22 60 63 20 45 53 68 18 85 67 95 37 99 104 18 33 34 92 48 78 102 62 64 43 29 88 93 31 65 94 37 86 67 46 54 25 59 19 68 16 60 96 73 69 78 87 33 75 86 73 95 105 107 44 37 94 91 94 82 105 67 82 59 24 84 33 91 99 66 104 64 24 33 43 18 66 57 19 58 60 64 90 43 56 33 90 52 106 46 17 100 110 105 32 72 95 88 29 104 70 43 37 68 51 99 52 24 38 41 102 60 90 59 28 20 68 43 18 108 105 42 62 100 27 95 41 104 63 22 96 72 28 88 78 59 87 40 42 74 90 69 76 27 91 78 81 27 58 95 54 51 27 83 81 67 63 24 81 29 18 75 50 68 57 23 38 104 79 90 58 104 93 79 29 26 80 27 45 85 46 
7 4 1 4 8 8 3 9 1 8 4 2 6 4 8 8 6 1 3 2 7 0 0 1 2 6 5 0 3 10 6 1 6 5 8 4 1 8 3 6 7 3 6 5 3 5 1 6 8 8 3 5 7 4 1 8 5 0 3 5 0 8 3 3 6 9 0 1 4 0 7 8 1 8 3 6 4 5 7 6 3 2 6 0 5 3 7 5 1 4 0 5 0 4 5 1 2 3 3 6 6 4 9 7 3 5 1 3 6 4 3 8 6 8 3 1 3 6 4 3 6 8 8 9 4 4 8 2 9 3 5 2 4 5 4 6 4 6 1 0 0 0 0 8 4 4 8 4 5 1 6 1 4 9 6 7 10 3 0 5 1 0 7 6 0 5 7 2 6 1 0 7 2 3 8 2 1 0 7 5 0 4 2 0 4 0 8 8 3 3 5 6 6 2 8 6 9 1 3 8 
3 5 2 1 5 4 1 5 2 4 0 4 2 2 5 4 0 1 3 1 3 1 5 2 3 1 5 3 1 5 2 5 4 5 3 0 2 3 3 4 4 1 1 1 4 3 3 4 4 4 1 0 2 0 4 4 4 4 5 3 3 3 0 3 3 4 2 3 0 3 2 3 3 5 4 4 0 3 2 1 5 5 5 1 5 4 4 0 1 1 4 1 3 1 0 3 4 1 4 1 3 1 5 2 2 3 4 4 3 3 1 5 2 5 4 3 3 2 4 1 4 2 5 4 5 1 3 1 5 4 3 1 3 0 1 1 3 5 3 3 5 4 4 3 3 5 5 0 4 4 4 2 0 5 1 1 5 2 4 0 2 2 2 3 3 1 3 3 1 4 4 1 2 4 4 2 4 3 2 1 4 3 6 4 3 3 3 2 2 0 4 2 3 4 4 1 4 3 4 4 
42 19 11 13 23 27 11 40 26 23 19 30 38 27 17 24 25 8 37 16 14 19 19 7 17 24 26 4 30 31 37 12 39 38 13 15 12 38 18 32 41 23 27 20 11 34 31 15 29 39 15 34 29 19 18 15 23 4 24 10 19 39 27 25 31 37 11 25 33 23 38 42 36 21 14 37 34 35 34 41 24 28 24 8 31 12 37 38 23 37 20 13 9 18 11 21 19 9 21 26 26 34 23 25 13 34 17 37 20 9 36 43 40 17 25 32 31 15 37 26 19 19 29 24 35 21 15 14 21 36 24 31 23 14 10 28 17 10 36 34 12 20 31 16 35 16 41 24 12 31 29 10 34 34 26 35 22 16 24 35 23 24 15 35 24 32 14 20 38 17 16 15 28 28 29 23 8 26 15 11 24 19 23 18 10 12 42 33 32 22 38 37 31 10 15 33 17 15 30 22 
41 24 15 13 23 25 13 31 30 22 19 35 36 28 17 16 22 12 41 18 8 24 27 12 21 19 26 10 33 22 35 19 34 38 7 15 16 34 22 27 35 25 22 15 13 32 37 13 21 31 15 29 24 19 24 13 23 11 29 8 26 33 27 29 31 30 16 29 32 29 36 38 41 20 19 34 34 37 29 37 27 34 23 12 32 15 32 36 26 39 27 9 15 19 9 27 23 9 26 21 26 32 15 19 16 35 24 42 21 9 36 42 39 16 28 37 35 13 39 27 17 15 28 21 37 21 8 16 19 39 25 34 23 11 11 24 20 10 41 41 20 27 39 9 35 21 40 24 13 36 26 14 31 25 21 31 13 18 31 33 27 30 9 36 30 28 14 24 32 23 23 10 32 31 27 26 15 32 13 7 31 21 30 25 12 18 35 28 34 22 38 31 32 14 14 27 9 21 35 20 
74 36 24 20 36 43 18 64 54 35 33 62 67 49 24 33 41 16 72 30 15 41 45 15 32 36 47 14 58 45 65 28 67 71 12 23 25 63 35 53 69 43 42 28 21 59 64 22 43 63 25 57 45 32 39 19 41 15 48 11 42 64 49 48 54 58 24 52 58 51 65 71 73 31 27 64 61 65 55 71 46 57 41 17 57 24 61 67 45 71 45 15 24 30 13 46 39 13 41 40 44 60 29 37 24 62 37 73 33 12 67 75 71 24 50 65 61 20 71 48 30 26 47 35 68 36 16 27 30 70 42 62 41 19 15 45 30 13 74 72 31 44 69 18 64 30 71 43 17 66 49 21 59 52 40 59 27 29 52 61 48 52 18 63 54 53 20 40 63 38 36 18 57 55 46 44 19 56 21 12 52 35 48 40 17 27 69 53 61 39 71 61 54 21 19 53 18 32 59 32 
35 18 15 9 15 20 8 39 30 15 19 36 33 24 9 24 21 9 36 15 13 22 26 8 17 20 31 11 29 28 32 16 41 43 11 13 13 32 17 34 42 22 25 18 17 36 32 18 29 39 17 30 24 17 20 8 27 11 24 12 22 36 28 24 23 34 14 30 32 28 32 36 37 13 14 39 30 30 29 36 29 29 28 9 36 18 38 34 25 36 27 13 16 14 8 27 25 11 21 21 19 35 20 22 10 29 19 37 13 11 38 35 34 9 31 34 29 10 41 26 22 14 21 18 41 17 12 16 13 41 19 32 26 12 7 24 12 14 37 37 19 25 38 13 37 14 33 24 6 38 32 11 32 33 23 31 19 18 29 30 27 29 11 28 31 32 8 25 34 24 21 10 29 34 22 25 10 31 10 11 28 22 26 23 14 15 40 28 35 23 42 36 24 16 7 29 15 16 30 15 
75 34 20 20 37 44 18 68 50 36 33 58 68 48 25 37 43 15 71 29 19 39 41 13 30 39 45 9 57 49 66 25 68 69 16 24 23 65 33 54 72 42 46 31 18 60 62 22 47 67 24 60 48 32 36 20 39 11 46 12 39 67 49 47 54 62 21 48 59 47 66 73 71 33 25 64 62 65 58 73 42 55 40 15 55 20 64 68 43 70 41 18 20 30 14 42 36 12 40 43 45 61 33 41 23 62 35 72 33 11 66 77 72 25 46 63 59 22 68 47 30 28 48 38 65 36 20 25 31 66 42 60 38 21 14 48 30 12 72 69 27 40 65 21 63 29 73 43 17 62 50 19 61 56 43 61 31 27 49 62 44 49 21 63 50 57 21 37 67 34 33 21 55 53 48 42 16 52 22 14 49 33 45 37 14 25 73 56 59 39 69 65 55 18 20 57 22 30 58 34 
2 3 4 0 2 3 0 8 4 2 3 6 2 1 2 8 2 2 2 1 6 2 6 2 2 4 8 5 1 8 2 5 7 8 6 3 2 4 2 7 7 2 4 4 7 7 2 8 8 7 4 2 3 2 3 3 7 5 3 7 3 5 3 2 0 7 3 5 4 4 2 4 2 3 2 8 0 0 3 2 7 3 9 1 8 7 8 2 3 2 6 4 5 0 3 5 6 5 2 2 0 4 7 4 0 0 3 2 0 6 4 2 1 2 7 2 1 2 7 3 7 3 2 4 8 0 6 3 3 7 0 2 6 3 2 2 0 9 2 3 6 5 5 5 6 2 2 3 0 6 7 2 3 8 4 3 8 5 5 1 4 4 4 0 5 5 1 6 3 6 5 3 1 7 2 4 3 4 2 4 4 6 5 5 6 3 6 4 5 3 7 5 0 7 2 3 7 2 2 3 
35 19 13 8 18 21 8 37 28 17 17 35 31 24 12 21 18 8 36 14 11 21 25 8 16 18 28 9 28 26 30 16 38 40 8 11 13 31 17 31 39 21 23 15 15 34 32 16 26 36 15 28 22 15 20 9 25 10 25 10 22 34 26 24 25 32 13 28 30 27 31 35 37 15 14 37 28 32 27 34 27 30 26 9 33 16 35 31 23 35 25 10 15 13 6 26 23 9 21 19 21 32 18 20 11 30 20 37 15 9 35 37 34 11 29 33 30 8 39 24 19 12 23 17 38 16 10 14 15 39 20 31 24 10 6 22 14 12 37 37 18 24 37 11 35 16 35 22 8 36 29 10 30 30 20 29 17 17 28 28 26 27 9 30 29 29 8 23 32 22 20 9 28 32 22 24 11 30 9 8 28 20 26 22 12 15 38 27 33 20 39 34 26 14 9 27 12 16 30 15 
1 7 6 2 3 1 3 6 6 2 4 8 1 4 3 6 1 4 5 3 5 4 9 5 6 1 8 7 3 5 1 8 6 8 3 4 5 0 5 7 7 4 3 3 8 7 5 8 6 6 5 0 0 3 6 1 8 7 7 7 6 3 4 5 1 4 6 7 4 6 1 0 5 2 6 7 1 4 0 0 8 7 9 4 8 8 7 1 5 4 8 4 7 2 3 7 7 5 6 0 2 4 5 2 3 4 7 6 3 6 5 2 2 2 8 5 5 1 7 4 7 0 2 0 9 2 3 5 2 8 3 4 7 3 4 0 3 9 5 6 9 8 8 2 6 6 2 4 4 7 7 5 3 6 1 0 5 6 7 1 6 6 1 3 7 4 1 7 0 7 8 0 4 8 0 6 7 6 1 4 7 6 9 7 7 6 5 0 6 4 8 4 3 8 2 0 5 5 6 1 
5 0 4 3 5 6 2 10 4 5 5 6 5 3 6 10 5 2 2 2 9 1 5 1 2 7 8 4 2 10 5 2 8 8 8 5 1 7 1 9 9 3 7 6 7 8 0 9 10 10 5 5 6 4 0 6 8 4 0 8 1 8 5 2 3 9 3 4 6 3 6 7 1 6 1 9 3 3 6 6 7 0 9 1 8 6 9 5 3 3 5 6 4 2 6 5 5 6 0 6 4 6 10 7 1 3 0 0 4 7 5 5 4 5 7 1 0 5 7 4 8 7 5 7 8 3 9 4 6 7 3 2 7 5 3 5 1 9 0 1 4 4 4 8 6 0 6 5 3 5 8 1 5 10 7 6 10 5 4 4 4 3 7 3 4 7 5 5 6 5 4 6 1 7 6 5 1 4 6 6 1 6 2 3 6 1 9 7 5 4 8 7 3 6 5 6 10 0 0 6 
74 38 26 21 36 42 20 63 56 35 35 65 67 50 24 34 41 18 74 31 15 43 47 17 34 35 50 16 60 42 65 30 69 74 11 25 27 62 36 55 71 44 43 29 24 62 66 25 43 64 28 56 44 33 41 18 43 17 49 14 44 63 52 49 54 56 26 54 60 53 65 70 75 31 29 66 62 65 54 70 49 59 44 19 60 27 63 67 47 72 48 18 26 31 14 49 42 16 43 38 45 63 26 36 25 63 39 75 33 15 70 75 72 23 53 67 62 21 74 49 33 24 47 34 70 37 13 29 29 73 43 63 43 20 16 44 31 16 75 74 33 46 72 16 67 31 71 45 18 68 52 22 60 51 39 58 24 32 54 61 50 54 16 63 56 55 20 43 62 41 39 17 58 58 45 46 21 58 20 14 55 37 50 42 20 29 69 52 64 41 74 63 55 24 19 52 16 34 61 32 
